"","x","y","Crop.productivity","Forest.productivity","Grassland.productivity","Financial.capital","Human.capital","Social.capital","Manufactured.capital","Urban.capital"
"1",160,73,1.13630364,0,0.75187408,1.29210262,0.87386829,1.1211351,1.06520533,0.05819512
"2",161,74,0.62938029,0,0.05510935,1.28812848,0.87118052,1.11768681,1.06192906,0.08820491
"3",162,74,0.64431245,0,0.76113168,1.28812848,0.87118052,1.11768681,1.06192906,0.06424524
"4",160,75,1.11789645,0,0.05493886,1.28380167,0.86853176,1.11422898,1.05864373,0.17984719
"5",161,75,0.63937546,0,0.05493886,1.28414334,0.86848531,1.11422898,1.05864373,0.18310538
"6",162,75,0.63965456,0,0.76335635,1.28414334,0.86848531,1.11422898,1.05864373,0.09698104
"7",161,76,0,0.28180731,0,1.28014668,0.86578231,1.11076114,1.05534889,0.10501046
"8",162,76,0.61638921,0.27443977,0.76104559,1.28014668,0.86578231,1.11076114,1.05534889,0.07101936
"9",162,77,0.59476167,0,0,1.27613903,0.86307187,1.10728377,1.05204499,0.18762445
"10",163,77,0.50401631,0,0.73331486,1.27613903,0.86307187,1.10728377,1.05204499,0.11979629
"11",162,78,0.54185957,0,0.73518799,1.27212039,0.86035401,1.10379686,1.04873204,0.22041599
"12",163,78,0.51424346,0,0.73526988,1.24616211,0.86015846,1.10119896,1.03937975,0.22996002
"13",164,78,0.55518249,0,0.72546367,1.27212039,0.86035401,1.10379686,1.04873204,0.02546868
"14",165,78,0.55682683,0,0.73394573,1.27212039,0.86035401,1.10379686,1.04873204,0.07171344
"15",163,79,0.51227878,0,0.05947472,1.2693533,0.8578118,1.10029995,1.04540958,0.19800065
"16",164,79,0.56346874,0,0.05205379,1.26809021,0.85762834,1.10029995,1.04540958,0.08049692
"17",165,79,0.56232343,0,0.05166539,1.26809021,0.85762834,1.10029995,1.04540958,0.13392685
"18",166,79,0.82732348,0.02296035,0.71078089,1.26809021,0.85762834,1.10029995,1.04540958,0.07759089
"19",159,77,0.03046385,0.29584434,0.05214827,1.27741013,0.8632565,1.10728377,1.05204499,0.07615126
"20",160,77,0.02973845,0.28749926,0,1.27741013,0.8632565,1.10728377,1.05204499,0.11342101
"21",161,77,0.02321069,0.28818645,0,1.27741013,0.8632565,1.10728377,1.05204499,0.07724715
"22",153,78,0.01213419,0,0.08505341,1.27338749,0.86053805,1.10379686,1.04873204,0.0137577
"23",154,78,0,0.42009107,0.0564056,1.27338749,0.86053805,1.10379686,1.04873204,0
"24",157,78,0,0.42009107,0.05640575,1.27338749,0.86053805,1.10379686,1.04873204,0.01851887
"25",158,78,0,0.42670165,0.05640737,1.27338749,0.86053805,1.10379686,1.04873204,0.06027513
"26",159,78,0,0.43172632,0.05640776,1.27338749,0.86053805,1.10379686,1.04873204,0.18544021
"27",160,78,0.69141386,0,0.88196113,1.27338749,0.86053805,1.10379686,1.04873204,0.35125747
"28",161,78,0.68256897,0,0.88196113,1.27338749,0.86053805,1.10379686,1.04873204,0.34408218
"29",152,79,0.026769,0.30559538,0.08172978,1.2693533,0.8578118,1.10029995,1.04540958,0.10039776
"30",153,79,0,0.40516649,0.05622905,1.2693533,0.8578118,1.10029995,1.04540958,0.02674651
"31",154,79,0,0.41377047,0.05622906,1.2693533,0.8578118,1.10029995,1.04540958,0.06382674
"32",155,79,0,0.41282019,0.05622905,1.2693533,0.8578118,1.10029995,1.04540958,0.00492375
"33",156,79,0,0.41876019,0.05622905,1.2693533,0.8578118,1.10029995,1.04540958,0.03973332
"34",157,79,0,0.40431313,0.05622905,1.2693533,0.8578118,1.10029995,1.04540958,0.06677484
"35",158,79,0,0.41876019,0.05622905,1.2693533,0.8578118,1.10029995,1.04540958,0.03191712
"36",159,79,0.02894223,0.35090014,0.06284342,1.2693533,0.8578118,1.10029995,1.04540958,0.06494133
"37",160,79,0,0,0,1.2693533,0.8578118,1.10029995,1.04540958,0.28270508
"38",161,79,0.58954431,0,0.05656656,1.2693533,0.8578118,1.10029995,1.04540958,0.56772001
"39",162,79,0.52261482,0,0.05431444,1.2693533,0.8578118,1.10029995,1.04540958,0.27740408
"40",151,80,0.02355898,0.30433972,0.07966112,1.26530867,0.85507849,1.09679398,1.04207851,0.09762357
"41",152,80,0,0.25650793,0,1.26530867,0.85507849,1.09679398,1.04207851,0.1832914
"42",153,80,0,0.27924238,0,1.26530867,0.85507849,1.09679398,1.04207851,0.1312695
"43",154,80,0.57132852,0,0.06231971,1.26530867,0.85507849,1.09679398,1.04207851,0.14292198
"44",155,80,0.58425127,0,0.06283059,1.26530867,0.85507849,1.09679398,1.04207851,0.04185766
"45",156,80,0.69635597,0,0.87957614,1.26530867,0.85507849,1.09679398,1.04207851,0.09755232
"46",157,80,0.67727459,0,0.87636566,1.26530867,0.85507849,1.09679398,1.04207851,0.20459315
"47",158,80,0.68633751,0,0.87636566,1.26530867,0.85507849,1.09679398,1.04207851,0.12795253
"48",159,80,0.03105107,0.30292894,0.05480759,1.26530867,0.85507849,1.09679398,1.04207851,0.10918815
"49",160,80,0.7036371,0,0.87986564,1.26530867,0.85507849,1.09679398,1.04207851,0.14820312
"50",161,80,0.58741679,0,0.05928521,1.26530867,0.85507849,1.09679398,1.04207851,0.56217265
"51",162,80,0.56016687,0,0.05928521,1.26530867,0.85507849,1.09679398,1.04207851,0.4760267
"52",163,80,0.56575935,0,0.05928522,1.26530867,0.85507849,1.09679398,1.04207851,0.28875366
"53",164,80,0.52035236,0,0.05676024,1.26530867,0.85507849,1.09679398,1.04207851,0.19752873
"54",165,80,0.5201351,0,0.05310433,1.26530867,0.85507849,1.09679398,1.04207851,0.17835494
"55",154,81,0.0229171,0.28580412,0.04552028,1.26125249,0.85233738,1.09327801,1.03873793,0.08947796
"56",155,81,0.57824108,0,0.06206481,1.26125249,0.85233738,1.09327801,1.03873793,0.16091273
"57",156,81,0.57864324,0,0,1.26125249,0.85233738,1.09327801,1.03873793,0.13283492
"58",157,81,0.57540312,0,0,1.26125249,0.85233738,1.09327801,1.03873793,0.23588996
"59",158,81,0.47609422,0,0.05620555,1.26125249,0.85233738,1.09327801,1.03873793,0.25704929
"60",159,81,0.48948877,0,0.05805168,1.26125249,0.85233738,1.09327801,1.03873793,0.34179035
"61",160,81,0.22593538,0,0.0572501,1.26125249,0.85233738,1.09327801,1.03873793,0.40870629
"62",161,81,0.51842271,0,0.05804534,1.26125249,0.85233738,1.09327801,1.03873793,0.53050149
"63",163,81,0.55784552,0,0.05909516,1.26125249,0.85233738,1.09327801,1.03873793,0.35757109
"64",164,81,0.52485904,0,0.05909516,1.26125249,0.85233738,1.09327801,1.03873793,0.20430992
"65",165,81,0.73316069,0,0.78449607,1.26125249,0.85233738,1.09327801,1.03873793,0.14993038
"66",154,82,0.0228432,0.28904506,0,1.25718531,0.84958883,1.0897525,1.0353883,0.03227802
"67",155,82,0,0.28366836,0.04537349,1.25718531,0.84958883,1.0897525,1.0353883,0.08231104
"68",156,82,0.27254443,0.39955959,0.05482137,1.25718531,0.84958883,1.0897525,1.0353883,0.08223098
"69",157,82,0.56277463,0,0.0615158,1.25718531,0.84958883,1.0897525,1.0353883,0.24926383
"70",158,82,0.50396302,0,0,1.25718531,0.84958883,1.0897525,1.0353883,0.25671337
"71",159,82,0.51254493,0,0.05639584,1.25718531,0.84958883,1.0897525,1.0353883,0.22744477
"72",160,82,0.51450225,0,0.05639584,1.25718531,0.84958883,1.0897525,1.0353883,0.20705061
"73",161,82,0.50808273,0,0.0589046,1.25718531,0.84958883,1.0897525,1.0353883,0.32093667
"74",162,82,0.49844165,0,0.0551063,1.25718531,0.84958883,1.0897525,1.0353883,0.34504011
"75",163,82,0.51930006,0,0.05510629,1.25718531,0.84958883,1.0897525,1.0353883,0.25598951
"76",164,82,0.56635817,0,0.0589046,1.25718531,0.84958883,1.0897525,1.0353883,0.24559833
"77",152,83,0.06344796,0.29990727,0.04522632,1.25310768,0.84683323,1.08621794,1.03203007,0.03277804
"78",153,83,0.06292747,0.29213366,0.04522632,1.25310768,0.84683323,1.08621794,1.03203007,0.04171772
"79",154,83,0.02276911,0.3093716,0.04522632,1.25310768,0.84683323,1.08621794,1.03203007,0.10507352
"80",155,83,0.52718077,0.39826363,0.05464356,1.25310768,0.84683323,1.08621794,1.03203007,0.12219588
"81",156,83,0.52791059,0.3982637,0.05464356,1.25310768,0.84683323,1.08621794,1.03203007,0.10298943
"82",157,83,0.56518836,0,0.06166401,1.25310768,0.84683323,1.08621794,1.03203007,0.07799112
"83",158,83,0.21373577,0,0.05037167,1.25310768,0.84683323,1.08621794,1.03203007,0.15236839
"84",159,83,0.22083043,0,0.05186088,1.25310768,0.84683323,1.08621794,1.03203007,0.20710526
"85",160,83,0.22002306,0,0,1.25310768,0.84683323,1.08621794,1.03203007,0.25939972
"86",161,83,0.22057756,0,0,1.25310768,0.84683323,1.08621794,1.03203007,0.18640275
"87",162,83,0.22025192,0,0,1.25310768,0.84683323,1.08621794,1.03203007,0.27089193
"88",163,83,0.51541403,0,0,1.25310768,0.84683323,1.08621794,1.03203007,0.24947166
"89",164,83,0.51472175,0,0.05492756,1.25310768,0.84683323,1.08621794,1.03203007,0.22784963
"90",165,83,0.7485017,0,0.77942443,1.25310768,0.84683323,1.08621794,1.03203007,0.1352831
"91",153,84,0.29059473,0.39696408,0.05446525,1.24901851,0.84406982,1.08267336,1.02866232,0.12986511
"92",154,84,0.2983844,0.39696401,0.05446525,1.24901851,0.84406982,1.08267336,1.02866232,0.17228372
"93",155,84,0.51996693,0,0.04959235,1.24901851,0.84406982,1.08267336,1.02866232,0.13942746
"94",156,84,0.51964269,0,0.05446525,1.24901851,0.84406982,1.08267336,1.02866232,0.10108423
"95",157,84,0.21165897,0,0,1.24901851,0.84406982,1.08267336,1.02866232,0.08893284
"96",158,84,0.21247943,0,0.0502073,1.24901851,0.84406982,1.08267336,1.02866232,0.12109922
"97",159,84,0.21974969,0,0.05169164,1.24901851,0.84406982,1.08267336,1.02866232,0.16386084
"98",160,84,0.30010965,0,0.05250701,1.24901851,0.84406982,1.08267336,1.02866232,0.14946961
"99",162,84,0.29620801,0,0.05169164,1.24901851,0.84406982,1.08267336,1.02866232,0.1566764
"100",163,84,0.52214373,0,0.77433343,1.24901851,0.84406982,1.08267336,1.02866232,0.17943978
"101",154,85,0.30079959,0.39566096,0,1.24491834,0.84129899,1.07911926,1.02528552,0.09450915
"102",155,85,0.5268251,0.39566096,0.05428645,1.24491834,0.84129899,1.07911926,1.02528552,0.05655682
"103",156,85,0.21608534,0,0.05073465,1.24491834,0.84129899,1.07911926,1.02528552,0.09305032
"104",162,81,0.52211975,0,0.05657255,1.26114933,0.85287285,1.09327801,1.03873793,0.75931422
"105",143,71,0,0,0,1.29944036,0.87936186,1.12800215,1.0717298,0.04390259
"106",144,71,0,0,0.0541538,1.29944036,0.87936186,1.12800215,1.0717298,0.07706591
"107",145,71,0,0.35689182,0.06260416,1.29944036,0.87936186,1.12800215,1.0717298,0.12854211
"108",146,71,0,0.3449506,0.06459973,1.29944036,0.87936186,1.12800215,1.0717298,0.16859409
"109",147,71,0,0.68667006,0.06123858,1.29944036,0.87936186,1.12800215,1.0717298,0.28257644
"110",148,71,0,0.66692211,0.0614809,1.29944036,0.87936186,1.12800215,1.0717298,0.25291458
"111",149,71,0,0.68015121,0.06123858,1.29944036,0.87936186,1.12800215,1.0717298,0.33867116
"112",150,71,0,0.64171169,0.06148651,1.29944036,0.87936186,1.12800215,1.0717298,0.16352813
"113",151,71,0,0.66498276,0.06155658,1.29944036,0.87936186,1.12800215,1.0717298,0.13230759
"114",152,71,0,0.59240344,0.06459973,1.29944036,0.87936186,1.12800215,1.0717298,0.10049511
"115",141,72,0,0,0.08160786,1.29549049,0.87668889,1.12457339,1.06847209,0.04156756
"116",142,72,0,0,0.05398919,1.29549049,0.87668889,1.12457339,1.06847209,0.04995371
"117",143,72,0,0,0.05398919,1.29549049,0.87668889,1.12457339,1.06847209,0.06941334
"118",144,72,0,0,0.05398919,1.29549049,0.87668889,1.12457339,1.06847209,0.09959732
"119",145,72,0,0.64502373,0.06440336,1.29549049,0.87668889,1.12457339,1.06847209,0.13755007
"120",146,72,0,0,0,1.29549049,0.87668889,1.12457339,1.06847209,0.14679932
"121",147,72,0,0,0,1.29549049,0.87668889,1.12457339,1.06847209,0.05021497
"122",148,72,0,0.76417143,0,1.29549049,0.87668889,1.12457339,1.06847209,0.12178031
"123",149,72,0,0.7678085,0,1.29549049,0.87668889,1.12457339,1.06847209,0.05595692
"124",150,72,0,0.74939013,0,1.29549049,0.87668889,1.12457339,1.06847209,0.14093305
"125",151,72,0,0.72446529,0,1.29549049,0.87668889,1.12457339,1.06847209,0.05181939
"126",152,72,0,0.7500199,0,1.29549049,0.87668889,1.12457339,1.06847209,0.07919135
"127",153,72,0,0.70505568,0,1.29549049,0.87668889,1.12457339,1.06847209,0.09239612
"128",141,73,0,0,0.08131176,1.29152964,0.87400849,1.1211351,1.06520533,0.05719696
"129",142,73,0,0,0,1.29152964,0.87400849,1.1211351,1.06520533,0.03546118
"130",143,73,0,0,0,1.29152964,0.87400849,1.1211351,1.06520533,0.05420652
"131",144,73,0,0,0,1.29152964,0.87400849,1.1211351,1.06520533,0.05227474
"132",145,73,0,0,0,1.29152964,0.87400849,1.1211351,1.06520533,0.04298908
"133",146,73,0,0,0.06153343,1.29152964,0.87400849,1.1211351,1.06520533,0.00664888
"134",147,73,0,0,0.0535204,1.29152964,0.87400849,1.1211351,1.06520533,0
"135",148,73,0,0,0,1.29152964,0.87400849,1.1211351,1.06520533,0.00863574
"136",149,73,0,0.76661184,0,1.29152964,0.87400849,1.1211351,1.06520533,0.0475842
"137",150,73,0,0.74862912,0.06457342,1.29152964,0.87400849,1.1211351,1.06520533,0.05199704
"138",151,73,0,0,0,1.29152964,0.87400849,1.1211351,1.06520533,0.03006827
"139",152,73,0,0,0,1.29152964,0.87400849,1.1211351,1.06520533,0.06748074
"140",153,73,0,0,0.0535204,1.29152964,0.87400849,1.1211351,1.06520533,0.04525513
"141",140,74,0,0,0,1.28755726,0.87132029,1.11768681,1.06192906,0.00694213
"142",154,72,0.08243731,0.28689042,0,1.29572039,0.87659514,1.12457339,1.06847209,0
"143",155,72,0.04842621,0.30646821,0.0829082,1.29572039,0.87659514,1.12457339,1.06847209,0.18814538
"144",156,72,0.04821598,0.31186287,0.08275588,1.29572039,0.87659514,1.12457339,1.06847209,0.10353764
"145",157,72,0.04737711,0.2920957,0.08215817,1.29572039,0.87659514,1.12457339,1.06847209,0.2783756
"146",158,72,0.048034,0.28190424,0.08309068,1.29572039,0.87659514,1.12457339,1.06847209,0.15417961
"147",159,72,0.0486014,0.28672594,0.0821125,1.29572039,0.87659514,1.12457339,1.06847209,0.14186962
"148",154,73,0.05285816,0.28447655,0,1.29175883,0.87391502,1.1211351,1.06520533,0
"149",155,73,0.0482498,0.30158761,0.08268671,1.29175883,0.87391502,1.1211351,1.06520533,0.14889407
"150",156,73,0.04792939,0.31090938,0.08228616,1.29175883,0.87391502,1.1211351,1.06520533,0.36847586
"151",157,73,0.04860526,0.31090938,0.0814303,1.29175883,0.87391502,1.1211351,1.06520533,0.13117914
"152",158,73,0.04884999,0.31090938,0.08225071,1.29175883,0.87391502,1.1211351,1.06520533,0.09422939
"153",159,73,0.04969982,0.31090938,0.08252589,1.29175883,0.87391502,1.1211351,1.06520533,0.14374
"154",147,74,0,0,0.08101899,1.28778574,0.87122711,1.11768681,1.06192906,0.03236642
"155",148,74,0,0,0.05333682,1.28778574,0.87122711,1.11768681,1.06192906,0.04930364
"156",149,74,0,0,0.05320716,1.28778574,0.87122711,1.11768681,1.06192906,0.01784103
"157",150,74,0,0,0.05308929,1.28778574,0.87122711,1.11768681,1.06192906,0.06344419
"158",151,74,0,0,0.05335578,1.28778574,0.87122711,1.11768681,1.06192906,0.02482933
"159",152,74,0,0,0.05317953,1.28778574,0.87122711,1.11768681,1.06192906,0.06234612
"160",153,74,0,0,0.05332002,1.28778574,0.87122711,1.11768681,1.06192906,0
"161",154,74,0,0.22890088,0.0623079,1.28778574,0.87122711,1.11768681,1.06192906,0.16478756
"162",155,74,0,0.51670231,0.05240577,1.28778574,0.87122711,1.11768681,1.06192906,0.15462565
"163",156,74,0.04788571,0.3103962,0.0833621,1.28778574,0.87122711,1.11768681,1.06192906,0.52114593
"164",157,74,0.04968506,0.30575395,0.08250093,1.28778574,0.87122711,1.11768681,1.06192906,0.19219331
"165",158,74,0.04983506,0.30995311,0.08191972,1.28778574,0.87122711,1.11768681,1.06192906,0.1738296
"166",159,74,1.01871132,0,0.05934505,1.28778574,0.87122711,1.11768681,1.06192906,0.09702361
"167",160,74,1.12892625,0,0.05934505,1.28778574,0.87122711,1.11768681,1.06192906,0.20401047
"168",147,75,0,0,0.08081089,1.28380167,0.86853176,1.11422898,1.05864373,0.00022891
"169",148,75,0,0,0.05301992,1.28380167,0.86853176,1.11422898,1.05864373,0.04216637
"170",149,75,0,0,0.05315254,1.28380167,0.86853176,1.11422898,1.05864373,0.02919696
"171",150,75,0,0,0.05300243,1.28380167,0.86853176,1.11422898,1.05864373,0.05469562
"172",151,75,0,0,0.05280701,1.28380167,0.86853176,1.11422898,1.05864373,0.05900392
"173",152,75,0,0,0.05244609,1.28380167,0.86853176,1.11422898,1.05864373,0.22409711
"174",153,75,0,0.23198032,0.0634458,1.28380167,0.86853176,1.11422898,1.05864373,0.11141985
"175",154,75,0,0,0.05319465,1.28380167,0.86853176,1.11422898,1.05864373,0.00572595
"176",155,75,0.01179618,0.2347566,0.08584941,1.28380167,0.86853176,1.11422898,1.05864373,0.07449079
"177",156,75,0.01179618,0.22819272,0.08584941,1.28380167,0.86853176,1.11422898,1.05864373,0.10309262
"178",157,75,0,0.50692443,0.05311044,1.28380167,0.86853176,1.11422898,1.05864373,0.10679552
"179",158,75,0.04946969,0.30278168,0.0822612,1.28380167,0.86853176,1.11422898,1.05864373,0.10119637
"180",159,75,0.03011948,0.3010428,0.04664304,1.28380167,0.86853176,1.11422898,1.05864373,0.09119079
"181",146,76,0,0,0.05252727,1.27980607,0.86582861,1.11076114,1.05534889,0.05556013
"182",147,76,0,0,0.05256025,1.27980607,0.86582861,1.11076114,1.05534889,0.05088874
"183",148,76,0,0,0.05298649,1.27980607,0.86582861,1.11076114,1.05534889,0.01970466
"184",149,76,0,0,0.05302517,1.27980607,0.86582861,1.11076114,1.05534889,0
"185",150,76,0,0,0.05302517,1.27980607,0.86582861,1.11076114,1.05534889,0.01728738
"186",151,76,0,0,0.05278458,1.27980607,0.86582861,1.11076114,1.05534889,0.02045384
"187",152,76,0,0,0.05283088,1.27980607,0.86582861,1.11076114,1.05534889,0.03274218
"188",153,76,0,0,0.05304944,1.27980607,0.86582861,1.11076114,1.05534889,0.13188667
"189",154,76,0,0.2274825,0.06339596,1.27980607,0.86582861,1.11076114,1.05534889,0.18848458
"190",155,76,0,0.22937783,0.06346262,1.27980607,0.86582861,1.11076114,1.05534889,0.17042207
"191",156,76,0.01175947,0.22748251,0.08558222,1.27980607,0.86582861,1.11076114,1.05534889,0.12950752
"192",157,76,0,0.67139797,0.05325354,1.27980607,0.86582861,1.11076114,1.05534889,0.0138286
"193",158,76,0,0.76649884,0.05189129,1.27980607,0.86582861,1.11076114,1.05534889,0.05937139
"194",159,76,0.0394902,0.29092745,0.08189365,1.27980607,0.86582861,1.11076114,1.05534889,0.04850873
"195",160,76,0.03010509,0.30952574,0.05231204,1.27980607,0.86582861,1.11076114,1.05534889,0.17217958
"196",146,77,0,0,0.05261861,1.27579948,0.86311803,1.10728377,1.05204499,0.0947456
"197",147,77,0,0,0.05323251,1.27579948,0.86311803,1.10728377,1.05204499,0.05098622
"198",148,77,0,0,0.0529664,1.27579948,0.86311803,1.10728377,1.05204499,0.08472256
"199",149,77,0,0,0.05230573,1.27579948,0.86311803,1.10728377,1.05204499,0.10390372
"200",150,77,0,0,0.05230795,1.27579948,0.86311803,1.10728377,1.05204499,0.09655766
"201",151,77,0,0,0.0532874,1.27579948,0.86311803,1.10728377,1.05204499,0.00119057
"202",152,77,0,0,0.05372931,1.27579948,0.86311803,1.10728377,1.05204499,0.02648777
"203",153,77,0,0,0.05360514,1.27579948,0.86311803,1.10728377,1.05204499,0.0805824
"204",154,77,0,0,0.05373793,1.27579948,0.86311803,1.10728377,1.05204499,0.0126327
"205",155,77,0,0,0.05311356,1.27579948,0.86311803,1.10728377,1.05204499,0.05594646
"206",156,77,0,0.7345405,0.05263939,1.27579948,0.86311803,1.10728377,1.05204499,0.06432508
"207",157,77,0,0.71405063,0.05253871,1.27579948,0.86311803,1.10728377,1.05204499,0.13712734
"208",158,77,0,0.75667566,0.05172884,1.27579948,0.86311803,1.10728377,1.05204499,0.10120652
"209",152,78,0.01200078,0.19051389,0.085051,1.27338749,0.86053805,1.10379686,1.04873204,0.01673475
"210",155,78,0,0.43525453,0.05383743,1.27178191,0.86040002,1.10379686,1.04873204,0.04466814
"211",156,78,0,0.43000289,0.0564043,1.27178191,0.86040002,1.10379686,1.04873204,0.00676351
"212",145,77,0,0,0.05360997,1.2766701,0.86324496,1.10728377,1.05204499,0.08316309
"213",145,78,0.01318626,0.26414746,0.08645558,1.27264979,0.86052655,1.10379686,1.04873204,0.10994597
"214",146,78,0,0,0.05363013,1.27264979,0.86052655,1.10379686,1.04873204,0.04677004
"215",147,78,0,0,0.05403994,1.27264979,0.86052655,1.10379686,1.04873204,0
"216",148,78,0,0,0.05300555,1.27264979,0.86052655,1.10379686,1.04873204,0.01832584
"217",149,78,0,0,0.05300555,1.27264979,0.86052655,1.10379686,1.04873204,0.01072096
"218",150,78,0,0,0.05300555,1.27264979,0.86052655,1.10379686,1.04873204,0.00651961
"219",151,78,0.01168574,0.19051389,0.08504564,1.27264979,0.86052655,1.10379686,1.04873204,0.05368461
"220",144,79,0.09626753,0.10952544,1.00817221,1.26861794,0.85780033,1.10029995,1.04540958,0.0870648
"221",145,79,0,0.10952545,0.05888286,1.26861794,0.85780033,1.10029995,1.04540958,0.13030626
"222",146,79,0.01008303,0.10952544,0.08346844,1.26861794,0.85780033,1.10029995,1.04540958,0.18463753
"223",147,79,0.01008303,0.10952545,0.08346844,1.26861794,0.85780033,1.10029995,1.04540958,0.10306841
"224",148,79,0.01008303,0.10952545,0.08346844,1.26861794,0.85780033,1.10029995,1.04540958,0.11534026
"225",149,79,0.03255733,0.30552595,0.07624786,1.26861794,0.85780033,1.10029995,1.04540958,0.08070774
"226",150,79,0.03254768,0.30558549,0.07725724,1.26861794,0.85780033,1.10029995,1.04540958,0.03675941
"227",151,79,0.0310142,0.30558286,0.0784645,1.26861794,0.85780033,1.10029995,1.04540958,0.03978847
"228",141,80,0.25292146,0.45396659,0.97028011,1.26457565,0.85506706,1.09679398,1.04207851,0.03893942
"229",142,80,0.2531509,0.45396659,0.96987299,1.26457565,0.85506706,1.09679398,1.04207851,0.1270659
"230",143,80,0.03204879,0.35250503,0.07469027,1.26457565,0.85506706,1.09679398,1.04207851,0.1026137
"231",144,80,0,0.40016711,0.06127943,1.26457565,0.85506706,1.09679398,1.04207851,0.10309894
"232",145,80,0,0.4139355,0.06104219,1.26457565,0.85506706,1.09679398,1.04207851,0.152397
"233",146,80,0.03245053,0.41081566,0.07472858,1.26457565,0.85506706,1.09679398,1.04207851,0.13721787
"234",147,80,0.03235305,0.37596447,0.07491025,1.26457565,0.85506706,1.09679398,1.04207851,0.16506986
"235",148,80,0.03210102,0.44353487,0.07442607,1.26457565,0.85506706,1.09679398,1.04207851,0.14907328
"236",149,80,0.03201743,0.40567817,0.07426816,1.26457565,0.85506706,1.09679398,1.04207851,0.18997373
"237",150,80,0.03050838,0.33895113,0.0752773,1.26457565,0.85506706,1.09679398,1.04207851,0.25912349
"238",142,81,0.05345069,0,0.07837629,1.26052182,0.85232599,1.09327801,1.03873793,0.14509761
"239",143,81,0.02986237,0.45251132,0.07617283,1.26052182,0.85232599,1.09327801,1.03873793,0.14145923
"240",144,81,0.03125894,0.45251132,0.07391183,1.26052182,0.85232599,1.09327801,1.03873793,0.18523959
"241",145,81,0.03226751,0.45251132,0.07414004,1.26052182,0.85232599,1.09327801,1.03873793,0.07069993
"242",146,81,0.03208577,0.45251132,0.07406658,1.26052182,0.85232599,1.09327801,1.03873793,0.11415181
"243",147,81,0.08809663,0.4268292,0.07403221,1.26052182,0.85232599,1.09327801,1.03873793,0.14123544
"244",148,81,0.03177044,0.36679363,0.07441666,1.26052182,0.85232599,1.09327801,1.03873793,0.2351221
"245",149,81,0.07209525,0.44879729,0,1.26052182,0.85232599,1.09327801,1.03873793,0.53568354
"246",150,81,0.07205997,0.42412126,0,1.26052182,0.85232599,1.09327801,1.03873793,0.25937666
"247",151,81,1.42761413,0,0.05677909,1.26052182,0.85232599,1.09327801,1.03873793,0.19951726
"248",152,81,0.07084665,0.23784154,0.0439917,1.26052182,0.85232599,1.09327801,1.03873793,0.11815269
"249",153,81,0.06948521,0.29985386,0.04782386,1.26052182,0.85232599,1.09327801,1.03873793,0.05855417
"250",145,82,0.08792055,0.31235206,0.07394612,1.256457,0.84957748,1.0897525,1.0353883,0.10463165
"251",146,82,0.08781864,0.26658593,0.07416263,1.256457,0.84957748,1.0897525,1.0353883,0.05689849
"252",147,82,0.08721501,0.22806059,0.07444926,1.256457,0.84957748,1.0897525,1.0353883,0.0687438
"253",148,82,0.0870571,0.22809578,0.07436933,1.256457,0.84957748,1.0897525,1.0353883,0.11401992
"254",149,82,0.08811192,0.23328926,0.0746328,1.256457,0.84957748,1.0897525,1.0353883,0.1388232
"255",150,82,0.07099842,0.40608781,0,1.256457,0.84957748,1.0897525,1.0353883,0.11569303
"256",151,82,0.07143729,0.40608781,0.04384984,1.256457,0.84957748,1.0897525,1.0353883,0.07965162
"257",152,82,0.06902051,0.40608781,0.04766964,1.256457,0.84957748,1.0897525,1.0353883,0.0456999
"258",153,82,0.06856639,0.31527756,0,1.256457,0.84957748,1.0897525,1.0353883,0.04686945
"259",147,83,0.06714166,0,0,1.25238174,0.84682191,1.08621794,1.03203007,0.10030051
"260",148,83,0.33552603,0.25140716,0.04912517,1.25238174,0.84682191,1.08621794,1.03203007,0.04351311
"261",150,83,0.06949509,0.24933487,0.04751503,1.25238174,0.84682191,1.08621794,1.03203007,0.12929647
"262",151,83,0.07077073,0.25728373,0.04751503,1.25238174,0.84682191,1.08621794,1.03203007,0.05882145
"263",137,74,0,0,0,1.28901606,0.871495,1.11768681,1.06192906,0
"264",141,74,0,0,0,1.28901606,0.871495,1.11768681,1.06192906,0.00326108
"265",142,74,0,0,0,1.28901606,0.871495,1.11768681,1.06192906,0.03768822
"266",143,74,0,0,0,1.28755726,0.87132029,1.11768681,1.06192906,0.00301688
"267",144,74,0,0,0,1.28901606,0.871495,1.11768681,1.06192906,0.00319013
"268",145,74,0,0,0.0809474,1.28901606,0.871495,1.11768681,1.06192906,0.03261209
"269",146,74,0,0,0.08087481,1.28901606,0.871495,1.11768681,1.06192906,0.0645206
"270",137,75,0.02452872,0.72092781,0.07906427,1.28502819,0.86879882,1.11422898,1.05864373,0.03375987
"271",138,75,0.02440596,0.72092781,0.07902469,1.28502819,0.86879882,1.11422898,1.05864373,0.04686457
"272",139,75,0.02435669,0.72092781,0.07900543,1.28502819,0.86879882,1.11422898,1.05864373,0.02898888
"273",140,75,0.02421653,0.72092781,0.0789586,1.28502819,0.86879882,1.11422898,1.05864373,0.08334687
"274",141,75,0,0,0.08028167,1.28502819,0.86879882,1.11422898,1.05864373,0.04606467
"275",142,75,0,0,0.08081794,1.28502819,0.86879882,1.11422898,1.05864373,0.06550565
"276",143,75,0,0,0.08164742,1.28502819,0.86879882,1.11422898,1.05864373,0.04473209
"277",144,75,0,0,0.08412536,1.28502819,0.86879882,1.11422898,1.05864373,0
"278",145,75,0,0,0.08154406,1.28502819,0.86879882,1.11422898,1.05864373,0.01025064
"279",146,75,0,0,0.08033912,1.28502819,0.86879882,1.11422898,1.05864373,0.00458011
"280",140,76,0.02393497,0.71868405,0.07906893,1.28102877,0.86609484,1.11076114,1.05534889,0.07472415
"281",141,76,0,0,0.07990733,1.28102877,0.86609484,1.11076114,1.05534889,0.04375037
"282",142,76,0,0,0.08032772,1.28102877,0.86609484,1.11076114,1.05534889,0.01864693
"283",143,76,0,0,0.08111437,1.28102877,0.86609484,1.11076114,1.05534889,0.05767033
"284",144,76,0,0,0.08039268,1.28102877,0.86609484,1.11076114,1.05534889,0.06533177
"285",145,76,0,0,0.08036868,1.27980607,0.86582861,1.11076114,1.05534889,0.03442829
"286",140,77,0.02335754,0.71643405,0.0805406,1.27701835,0.86338343,1.10728377,1.05204499,0.02896316
"287",142,77,0,0,0.08052638,1.27701835,0.86338343,1.10728377,1.05204499,0.05115314
"288",143,77,0,0,0.07979057,1.27701835,0.86338343,1.10728377,1.05204499,0.0086615
"289",144,77,0,0,0.07969493,1.27701835,0.86338343,1.10728377,1.05204499,0.02427345
"290",142,78,0.01331129,0,1.06542647,1.27299695,0.86066458,1.10379686,1.04873204,0.25736143
"291",143,78,0.10670849,0.19051388,1.00112329,1.27299695,0.86066458,1.10379686,1.04873204,0.03839053
"292",144,78,0.10682393,0.45813286,1.00199773,1.27299695,0.86066458,1.10379686,1.04873204,0.05563953
"293",142,79,0.25133421,0,1.00214121,1.268964,0.85793793,1.10029995,1.04540958,0.14079308
"294",143,79,0.09626802,0,1.01210975,1.268964,0.85793793,1.10029995,1.04540958,0.11224644
"295",138,72,0.02430908,0.71313095,0.07962474,1.2961006,0.87672405,1.12457339,1.06847209,0.02981885
"296",139,72,0.02427113,0.72762084,0.08010947,1.2961006,0.87672405,1.12457339,1.06847209,0.00954097
"297",140,72,0.02425643,0.62393041,0.08019175,1.2961006,0.87672405,1.12457339,1.06847209,0.03442718
"298",125,73,0,0,0,1.30248683,0.87482633,1.12243929,1.06964354,0.0029417
"299",127,73,0,0,0,1.29213788,0.87404354,1.1211351,1.06520533,0.00590701
"300",128,73,0,0,0,1.29213788,0.87404354,1.1211351,1.06520533,0
"301",129,73,0,0,0,1.29213788,0.87404354,1.1211351,1.06520533,0.00126682
"302",130,73,0,0,0,1.29213788,0.87404354,1.1211351,1.06520533,0.00454986
"303",137,73,0,0,0,1.29213788,0.87404354,1.1211351,1.06520533,0.00243216
"304",138,73,0,0,0,1.29213788,0.87404354,1.1211351,1.06520533,0.00315228
"305",139,73,0.02469463,0.7253962,0.07977713,1.29213788,0.87404354,1.1211351,1.06520533,0.0103409
"306",140,73,0,0,0,1.29213788,0.87404354,1.1211351,1.06520533,0.03398676
"307",125,74,0,0,0,1.28816363,0.87135523,1.11768681,1.06192906,0.01676891
"308",126,74,0,0,0,1.28816363,0.87135523,1.11768681,1.06192906,0.00515961
"309",127,74,0.02459034,0.72316509,0.07930494,1.28816363,0.87135523,1.11768681,1.06192906,0.0449246
"310",128,74,0,0,0,1.28816363,0.87135523,1.11768681,1.06192906,0.00408385
"311",129,74,0,0,0,1.28816363,0.87135523,1.11768681,1.06192906,0.02289227
"312",130,74,0,0,0,1.28816363,0.87135523,1.11768681,1.06192906,0
"313",131,74,0,0,0,1.28816363,0.87135523,1.11768681,1.06192906,0.02061198
"314",132,74,0.02436416,0.72316509,0.07927979,1.28816363,0.87135523,1.11768681,1.06192906,0.03638133
"315",133,74,0,0,0,1.28816363,0.87135523,1.11768681,1.06192906,0.00118879
"316",134,74,0,0,0,1.28816363,0.87135523,1.11768681,1.06192906,0.01055116
"317",135,74,0,0,0,1.28816363,0.87135523,1.11768681,1.06192906,0.00770964
"318",136,74,0,0,0,1.28816363,0.87135523,1.11768681,1.06192906,0.00564772
"319",138,74,0,0,0,1.28816363,0.87135523,1.11768681,1.06192906,0.01105854
"320",139,74,0,0,0,1.28816363,0.87135523,1.11768681,1.06192906,0.00622732
"321",125,75,0,0,0,1.28417839,0.86865948,1.11422898,1.05864373,0.00029935
"322",126,75,0,0,0,1.28417839,0.86865948,1.11422898,1.05864373,0.0187827
"323",127,75,0,0,0,1.28417839,0.86865948,1.11422898,1.05864373,0.00910861
"324",128,75,0.02408872,0.72092781,0.08017554,1.28417839,0.86865948,1.11422898,1.05864373,0.06432412
"325",129,75,0.02427487,0.72092781,0.07954402,1.28417839,0.86865948,1.11422898,1.05864373,0.06452997
"326",130,75,0.02423955,0.72092781,0.07990793,1.28417839,0.86865948,1.11422898,1.05864373,0.05813113
"327",131,75,0.02412192,0.72092781,0.07947416,1.28417839,0.86865948,1.11422898,1.05864373,0.1053715
"328",132,75,0.0239942,0.72092781,0.07930048,1.28417839,0.86865948,1.11422898,1.05864373,0.18244415
"329",133,75,0.02434419,0.72092781,0.07952442,1.28417839,0.86865948,1.11422898,1.05864373,0.07099917
"330",134,75,0.02455773,0.72092781,0.07973471,1.28417839,0.86865948,1.11422898,1.05864373,0.01432252
"331",135,75,0.02448732,0.72092773,0.0785404,1.28417839,0.86865948,1.11422898,1.05864373,0.05358808
"332",136,75,0,0,0,1.28417839,0.86865948,1.11422898,1.05864373,0.01215877
"333",127,76,0.02390743,0,0.08158091,1.28018161,0.86595594,1.11076114,1.05534889,0.01473261
"334",128,76,0.02399823,0,0.08197098,1.28018161,0.86595594,1.11076114,1.05534889,0.04289877
"335",129,76,0.02357829,0,0.08175648,1.28018161,0.86595594,1.11076114,1.05534889,0.02352587
"336",131,76,0.02395464,0.53867514,0.0801146,1.28205059,0.86687038,1.11068601,1.05378861,0.02807567
"337",132,76,0,0,0.0637258,1.28018161,0.86595594,1.11076114,1.05534889,0
"338",133,76,0.02455661,0,0.07997276,1.28018161,0.86595594,1.11076114,1.05534889,0.00162373
"339",134,76,0.02403334,0.71868405,0.08036842,1.28018161,0.86595594,1.11076114,1.05534889,0.09807201
"340",135,76,0.02430184,0.71868405,0.079131,1.28018161,0.86595594,1.11076114,1.05534889,0.07304479
"341",136,76,0.02439121,0.71868405,0.07904296,1.28018161,0.86595594,1.11076114,1.05534889,0.04916106
"342",137,76,0.02432121,0.71868397,0.07884779,1.28018161,0.86595594,1.11076114,1.05534889,0.0392817
"343",138,76,0.02421949,0.71868405,0.07878986,1.28018161,0.86595594,1.11076114,1.05534889,0.05574377
"344",139,76,0.02437032,0.71868405,0.07899035,1.28018161,0.86595594,1.11076114,1.05534889,0.05442071
"345",134,77,0.02359297,0.31221165,0.07961515,1.27617385,0.86324496,1.10728377,1.05204499,0.01341086
"346",135,77,0.02366562,0.31221166,0.0805703,1.27617385,0.86324496,1.10728377,1.05204499,0
"347",136,77,0.02367048,0.39443546,0.07956415,1.27617385,0.86324496,1.10728377,1.05204499,0.07560663
"348",137,77,0.0238967,0.71643412,0.07960231,1.27617385,0.86324496,1.10728377,1.05204499,0.08687434
"349",138,77,0.02352596,0.71643412,0.07945836,1.27617385,0.86324496,1.10728377,1.05204499,0.06360213
"350",139,77,0.02333694,0,0.08141899,1.27617385,0.86324496,1.10728377,1.05204499,0.01963562
"351",124,73,0,0,0,1.29288717,0.87393839,1.1211351,1.06520533,0.0239609
"352",122,74,0.02398684,0.4253774,0.08514437,1.28891061,0.8712504,1.11768681,1.06192906,0.06485457
"353",123,74,0.02432646,0.72316509,0.08016067,1.28891061,0.8712504,1.11768681,1.06192906,0.13511749
"354",124,74,0,0,0,1.28891061,0.8712504,1.11768681,1.06192906,0.00715362
"355",121,75,0.25049917,0.3095059,1.02879341,1.28492306,0.86855498,1.11422898,1.05864373,0.48682449
"356",122,75,0.10782319,0,1.02626689,1.28492306,0.86855498,1.11422898,1.05864373,0.15179032
"357",123,75,0.02387317,0,0.08015285,1.28492306,0.86855498,1.11422898,1.05864373,0.01698577
"358",124,75,0.02368706,0,0.08130237,1.28492306,0.86855498,1.11422898,1.05864373,0.03904006
"359",122,76,0.2496156,0,0.99892428,1.26511886,0.85516816,1.09705565,1.04232712,0.33572009
"360",123,76,0.0240931,0.71868405,0.07839354,1.28092396,0.86585176,1.11076114,1.05534889,0.13278246
"361",124,76,0.02424645,0.81843092,0.0809192,1.28092396,0.86585176,1.11076114,1.05534889,0.01054516
"362",89,98,0.91634537,0,1.00556524,1.18544669,0.80550046,1.03408018,0.97918628,0.60196171
"363",90,98,0.92123635,0,1.03022915,1.18544669,0.80550046,1.03408018,0.97918628,0.70918806
"364",91,98,0.89540296,0,0.99585248,1.18544669,0.80550046,1.03408018,0.97918628,0.68282609
"365",92,98,0.82760777,0,0.98713721,1.18544669,0.80550046,1.03408018,0.97918628,0.73781353
"366",93,98,0.89937676,0,0.97235209,1.18544669,0.80550046,1.03408018,0.97918628,0.6999075
"367",94,98,0.94486785,0,0.9895477,1.18401037,0.80524234,1.03408018,0.97918628,0.66157845
"368",90,99,0.67795162,0,1.00868546,1.18121605,0.80262578,1.03038974,0.97569174,0.72683305
"369",91,99,0.88351821,0,0.98626423,1.18121605,0.80262578,1.03038974,0.97569174,0.62172317
"370",92,99,0.89155239,0,0.988457,1.18121605,0.80262578,1.03038974,0.97569174,0.6036737
"371",93,99,0.89033371,0,0.98025583,1.18121605,0.80262578,1.03038974,0.97569174,0.64055682
"372",94,99,0.88412713,0,0.97790221,1.18121605,0.80262578,1.03038974,0.97569174,0.55786981
"373",95,99,0.91081107,0,0.98836703,1.17978485,0.80236858,1.03038974,0.97569174,0.3610744
"374",90,100,0.92771548,0,0.06437826,1.17697501,0.79974403,1.02669022,0.97218861,0.43402244
"375",91,100,0.9130162,0,0.05853145,1.17697501,0.79974403,1.02669022,0.97218861,0.32029354
"376",92,100,0.90674184,0,0.05853145,1.17697501,0.79974403,1.02669022,0.97218861,0.34789919
"377",93,100,0.9073609,0,0.05853145,1.17723283,0.79946639,1.03143052,0.97331394,0.28230851
"378",95,96,0.89055904,0,1.01859538,1.19243078,0.81096904,1.04143432,0.98615002,0.59049471
"379",96,96,0.88941027,0,1.01854139,1.19243078,0.81096904,1.04143432,0.98615002,0.49352232
"380",95,97,0.82492308,0,0.9916346,1.18822604,0.80810941,1.03776202,0.98267267,0.7295502
"381",96,97,0.82915228,0,0.95350544,1.18822604,0.80810941,1.03776202,0.98267267,0.75456691
"382",97,97,0.92726999,0,1.00995161,1.18822604,0.80810941,1.03776202,0.98267267,0.63382059
"383",95,98,0.8943379,0,0.99233168,1.18401037,0.80524234,1.03408018,0.97918628,0.5507664
"384",96,98,0.65778824,0,0.06335988,1.18401037,0.80524234,1.03408018,0.97918628,0.48673157
"385",97,98,0.6163687,0,0.05973062,1.18401037,0.80524234,1.03408018,0.97918628,0.47590481
"386",98,98,0.93496705,0,0.97381621,1.18401037,0.80524234,1.03408018,0.97918628,0.4559477
"387",96,99,0.89308102,0,0.05951744,1.17978485,0.80236858,1.03038974,0.97569174,0.40544101
"388",85,96,0.97946453,0,0.98946063,1.19442488,0.8111965,1.04143432,0.98615002,0.57608323
"389",87,96,0.94148069,0,0.98698335,1.19442488,0.8111965,1.04143432,0.98615002,0.64954856
"390",85,97,0.95029372,0,1.02864536,1.19021311,0.80833607,1.03776202,0.98267267,0.60003384
"391",86,97,0.95705625,0,1.03037493,1.19021311,0.80833607,1.03776202,0.98267267,0.71686589
"392",87,97,0.86471223,0,1.03643773,1.19021311,0.80833607,1.03776202,0.98267267,0.75351469
"393",88,97,0.92791056,0,1.03052579,1.19021311,0.80833607,1.03776202,0.98267267,0.77781992
"394",84,98,1.44319002,0,1.03473672,1.18599038,0.8054682,1.03408018,0.97918628,0.41799485
"395",85,98,0.94816911,0,1.02412212,1.18599038,0.8054682,1.03408018,0.97918628,0.58982643
"396",86,98,0.93765422,0,0.97393063,1.18599038,0.8054682,1.03408018,0.97918628,0.76982823
"397",87,98,0.92260122,0,1.00197793,1.18599038,0.8054682,1.03408018,0.97918628,0.66370523
"398",88,98,0.95115618,0,1.03105933,1.18599038,0.8054682,1.03408018,0.97918628,0.7170406
"399",85,99,1.75735423,0,1.09966944,1.1817578,0.80259363,1.03038974,0.97569174,0.2800504
"400",86,99,1.77573016,0,1.11037791,1.1817578,0.80259363,1.03038974,0.97569174,0.36509614
"401",88,99,1.01321124,0,1.05871712,1.1817578,0.80259363,1.03038974,0.97569174,0.39855388
"402",89,99,0.94696736,0,1.04394769,1.1817578,0.80259363,1.03038974,0.97569174,0.55329346
"403",88,96,0.98392985,0,0.96699052,1.19690933,0.81159728,1.04143432,0.98615002,0.71972409
"404",89,96,0.41756228,0,0.06399693,1.19690933,0.81159728,1.04143432,0.98615002,0.78295384
"405",94,96,0.92902791,0,0.98752077,1.19690933,0.81159728,1.04143432,0.98615002,0.53265809
"406",89,97,0.90661746,0,0.0639316,1.1926888,0.80873543,1.03776202,0.98267267,0.7610399
"407",90,97,0.91768248,0,0.06393025,1.1926888,0.80873543,1.03776202,0.98267267,0.78499234
"408",91,97,0.94011862,0,0.06385968,1.1926888,0.80873543,1.03776202,0.98267267,0.74057511
"409",92,97,0.8284528,0,0.05808951,1.1926888,0.80873543,1.03776202,0.98267267,0.76347683
"410",93,97,0.95332477,0,0.05994067,1.1926888,0.80873543,1.03776202,0.98267267,0.75486757
"411",94,97,0.97244489,0,1.00265029,1.1926888,0.80873543,1.03776202,0.98267267,0.70315228
"412",81,96,1.85560308,0.3472522,0.99070354,1.1900117,0.81084989,1.04143432,0.98615002,0.3282848
"413",83,96,1.01669057,0,0.9581933,1.1900117,0.81084989,1.04143432,0.98615002,0.64957389
"414",84,96,1.01045284,0.33222875,0.95921069,1.19342783,0.81100153,1.04143432,0.98615002,0.49883358
"415",80,97,1.76393343,0,1.04829412,1.18921957,0.80814179,1.03776202,0.98267267,0.19349688
"416",81,97,1.76667004,0,0.07219381,1.18921957,0.80814179,1.03776202,0.98267267,0.41282848
"417",82,97,1.49148236,0.33105725,0.06422463,1.18921957,0.80814179,1.03776202,0.98267267,0.5108561
"418",83,97,1.4896744,0.33105725,0.06422463,1.18921957,0.80814179,1.03776202,0.98267267,0.58189456
"419",84,97,1.46509436,0.33105725,1.02784098,1.18921957,0.80814179,1.03776202,0.98267267,0.54437071
"420",79,98,1.10705534,0,0.6817464,0.80282037,0.54556173,0.70057415,0.66338434,0.17384574
"421",80,98,1.5479886,0,1.01583115,1.14699147,0.77944541,1.00091204,0.94777886,0.20595443
"422",81,98,1.58130709,0,1.0409156,1.18500037,0.8052746,1.03408018,0.97918628,0.33075032
"423",82,98,1.4227502,0,0.04988686,1.18500037,0.8052746,1.03408018,0.97918628,0.46714464
"424",83,98,1.43144565,0,0.04988686,1.18500037,0.8052746,1.03408018,0.97918628,0.36492316
"425",81,99,0.7045028,0,0.39062408,0.53099676,0.36084225,0.46336966,0.43877179,0.22861636
"426",82,99,1.50036176,0,0.82529555,1.01762407,0.69153297,0.88802072,0.84088035,0.22286411
"427",83,99,1.71342068,0,0.95442547,1.18077133,0.80240073,1.03038974,0.97569174,0.44018635
"428",90,95,0.02724696,0.33111045,0.07487084,1.19982363,0.81458249,1.04509754,0.98961879,0.44583742
"429",91,95,1.30973349,0,0.9600554,1.19982363,0.81458249,1.04509754,0.98961879,0.55828906
"430",90,96,0,0.38967685,0,1.19690933,0.81159728,1.04143432,0.98615002,0.71969551
"431",91,96,1.2940668,0,0.06013247,1.19561807,0.81172726,1.04143432,0.98615002,0.71968212
"432",92,96,1.40182366,0,0.95844005,1.19561807,0.81172726,1.04143432,0.98615002,0.58966616
"433",93,96,0.95531548,0,0.95761659,1.19690933,0.81159728,1.04143432,0.98615002,0.59696131
"434",89,92,0.62055297,0,1.16475845,1.20669231,0.82221572,1.05603229,0.99997307,0.19101985
"435",89,93,0.0755597,0.48573081,0.07458019,1.20253812,0.81938514,1.05239677,0.99653053,0.29039514
"436",86,94,1.57145599,0,0.97718235,1.19837302,0.81654712,1.04875169,0.99307895,0.53520902
"437",87,94,0.41627936,0.44536239,0.94811127,1.19837302,0.81654712,1.04875169,0.99307895,0.60196861
"438",88,94,0.41630301,0.44146429,0.94761809,1.19837302,0.81654712,1.04875169,0.99307895,0.46676552
"439",89,94,0.02728503,0.4206238,0.07505895,1.19837302,0.81654712,1.04875169,0.99307895,0.62883294
"440",90,94,0.02720374,0.44893093,0.07465655,1.19837302,0.81654712,1.04875169,0.99307895,0.74500608
"441",91,94,0.02710959,0.4595608,0.07438929,1.19837302,0.81654712,1.04875169,0.99307895,0.56546843
"442",84,95,1.55654045,0,0.96251473,1.19419754,0.81370204,1.04509754,0.98961879,0.54725751
"443",85,95,1.55669928,0,0.96073706,1.19419754,0.81370204,1.04509754,0.98961879,0.46764388
"444",86,95,1.57434464,0,0.96115643,1.19419754,0.81370204,1.04509754,0.98961879,0.52717175
"445",87,95,1.55726593,0,0.96024238,1.19419754,0.81370204,1.04509754,0.98961879,0.49171834
"446",88,95,0.12636368,0.39912257,0.07466312,1.19419754,0.81370204,1.04509754,0.98961879,0.41828939
"447",89,95,0.12632646,0.39226203,0.07476809,1.19419754,0.81370204,1.04509754,0.98961879,0.54890697
"448",86,96,1.53010698,0,0.97134047,1.1900117,0.81084989,1.04143432,0.98615002,0.61740444
"449",100,93,0.05096123,0.32540043,0.06088504,1.203141,0.81953838,1.05239677,0.99653053,0.24091716
"450",96,94,0.58230413,0.25959966,0.05362177,1.19857054,0.81673255,1.04875169,0.99307895,0.23159955
"451",97,94,0.57988342,0.25959966,0.05448797,1.1989738,0.81669983,1.04875169,0.99307895,0.28016478
"452",98,94,0.05089429,0.30523436,0.06067416,1.1989738,0.81669983,1.04875169,0.99307895,0.22498119
"453",99,94,0.05073209,0.30523436,0.06067416,1.1989738,0.81669983,1.04875169,0.99307895,0.25229361
"454",100,94,0.05070456,0.2986332,0.06067416,1.1989738,0.81669983,1.04875169,0.99307895,0.39726411
"455",101,94,0.05102225,0.30523436,0.06067416,1.1989738,0.81669983,1.04875169,0.99307895,0.20110333
"456",94,95,0.50661584,0,0.04682184,1.19479624,0.81385421,1.04509754,0.98961879,0.47201526
"457",95,95,0.54693165,0,0.05677211,1.19479624,0.81385421,1.04509754,0.98961879,0.59666056
"458",96,95,0.53608623,0,0.05677211,1.19479624,0.81385421,1.04509754,0.98961879,0.66960061
"459",97,95,0.54093598,0,0.05644696,1.19479624,0.81385421,1.04509754,0.98961879,0.71606619
"460",98,95,0.54768709,0.2586952,0.05753278,1.19479624,0.81385421,1.04509754,0.98961879,0.68420822
"461",99,95,0.51672981,0.30417084,0.80511457,1.19479624,0.81385421,1.04509754,0.98961879,0.5844059
"462",100,95,0.51578496,0.28923343,0.80489381,1.19479624,0.81385421,1.04509754,0.98961879,0.13133081
"463",97,96,0.92744971,0,0.98292687,1.1906083,0.81100153,1.04143432,0.98615002,0.65501248
"464",98,96,1.03327455,0,1.15692721,1.19243078,0.81096904,1.04143432,0.98615002,0.52669727
"465",99,96,1.02754222,0,1.13889829,1.1906083,0.81100153,1.04143432,0.98615002,0.47017562
"466",96,89,0.51582472,0,0.7767244,1.21936004,0.83050935,1.06493952,1.00974556,0.06967134
"467",97,89,0.52101652,0.29451012,0.76960952,1.21929307,0.83085334,1.06688395,1.01024866,0.08129717
"468",98,89,0.5256849,0.36122235,0.77422035,1.21929307,0.83085334,1.06688395,1.01024866,0.26136331
"469",95,90,0.58049768,0.34077774,0.97687418,1.21516984,0.82804369,1.06327612,1.00683236,0.06630403
"470",96,90,0.49536535,0.3407428,0.05766979,1.21516984,0.82804369,1.06327612,1.00683236,0.06351972
"471",97,90,0.49530237,0.3405642,0.06889763,1.21516984,0.82804369,1.06327612,1.00683236,0.10302456
"472",98,90,0.52019442,0.34073442,0.06889763,1.21516984,0.82804369,1.06327612,1.00683236,0.12305616
"473",94,91,0.05129516,0.39891068,0.0574736,1.21191716,0.82524864,1.05965874,1.00340701,0.13242189
"474",95,91,0.02676047,0.40014583,0.05747359,1.21103571,0.8252266,1.05965874,1.00340701,0.12039844
"475",96,91,0.02678013,0.39845016,0.0574736,1.21103571,0.8252266,1.05965874,1.00340701,0.15683877
"476",97,91,0.05158796,0.39573504,0.0574736,1.21103571,0.8252266,1.05965874,1.00340701,0.07673829
"477",98,91,0.05162294,0.33960045,0.0574736,1.21103571,0.8252266,1.05965874,1.00340701,0.11266732
"478",95,92,0.49014835,0.35398066,0.76049232,1.2068912,0.82240244,1.05603229,0.99997307,0.14809481
"479",96,92,0.46565311,0.4000779,0.75870685,1.2068912,0.82240244,1.05603229,0.99997307,0.08324263
"480",97,92,0.026716,0.39560332,0.05727691,1.2068912,0.82240244,1.05603229,0.99997307,0.11153959
"481",98,92,0.02674301,0.34367415,0.05727691,1.2068912,0.82240244,1.05603229,0.99997307,0.14228358
"482",96,93,0.56487415,0.260502,0.05586953,1.20273633,0.81957121,1.05239677,0.99653053,0.1443365
"483",97,93,0.46407018,0.34403308,0.75605489,1.20273633,0.81957121,1.05239677,0.99653053,0.10662004
"484",98,93,0.49400189,0.39617622,0.76081727,1.20273633,0.81957121,1.05239677,0.99653053,0.09250551
"485",99,93,0.05095114,0.3937192,0.05707972,1.20273633,0.81957121,1.05239677,0.99653053,0.12218283
"486",93,91,0.48145667,0.33936896,0.75501004,1.21191716,0.82524864,1.05965874,1.00340701,0.18640825
"487",90,92,0.60608915,0,1.08194065,1.20776963,0.8224244,1.05603229,0.99997307,0.17458551
"488",91,92,0.52034535,0,0.75871863,1.20776963,0.8224244,1.05603229,0.99997307,0.17036252
"489",93,92,0.52389894,0.34139959,0.75889625,1.20776963,0.8224244,1.05603229,0.99997307,0.17977668
"490",94,92,0.59695513,0.26140184,0.05736612,1.2068912,0.82240244,1.05603229,0.99997307,0.15372411
"491",90,93,0.02721593,0.4844322,0.07458672,1.20361173,0.8195931,1.05239677,0.99653053,0.31075811
"492",91,93,0.56107982,0.26050193,1.05762377,1.20361173,0.8195931,1.05239677,0.99653053,0.28601269
"493",92,93,0.56045718,0.26050193,0.05380814,1.20361173,0.8195931,1.05239677,0.99653053,0.25246948
"494",93,93,0.55932546,0.26050193,0.05380814,1.20361173,0.8195931,1.05239677,0.99653053,0.30342496
"495",94,93,0.56535134,0.26050193,0.05380814,1.20361173,0.8195931,1.05239677,0.99653053,0.2506957
"496",95,93,0.59737975,0.26050193,0.05716862,1.20361173,0.8195931,1.05239677,0.99653053,0.21512624
"497",92,94,0.53334633,0,0.05362177,1.19944291,0.81675437,1.04875169,0.99307895,0.42643454
"498",93,94,0.55541728,0.25959966,0.05362177,1.19944291,0.81675437,1.04875169,0.99307895,0.48261635
"499",94,94,0.54810897,0.25959972,0.05362177,1.19944291,0.81675437,1.04875169,0.99307895,0.4017219
"500",95,94,0.54661523,0.25959966,0.05362177,1.1989738,0.81669983,1.04875169,0.99307895,0.37740356
"501",92,95,1.33263813,0,0.95976179,1.19526371,0.81390856,1.04509754,0.98961879,0.40686666
"502",93,95,0.54284521,0,0.96026875,1.19526371,0.81390856,1.04509754,0.98961879,0.45371527
"503",205,50,0.02888662,0,0.06727332,1.335736,0.93336659,1.18794027,1.12391138,0.03287423
"504",206,50,0,0,0,1.335736,0.93336659,1.18794027,1.12391138,0.06372067
"505",207,50,0,0,0,1.335736,0.93336659,1.18794027,1.12391138,0.03395516
"506",200,51,0,0.00034136,0,0.00107532,0.0007514,0.00095634,0.00090479,0
"507",201,51,0,0.24504954,0,0.81624336,0.57036292,0.72592815,0.68680129,0.00451501
"508",202,51,0.0303321,0.20478056,0.06654444,1.33030891,0.92957433,1.18311367,1.11934493,0.02666245
"509",203,51,0.15871455,0,0.86274885,1.33214806,0.93085946,1.18474933,1.12089243,0.04784489
"510",204,51,0,0,0,1.33214806,0.93085946,1.18474933,1.12089243,0.04073986
"511",205,51,0,0,0,1.33214806,0.93085946,1.18474933,1.12089243,0.10750455
"512",206,51,0,0,0,1.33214806,0.93085946,1.18474933,1.12089243,0.05542159
"513",207,51,0.03064661,0,0.07127765,1.33214806,0.93085946,1.18474933,1.12089243,0.037929
"514",199,52,0,0.11421324,0,0.34888428,0.24378839,0.31028114,0.29355727,0
"515",200,52,0,0.29246797,0,1.00890134,0.70498572,0.89726901,0.84890704,0.01085091
"516",201,52,0.02953513,0.02006545,0.06384969,1.32854896,0.92834453,1.18154846,1.11786408,0.02537494
"517",202,52,0.15878884,0,0.8608172,1.32854896,0.92834453,1.18154846,1.11786408,0.03430173
"518",203,52,0.02905613,0,0,1.32854896,0.92834453,1.18154846,1.11786408,0.08252275
"519",204,52,0.02911984,0,0,1.32854896,0.92834453,1.18154846,1.11786408,0.05835391
"520",205,52,0.02928683,0,0,1.32854896,0.92834453,1.18154846,1.11786408,0.04159578
"521",206,52,0.02940465,0,0.06934637,1.32854896,0.92834453,1.18154846,1.11786408,0.06720463
"522",207,52,0.030442,0,0.06934637,1.32854896,0.92834453,1.18154846,1.11786408,0.07358177
"523",208,52,0.03026385,0,0.06934637,1.32854896,0.92834453,1.18154846,1.11786408,0.09148082
"524",198,53,0.00095363,0.00845246,0.00335073,0.04852967,0.03391087,0.04315998,0.0408337,0
"525",199,53,0.02927649,0.1984169,0.06509984,1.29980133,0.90825668,1.15598168,1.09367533,0.01853175
"526",200,53,0.17267241,0,0.91846549,1.3249387,0.92582181,1.17833766,1.11482634,0.04018864
"527",201,53,0.17064949,0,0.94048887,1.3249387,0.92582181,1.17833766,1.11482634,0.03643715
"528",202,53,0.03075065,0,0.06915792,1.3249387,0.92582181,1.17833766,1.11482634,0.05002757
"529",203,53,0.03079124,0,0.06915792,1.3249387,0.92582181,1.17833766,1.11482634,0.05034261
"530",204,53,0.03008049,0,0.06915792,1.3249387,0.92582181,1.17833766,1.11482634,0.04656673
"531",205,53,0.02926369,0,0.06915791,1.3249387,0.92582181,1.17833766,1.11482634,0.06281803
"532",206,53,0.03050069,0,0.06915792,1.3249387,0.92582181,1.17833766,1.11482634,0.0836783
"533",207,53,0.03008865,0,0.06915792,1.3249387,0.92582181,1.17833766,1.11482634,0.04989511
"534",208,53,0.02941236,0,0.06915791,1.3249387,0.92582181,1.17833766,1.11482634,0.03270742
"535",198,54,0.10648854,0,0.59388796,0.82617956,0.577306,0.73476493,0.69516178,0.01475556
"536",199,54,0.17362001,0,0.94959962,1.32131674,0.92329091,1.17511646,1.11177877,0.03654415
"537",200,54,0.03013995,0,0.07361704,1.32131674,0.92329091,1.17511646,1.11177877,0.03832661
"538",201,54,0.02959154,0,0.06896887,1.32131674,0.92329091,1.17511646,1.11177877,0.039797
"539",202,54,0.04847871,0,0.06896887,1.32131674,0.92329091,1.17511646,1.11177877,0.03728473
"540",203,54,0.02950738,0,0.06896887,1.32131674,0.92329091,1.17511646,1.11177877,0.08375722
"541",204,54,0.02859229,0,0,1.32131674,0.92329091,1.17511646,1.11177877,0.09017341
"542",205,54,0.02852648,0,0,1.32131674,0.92329091,1.17511646,1.11177877,0.01263629
"543",206,54,0.02853818,0,0,1.32131674,0.92329091,1.17511646,1.11177877,0.07361149
"544",207,54,0.04605383,0,0.06944661,1.33265359,0.92299459,1.17367415,1.11246715,0.09982996
"545",198,55,0.10676615,0,0.57971379,0.80463758,0.56225319,0.71560651,0.67703598,0.01568275
"546",199,55,0.03071619,0,0.07341459,1.31768309,0.92075183,1.17188486,1.10872135,0.03881676
"547",200,55,0.02999854,0,0.07333436,1.31768309,0.92075183,1.17188486,1.10872135,0.04844181
"548",198,56,0.00090986,0,0.003626,0.05213461,0.03642988,0.04636605,0.04386697,0.0001922
"549",199,56,0.01511458,0,0.03625759,0.65407968,0.45704849,0.58170746,0.55035396,0.03401658
"550",200,56,0.04820552,0,0.06858895,1.31403827,0.91820496,1.16864334,1.10565454,0.04446644
"551",201,56,0.04668556,0,0.06858895,1.31403827,0.91820496,1.16864334,1.10565454,0.06075367
"552",212,48,0.03037778,0,0.08127983,1.34287626,0.93835597,1.19429048,1.12991932,0.0123339
"553",213,48,0.01435451,0,0.09787129,1.34287626,0.93835597,1.19429048,1.12991932,0.02040507
"554",209,49,0.02879686,0,0.06427636,1.33931171,0.93586518,1.19112034,1.12692005,0.0365584
"555",210,49,0.03075793,0.20771955,0.0661215,1.33931171,0.93586518,1.19112034,1.12692005,0.02693645
"556",211,49,0.02958702,0.20771955,0.06427636,1.33931171,0.93586518,1.19112034,1.12692005,0.06135398
"557",212,49,0.15846809,0,0.85061711,1.33931171,0.93586518,1.19112034,1.12692005,0.0748155
"558",213,49,0.15847406,0,0.85000621,1.34076582,0.9359653,1.19112034,1.12692005,0.03522493
"559",214,49,0.15863669,0,0.85061296,1.34076582,0.9359653,1.19112034,1.12692005,0.05958161
"560",215,49,0,0,0,1.34076582,0.9359653,1.19112034,1.12692005,0.13272427
"561",216,49,0,0,0,1.34076582,0.9359653,1.19112034,1.12692005,0.07516836
"562",217,49,0,0,0,1.34076582,0.9359653,1.19112034,1.12692005,0.02811549
"563",218,49,0,0,0,1.34076582,0.9359653,1.19112034,1.12692005,0.02196359
"564",219,49,0,0,0,1.34076582,0.9359653,1.19112034,1.12692005,0.0342869
"565",220,49,0,0,0,1.34076582,0.9359653,1.19112034,1.12692005,0.01708782
"566",208,50,0,0,0,1.335736,0.93336659,1.18794027,1.12391138,0.0612085
"567",209,50,0,0,0,1.335736,0.93336659,1.18794027,1.12391138,0.06276097
"568",210,50,0,0,0,1.335736,0.93336659,1.18794027,1.12391138,0.02466481
"569",211,50,0,0,0,1.335736,0.93336659,1.18794027,1.12391138,0.03236628
"570",212,50,0,0,0,1.335736,0.93336659,1.18794027,1.12391138,0.09509401
"571",213,50,0,0,0,1.335736,0.93336659,1.18794027,1.12391138,0.04535629
"572",214,50,0,0,0,1.33718623,0.93346644,1.18794027,1.12391138,0.05777612
"573",215,50,0,0,0,1.33718623,0.93346644,1.18794027,1.12391138,0.03696716
"574",216,50,0,0,0,1.33718623,0.93346644,1.18794027,1.12391138,0.04377527
"575",217,50,0,0,0,1.33718623,0.93346644,1.18794027,1.12391138,0.12819024
"576",218,50,0,0,0,1.33718623,0.93346644,1.18794027,1.12391138,0.12757008
"577",219,50,0,0,0,1.33718623,0.93346644,1.18794027,1.12391138,0.05576649
"578",220,50,0,0,0,1.33709206,0.93355381,1.18794027,1.12391138,0.03604438
"579",208,51,0.03064661,0,0.07127765,1.33214806,0.93085946,1.18474933,1.12089243,0.08723663
"580",209,51,0.03064661,0,0.07127765,1.33214806,0.93085946,1.18474933,1.12089243,0.04515494
"581",210,51,0,0,0,1.33214806,0.93085946,1.18474933,1.12089243,0.05052422
"582",211,51,0,0,0,1.33214806,0.93085946,1.18474933,1.12089243,0.02585922
"583",212,51,0.02917236,0,0,1.33214806,0.93085946,1.18474933,1.12089243,0.07876207
"584",213,51,0.02919272,0,0.05564482,1.33214806,0.93085946,1.18474933,1.12089243,0.05790124
"585",214,51,0.02963312,0,0.06953423,1.33214806,0.93085946,1.18474933,1.12089243,0.05920873
"586",215,51,0.03029903,0,0.06953424,1.33359439,0.93095905,1.18474933,1.12089243,0.07622705
"587",216,51,0.03105427,0,0.06953423,1.33359439,0.93095905,1.18474933,1.12089243,0.06888261
"588",217,51,0.03084884,0,0.06953423,1.33359439,0.93095905,1.18474933,1.12089243,0.07375589
"589",218,51,0.02937583,0,0,1.33359439,0.93095905,1.18474933,1.12089243,0.05246198
"590",219,51,0.02935453,0,0,1.33359439,0.93095905,1.18474933,1.12089243,0.06961934
"591",220,51,0.1593946,0,0.86286652,1.33350048,0.93104618,1.18474933,1.12089243,0.04329392
"592",209,52,0.02954923,0,0.06934636,1.32854896,0.92834453,1.18154846,1.11786408,0.03543295
"593",210,52,0.02930868,0,0.06934637,1.32854896,0.92834453,1.18154846,1.11786408,0.06709664
"594",211,52,0.02978969,0,0.06934637,1.32854896,0.92834453,1.18154846,1.11786408,0.15273156
"595",212,52,0.030281,0,0.06934637,1.32854896,0.92834453,1.18154846,1.11786408,0.05856248
"596",213,52,0.02996645,0,0.06934637,1.32854896,0.92834453,1.18154846,1.11786408,0.11202423
"597",214,52,0.02983497,0,0.06934637,1.32854896,0.92834453,1.18154846,1.11786408,0.0812307
"598",215,52,0.03021369,0,0.06934637,1.32999139,0.92844385,1.18154846,1.11786408,0.05131475
"599",216,52,0.0298569,0,0.06934637,1.32999139,0.92844385,1.18154846,1.11786408,0.05937097
"600",217,52,0.02959817,0,0.06934637,1.32999139,0.92844385,1.18154846,1.11786408,0.08990856
"601",218,52,0.02934146,0,0.06934637,1.32999139,0.92844385,1.18154846,1.11786408,0.06398621
"602",219,52,0.02927637,0,0,1.32999139,0.92844385,1.18154846,1.11786408,0.04490998
"603",209,53,0.02867108,0,0,1.3249387,0.92582181,1.17833766,1.11482634,0.04744006
"604",210,53,0.02867082,0,0,1.3249387,0.92582181,1.17833766,1.11482634,0.05546999
"605",211,53,0.02867113,0,0,1.3249387,0.92582181,1.17833766,1.11482634,0.06796624
"606",212,53,0.02867097,0,0,1.3249387,0.92582181,1.17833766,1.11482634,0.0688468
"607",213,53,0.02867109,0,0,1.3249387,0.92582181,1.17833766,1.11482634,0.07150585
"608",214,53,0.02867074,0,0,1.3249387,0.92582181,1.17833766,1.11482634,0.07692204
"609",215,53,0.02867066,0,0,1.3263772,0.92592085,1.17833766,1.11482634,0.06858601
"610",216,53,0.04627642,0,0.06963697,1.3263772,0.92592085,1.17833766,1.11482634,0.09378793
"611",217,53,0.02889033,0,0.06915792,1.3263772,0.92592085,1.17833766,1.11482634,0.05138686
"612",218,53,0.03020032,0,0.06915792,1.3263772,0.92592085,1.17833766,1.11482634,0.06343208
"613",219,53,0.03057943,0,0.06915792,1.3263772,0.92592085,1.17833766,1.11482634,0.05840664
"614",220,53,0.030119,0,0.06915792,1.3263772,0.92592085,1.17833766,1.11482634,0.03959069
"615",211,54,0.04859345,0,0,1.32131674,0.92329091,1.17511646,1.11177877,0.06809671
"616",219,54,0.02891366,0,0.06941207,1.32275131,0.92338968,1.17511646,1.11177877,0.07459625
"617",220,54,0.03016555,0,0.06896887,1.32275131,0.92338968,1.17511646,1.11177877,0.06365832
"618",221,54,0.03008401,0,0.06896887,1.32275131,0.92338968,1.17511646,1.11177877,0.06136344
"619",222,54,0.02971573,0,0.06896886,1.32275131,0.92338968,1.17511646,1.11177877,0.04936275
"620",220,55,0.04876528,0,0.06910163,1.31911371,0.92085033,1.17188486,1.10872135,0.10617808
"621",221,55,0.04849621,0,0.0687792,1.31911371,0.92085033,1.17188486,1.10872135,0.07119898
"622",229,49,0.13805827,0.20200104,1.11211465,1.3406714,0.9360529,1.19112034,1.12692005,0.02390268
"623",230,49,0.0242503,0.03982468,0,1.3406714,0.9360529,1.19112034,1.12692005,0.0436457
"624",231,49,0.0104689,0.01719239,0,0.57877033,0.40409577,0.51420886,0.48649347,0.0218095
"625",221,50,0,0,0,1.33709206,0.93355381,1.18794027,1.12391138,0.05611096
"626",222,50,0.29919756,0,1.1633031,1.33709206,0.93355381,1.18794027,1.12391138,0.06041489
"627",223,50,0.3097711,0,1.08330189,1.33709206,0.93355381,1.18794027,1.12391138,0.05845194
"628",224,50,0.02935422,0,0,1.33709206,0.93355381,1.18794027,1.12391138,0.0449958
"629",225,50,0.02942856,0,0,1.33709206,0.93355381,1.18794027,1.12391138,0.03507306
"630",226,50,0.02933728,0,0,1.33709206,0.93355381,1.18794027,1.12391138,0.0553271
"631",227,50,0.02928913,0,0,1.33709206,0.93355381,1.18794027,1.12391138,0.06713047
"632",228,50,0.02919435,0,0,1.33709206,0.93355381,1.18794027,1.12391138,0.0756479
"633",229,50,0.02980545,0,0,1.33709206,0.93355381,1.18794027,1.12391138,0.09386891
"634",230,50,0.03015944,0,0,1.33709206,0.93355381,1.18794027,1.12391138,0.04784619
"635",231,50,0.01281801,0,0,0.70864032,0.49477062,0.62959193,0.5956575,0.0208092
"636",221,51,0.17550291,0,0.9514347,1.33350048,0.93104618,1.18474933,1.12089243,0.07898049
"637",222,51,0.17455864,0,0.94893751,1.33350048,0.93104618,1.18474933,1.12089243,0.05509191
"638",223,51,0.03031296,0,0.06878076,1.33350048,0.93104618,1.18474933,1.12089243,0.08846305
"639",224,51,0.02984651,0,0.06878076,1.33350048,0.93104618,1.18474933,1.12089243,0.06710378
"640",225,51,0.03004449,0,0.06878076,1.33350048,0.93104618,1.18474933,1.12089243,0.13451231
"641",226,51,0.02913652,0,0,1.33350048,0.93104618,1.18474933,1.12089243,0.07411187
"642",227,51,0.02905435,0,0,1.33350048,0.93104618,1.18474933,1.12089243,0.05512674
"643",228,51,0.02897552,0,0,1.33350048,0.93104618,1.18474933,1.12089243,0.06746498
"644",229,51,0.02949076,0,0.06878076,1.33350048,0.93104618,1.18474933,1.12089243,0.16442028
"645",230,51,0.02827591,0,0.05587274,1.33350048,0.93104618,1.18474933,1.12089243,0.11182944
"646",231,51,0,0,0.05064694,1.20779885,0.84328166,1.07306964,1.01523217,0.17603421
"647",220,52,0.17080816,0,0.93591828,1.32989772,0.92853075,1.18154846,1.11786408,0.04481032
"648",221,52,0.03105092,0,0.06934637,1.32989772,0.92853075,1.18154846,1.11786408,0.07680768
"649",222,52,0.17319678,0,0.94580033,1.32989772,0.92853075,1.18154846,1.11786408,0.05597041
"650",223,52,0.17279904,0,0.9179483,1.32999139,0.92844385,1.18154846,1.11786408,0.06459026
"651",224,52,0.17390741,0,0.91436047,1.32989772,0.92853075,1.18154846,1.11786408,0.05863431
"652",225,52,0.17335893,0,0.91596805,1.32989772,0.92853075,1.18154846,1.11786408,0.07846124
"653",226,52,0.02889723,0,0,1.32989772,0.92853075,1.18154846,1.11786408,0.0471716
"654",227,52,0.03086361,0,0.06859494,1.32989772,0.92853075,1.18154846,1.11786408,0.06459682
"655",228,52,0.0308486,0,0.06859494,1.32989772,0.92853075,1.18154846,1.11786408,0.06085801
"656",229,52,0.030366,0,0.06934636,1.32989772,0.92853075,1.18154846,1.11786408,0.07655206
"657",230,52,0.03031414,0,0.06934637,1.32989772,0.92853075,1.18154846,1.11786408,0.06217655
"658",231,52,0.02818405,0.17477917,0,1.32989772,0.92853075,1.18154846,1.11786408,0.04162238
"659",232,52,0.02406235,0.14903284,0,1.13408895,0.79181763,1.00758204,0.95327429,0.09058521
"660",233,52,0.01658384,0.10271358,0,0.781617,0.54572273,0.69442811,0.65699907,0.03790233
"661",234,52,0.00877986,0.17817663,0.05020957,0.88663112,0.61904328,0.78772797,0.74527015,0.0429216
"662",221,53,0.03022577,0,0.06915793,1.3263772,0.92592085,1.17833766,1.11482634,0.04235379
"663",222,53,0.03031518,0,0.06915792,1.3263772,0.92592085,1.17833766,1.11482634,0.06096734
"664",223,53,0.02984622,0,0.06915792,1.3263772,0.92592085,1.17833766,1.11482634,0.08970836
"665",224,53,0.1701778,0,0.93337497,1.3263772,0.92592085,1.17833766,1.11482634,0.06688526
"666",225,53,0.17198957,0,0.9112817,1.32628379,0.92600751,1.17833766,1.11482634,0.06072558
"667",226,53,0.16938593,0,0.93477229,1.32628379,0.92600751,1.17833766,1.11482634,0.07098688
"668",227,53,0.03082809,0,0.06915792,1.32628379,0.92600751,1.17833766,1.11482634,0.04236197
"669",228,53,0.03097017,0,0.06915792,1.32628379,0.92600751,1.17833766,1.11482634,0.05961196
"670",229,53,0.03095211,0,0.06915792,1.32628379,0.92600751,1.17833766,1.11482634,0.07133863
"671",230,53,0.03075467,0,0.06915792,1.32628379,0.92600751,1.17833766,1.11482634,0.1348913
"672",231,53,0.03065883,0,0.07237433,1.32628379,0.92600751,1.17833766,1.11482634,0.09670361
"673",232,53,0.02814022,0,0,1.32628379,0.92600751,1.17833766,1.11482634,0.05280714
"674",233,53,0.02814022,0,0,1.32628379,0.92600751,1.17833766,1.11482634,0.0403263
"675",234,53,0.01310691,0,0.07510693,1.32628379,0.92600751,1.17833766,1.11482634,0.03918317
"676",235,53,0.00727057,0,0.04168079,0.73602466,0.51389029,0.65392157,0.6186758,0.04001153
"677",223,54,0.02937124,0,0.06896887,1.32275131,0.92338968,1.17511646,1.11177877,0.06168282
"678",224,54,0.02897085,0,0,1.32275131,0.92338968,1.17511646,1.11177877,0.06778228
"679",225,54,0.02919348,0,0.06896887,1.32275131,0.92338968,1.17511646,1.11177877,0.07236552
"680",226,54,0.02913275,0,0,1.32275131,0.92338968,1.17511646,1.11177877,0.07349834
"681",227,54,0.03009208,0,0.06896887,1.32265816,0.9234761,1.17511646,1.11177877,0.03463787
"682",228,54,0.03087555,0,0.06896887,1.32265816,0.9234761,1.17511646,1.11177877,0.04542678
"683",229,54,0.03082062,0,0.06896887,1.32265816,0.9234761,1.17511646,1.11177877,0.04600962
"684",230,54,0.03055579,0,0.06896887,1.32265816,0.9234761,1.17511646,1.11177877,0.04553086
"685",231,54,0.02913974,0,0.06896887,1.32265816,0.9234761,1.17511646,1.11177877,0.06985238
"686",232,54,0.04908628,0,0.06822153,1.32265816,0.9234761,1.17511646,1.11177877,0.06416205
"687",233,54,0.29632108,0,0.06822153,1.32265816,0.9234761,1.17511646,1.11177877,0.05846685
"688",222,55,0.03075116,0,0.0687792,1.31911371,0.92085033,1.17188486,1.10872135,0.06415059
"689",223,55,0.03073932,0,0.06877919,1.31911371,0.92085033,1.17188486,1.10872135,0.03808508
"690",224,55,0.03053651,0,0.0687792,1.31911371,0.92085033,1.17188486,1.10872135,0.04339331
"691",225,55,0.03047563,0,0.0687792,1.31911371,0.92085033,1.17188486,1.10872135,0.04923758
"692",226,55,0.03000614,0,0.0687792,1.31911371,0.92085033,1.17188486,1.10872135,0.05861084
"693",227,55,0.02989665,0,0.0687792,1.31911371,0.92085033,1.17188486,1.10872135,0.031908
"694",228,55,0.03069806,0,0.0687792,1.31911371,0.92085033,1.17188486,1.10872135,0.05349915
"695",229,55,0.03075716,0,0.0687792,1.31911371,0.92085033,1.17188486,1.10872135,0.03388214
"696",230,55,0.04797795,0,0.0687792,1.31902082,0.92093652,1.17188486,1.10872135,0.0401579
"697",231,55,0.02851381,0,0,1.31902082,0.92093652,1.17188486,1.10872135,0.04232658
"698",225,56,0.04901247,0,0.06858895,1.31546494,0.91830319,1.16864334,1.10565454,0.04510246
"699",226,56,0.04898674,0,0.06858895,1.31546494,0.91830319,1.16864334,1.10565454,0.04484668
"700",227,56,0.04895255,0,0.06893417,1.31546494,0.91830319,1.16864334,1.10565454,0.09791908
"701",201,40,0.00265857,0,0.27571656,0.31685876,0.21993243,0.27963059,0.26455876,0.01369243
"702",202,40,0,0,0,1.38160265,0.95897374,1.21927627,1.1535584,0.03545887
"703",203,40,0,0,0,1.38160265,0.95897374,1.21927627,1.1535584,0.07282345
"704",204,40,0.33648311,0,0,1.38160265,0.95897374,1.21927627,1.1535584,0.04169641
"705",205,40,0.37024009,0,1.52552913,1.38160265,0.95897374,1.21927627,1.1535584,0.00669081
"706",206,40,0.14315556,0,1.45075608,1.38160265,0.95897374,1.21927627,1.1535584,0.01854796
"707",201,41,0.00306206,0,0.02059129,0.28922093,0.20074895,0.25523997,0.24148277,0
"708",202,41,0.01331944,0,0.07577943,1.37810527,0.9565462,1.2161898,1.15063829,0.00402755
"709",203,41,0,0,0,1.37810527,0.9565462,1.2161898,1.15063829,0.08177555
"710",204,41,0.18594259,0,1.20890164,1.37810527,0.9565462,1.2161898,1.15063829,0.0089076
"711",205,41,0.01346705,0,0.09566734,1.37810527,0.9565462,1.2161898,1.15063829,0.00448749
"712",206,41,0.18107516,0,1.28203051,1.37810527,0.9565462,1.2161898,1.15063829,0.07341616
"713",207,41,0,0,0,1.37810527,0.9565462,1.2161898,1.15063829,0.04377789
"714",208,41,0.32231544,0,1.14827819,1.37810527,0.9565462,1.2161898,1.15063829,0.02312619
"715",201,42,0.01514838,0,0.12518015,0.15140516,0.10509069,0.13361636,0.12641456,0
"716",202,42,0.15506301,0,1.17348458,1.29474718,0.89868715,1.14262557,1.08103911,0.01621334
"717",203,42,0.18115922,0,1.27876549,1.37459557,0.95411011,1.21309246,1.1477079,0.01258515
"718",204,42,0,0,0,1.37459557,0.95411011,1.21309246,1.1477079,0.00181685
"719",205,42,0.01644266,0,0.09922255,1.37459557,0.95411011,1.21309246,1.1477079,0.01655904
"720",206,42,0.03167974,0,0.08703382,1.37459557,0.95411011,1.21309246,1.1477079,0.00735605
"721",207,42,0,0,0,1.37459557,0.95411011,1.21309246,1.1477079,0.00236575
"722",201,43,0.00776769,0,0.04883052,0.86591009,0.60103029,0.76417313,0.72298491,0.00494339
"723",202,43,0,0,0,1.37107408,0.95166584,1.20998472,1.14476766,0.05534391
"724",203,43,0.18565758,0,1.20428255,1.37107408,0.95166584,1.20998472,1.14476766,0.01185212
"725",204,43,0.19569516,0,1.22012027,1.37107408,0.95166584,1.20998472,1.14476766,0.04468793
"726",205,43,0.18675072,0,1.20805506,1.37107408,0.95166584,1.20998472,1.14476766,0.04233528
"727",206,43,0.03159858,0,0.08681085,1.37107408,0.95166584,1.20998472,1.14476766,0.00198741
"728",199,44,0.0042205,0,0.02853377,0.39953923,0.27732114,0.35259682,0.33359217,0
"729",200,44,0.00842284,0,0.05233483,0.95174779,0.66061044,0.83992564,0.79465442,0
"730",201,44,0.15876107,0,1.20032903,1.32562527,0.92011971,1.16987575,1.10682052,0.01245348
"731",202,44,0,0,0,1.36754081,0.94921339,1.20686658,1.14181758,0.08457735
"732",203,44,0.0159199,0,0.10077093,1.36754081,0.94921339,1.20686658,1.14181758,0
"733",204,44,0,0,0,1.36754081,0.94921339,1.20686658,1.14181758,0.01105035
"734",205,44,0,0,0,1.36754081,0.94921339,1.20686658,1.14181758,0.01306862
"735",206,44,0.01588902,0,0.09964189,1.36754081,0.94921339,1.20686658,1.14181758,0.01239264
"736",198,45,0.00534219,0,0.03645571,0.51090315,0.35461911,0.45087644,0.42657461,0.00337405
"737",199,45,0.01428134,0,0.09711669,1.35593769,0.94115963,1.19662673,1.13212965,0.03380277
"738",200,45,0.17977017,0,1.26890464,1.36399575,0.94675275,1.20373804,1.13885766,0.08926811
"739",201,45,0.1797629,0,1.26890464,1.36399575,0.94675275,1.20373804,1.13885766,0.02435552
"740",202,45,0.17816848,0,1.26327782,1.36399575,0.94675275,1.20373804,1.13885766,0.08421652
"741",203,45,0.21406888,0,1.21751997,1.36399575,0.94675275,1.20373804,1.13885766,0.04855091
"742",204,45,0.01471801,0,0.09941534,1.36399575,0.94675275,1.20373804,1.13885766,0.01403817
"743",205,45,0.01508461,0,0.09878899,1.36399575,0.94675275,1.20373804,1.13885766,0.03851782
"744",206,45,0.01584734,0,0.09897414,1.36399575,0.94675275,1.20373804,1.13885766,0.04023364
"745",198,46,0.00106717,0,0.00730518,0.10256877,0.07119323,0.09051783,0.085639,0
"746",199,46,0.13784412,0,1.04543472,1.15097263,0.79889289,1.01574329,0.96099566,0.01179341
"747",200,46,0.1629387,0,1.23950269,1.36043891,0.94428394,1.20059909,1.13588791,0.04646727
"748",201,46,0.17929405,0,1.26559577,1.36043891,0.94428394,1.20059909,1.13588791,0.09847449
"749",202,46,0.17927143,0,1.26559577,1.36043891,0.94428394,1.20059909,1.13588791,0.11247824
"750",203,46,0.1844913,0,1.1923686,1.36043891,0.94428394,1.20059909,1.13588791,0.02318008
"751",204,46,0.01523227,0,0.09604467,1.36043891,0.94428394,1.20059909,1.13588791,0.04686437
"752",205,46,0.01558821,0,0.09561888,1.36043891,0.94428394,1.20059909,1.13588791,0.04451233
"753",206,46,0.17798314,0,1.26559577,1.36043891,0.94428394,1.20059909,1.13588791,0.05357046
"754",207,46,0.17818098,0,1.26559577,1.36043891,0.94428394,1.20059909,1.13588791,0.02380349
"755",198,47,0.00249861,0,0.01734103,0.24159141,0.16768918,0.21320651,0.20171487,0
"756",199,47,0.01503566,0,0.0910306,1.29598565,0.89954677,1.14371853,1.08207315,0.00565306
"757",200,47,0.18498609,0,1.19433134,1.35687082,0.94180732,1.19745022,1.13290876,0.03568908
"758",201,47,0.17717236,0,1.25647041,1.35687082,0.94180732,1.19745022,1.13290876,0.11687306
"759",202,47,0.18502866,0,1.19859622,1.35687082,0.94180732,1.19745022,1.13290876,0.23184303
"760",203,47,0.21127985,0,1.2046075,1.35687082,0.94180732,1.19745022,1.13290876,0.13363218
"761",204,47,0.18393255,0,1.194003,1.35687082,0.94180732,1.19745022,1.13290876,0.19847528
"762",205,47,0.17306496,0,1.2417142,1.35687082,0.94180732,1.19745022,1.13290876,0.0876236
"763",206,47,0.17875249,0,1.26227643,1.35687082,0.94180732,1.19745022,1.13290876,0.04079325
"764",207,47,0.01559883,0,0.0963709,1.35687082,0.94180732,1.19745022,1.13290876,0.00759987
"765",208,47,0.18430542,0,1.23170902,1.35687082,0.94180732,1.19745022,1.13290876,0.09605163
"766",198,48,0.0027812,0,0.01878296,0.26160882,0.18158331,0.23087204,0.21842825,0.00319168
"767",199,48,0.01572096,0,0.0949088,1.35329041,0.93932215,1.19429048,1.12991932,0.02760671
"768",200,48,0.18458556,0,1.18888254,1.35329041,0.93932215,1.19429048,1.12991932,0.04818101
"769",201,48,0.18471373,0,1.19579357,1.35329041,0.93932215,1.19429048,1.12991932,0.0763063
"770",202,48,0.17834798,0,1.25894563,1.35329041,0.93932215,1.19429048,1.12991932,0.09573491
"771",203,48,0.17814684,0,1.25894563,1.35329041,0.93932215,1.19429048,1.12991932,0.42052167
"772",204,48,0.17255746,0,1.23817563,1.35329041,0.93932215,1.19429048,1.12991932,0.34685052
"773",205,48,0.18412667,0,1.19135725,1.35329041,0.93932215,1.19429048,1.12991932,0.13291169
"774",206,48,0.18371708,0,1.19072775,1.35329041,0.93932215,1.19429048,1.12991932,0.06699851
"775",207,48,0.01548891,0,0.09556331,1.35329041,0.93932215,1.19429048,1.12991932,0.02777053
"776",208,48,0.01475023,0,0.09816832,1.35329041,0.93932215,1.19429048,1.12991932,0.09201213
"777",209,48,0.03005686,0.2589375,0.09506512,1.35329041,0.93932215,1.19429048,1.12991932,0.03544085
"778",198,49,0.00018287,0,0.00122122,0.0171264,0.01188748,0.0151142,0.01429955,0
"779",199,49,0,0,0,0.39233127,0.27231808,0.34623573,0.32757395,0.01080223
"780",200,49,0.0989815,0,0.64013908,0.72720457,0.50475445,0.64176431,0.60717381,0.00830309
"781",201,49,0.18446511,0,1.19391424,1.34873991,0.93616364,1.19027462,1.12611991,0.08463477
"782",202,49,0.18462981,0,1.19551876,1.34969822,0.9368288,1.19112034,1.12692005,0.08558014
"783",203,49,0.18329986,0,1.18758242,1.34969822,0.9368288,1.19112034,1.12692005,0.05860812
"784",204,49,0.18250723,0,1.18410917,1.34969822,0.9368288,1.19112034,1.12692005,0.03940887
"785",205,49,0.01429395,0,0.09600216,1.34969822,0.9368288,1.19112034,1.12692005,0.01510122
"786",206,49,0.15483979,0,1.15287991,1.34969822,0.9368288,1.19112034,1.12692005,0.07676845
"787",207,49,0.01283632,0,0.07457576,1.34969822,0.9368288,1.19112034,1.12692005,0.05730688
"788",208,49,0.15774059,0,0.90914673,1.34969822,0.9368288,1.19112034,1.12692005,0.03819883
"789",201,50,0.05899696,0,0.41814059,0.48764012,0.33847219,0.43034662,0.40715134,0.03235082
"790",202,50,0.01056732,0.42513473,0.09288101,1.34609478,0.93432764,1.18794027,1.12391138,0.04191406
"791",203,50,0.01135298,0.41428114,0.09778489,1.34609478,0.93432764,1.18794027,1.12391138,0.01444856
"792",204,50,0.02686929,0,0.09641171,1.34609478,0.93432764,1.18794027,1.12391138,0.04381019
"793",212,40,0.36154837,0,1.2676016,1.3712026,0.95812826,1.21927627,1.1535584,0.00551564
"794",213,40,0.29555739,0,1.13095709,1.3712026,0.95812826,1.21927627,1.1535584,0.05427616
"795",214,40,0.16844085,0,1.2331073,1.3712026,0.95812826,1.21927627,1.1535584,0.02394851
"796",215,40,0,0,0,1.3712026,0.95812826,1.21927627,1.1535584,0.02292196
"797",216,40,0,0,0,1.3712026,0.95812826,1.21927627,1.1535584,0.00616702
"798",217,40,0,0,0,1.3712026,0.95812826,1.21927627,1.1535584,0.03355246
"799",218,40,0,0,0,1.3712026,0.95812826,1.21927627,1.1535584,0.01878317
"800",219,40,0,0,0,1.3712026,0.95812826,1.21927627,1.1535584,0.00839818
"801",220,40,0,0,0,1.3712026,0.95812826,1.21927627,1.1535584,0.02473244
"802",209,41,0.30721358,0,1.14394253,1.36773154,0.95570286,1.2161898,1.15063829,0.01231623
"803",210,41,0.30928832,0,1.1498994,1.36773154,0.95570286,1.2161898,1.15063829,0.00875495
"804",211,41,0.30722462,0,1.1452094,1.36773154,0.95570286,1.2161898,1.15063829,0.00498796
"805",212,41,0,0,0,1.36773154,0.95570286,1.2161898,1.15063829,0.08611047
"806",213,41,0,0,0,1.36773154,0.95570286,1.2161898,1.15063829,0.03171566
"807",214,41,0,0,0,1.36773154,0.95570286,1.2161898,1.15063829,0.03071308
"808",215,41,0.01312921,0,0,1.36773154,0.95570286,1.2161898,1.15063829,0.01533568
"809",216,41,0,0,0,1.36773154,0.95570286,1.2161898,1.15063829,0.09851702
"810",217,41,0,0,0,1.36773154,0.95570286,1.2161898,1.15063829,0.02565675
"811",218,41,0,0,0,1.36773154,0.95570286,1.2161898,1.15063829,0.02252246
"812",219,41,0,0,0,1.36773154,0.95570286,1.2161898,1.15063829,0.01785311
"813",220,41,0,0,0,1.36773154,0.95570286,1.2161898,1.15063829,0.02172561
"814",208,42,0,0,0,1.36424826,0.95326891,1.21309246,1.1477079,0.00763239
"815",209,42,0,0,0,1.36424826,0.95326891,1.21309246,1.1477079,0.00408271
"816",210,42,0,0,0,1.36424826,0.95326891,1.21309246,1.1477079,0.01915795
"817",211,42,0,0,0,1.36424826,0.95326891,1.21309246,1.1477079,0.01150784
"818",212,42,0,0,0,1.36424826,0.95326891,1.21309246,1.1477079,0.0116748
"819",213,42,0,0,0,1.36424826,0.95326891,1.21309246,1.1477079,0.00859151
"820",214,42,0.01447785,0,0.09957001,1.36424826,0.95326891,1.21309246,1.1477079,0.00523384
"821",215,42,0.01276666,0,0.07558644,1.36424826,0.95326891,1.21309246,1.1477079,0.00700163
"822",216,42,0,0,0,1.36424826,0.95326891,1.21309246,1.1477079,0.05554345
"823",217,42,0,0,0,1.36424826,0.95326891,1.21309246,1.1477079,0.05183271
"824",218,42,0,0,0,1.36424826,0.95326891,1.21309246,1.1477079,0.03031801
"825",219,42,0,0,0,1.36424826,0.95326891,1.21309246,1.1477079,0.02969804
"826",220,42,0,0,0,1.36424826,0.95326891,1.21309246,1.1477079,0.02906883
"827",221,42,0.61259886,0,1.09731489,1.35501214,0.94681517,1.20487969,1.13993778,0.05452158
"828",223,42,0,0,0,0.0226206,0.01580615,0.02011429,0.01903014,0
"829",207,43,0,0,0,1.36075328,0.95082679,1.20998472,1.14476766,0.00242741
"830",208,43,0,0,0,1.36075328,0.95082679,1.20998472,1.14476766,0.02090233
"831",209,43,0,0,0,1.36075328,0.95082679,1.20998472,1.14476766,0.0118978
"832",210,43,0,0,0,1.36075328,0.95082679,1.20998472,1.14476766,0.01434346
"833",211,43,0.01515989,0,0.0996002,1.36075328,0.95082679,1.20998472,1.14476766,0.01863047
"834",212,43,0.01435277,0,0.09885071,1.36075328,0.95082679,1.20998472,1.14476766,0.03093517
"835",213,43,0.20113159,0,1.24941604,1.36075328,0.95082679,1.20998472,1.14476766,0.03145263
"836",214,43,0.16409266,0,1.25081593,1.36075328,0.95082679,1.20998472,1.14476766,0.03102226
"837",215,43,0.1641762,0,1.23970821,1.36075328,0.95082679,1.20998472,1.14476766,0.02488514
"838",216,43,0,0,0,1.36075328,0.95082679,1.20998472,1.14476766,0.04614772
"839",217,43,0,0,0,1.36075328,0.95082679,1.20998472,1.14476766,0.1127655
"840",218,43,0,0,0,1.36075328,0.95082679,1.20998472,1.14476766,0.0467128
"841",219,43,0,0,0,1.36075328,0.95082679,1.20998472,1.14476766,0.06292297
"842",220,43,0,0,0,1.36075328,0.95082679,1.20998472,1.14476766,0.05914871
"843",221,43,0,0,0,1.36075328,0.95082679,1.20998472,1.14476766,0.02689617
"844",222,43,0,0,0,1.36075328,0.95082679,1.20998472,1.14476766,0.03186286
"845",223,43,0,0,0,0.72012178,0.50318533,0.64033383,0.60582042,0.01246252
"846",207,44,0.01431734,0,0.09868342,1.35724661,0.9483765,1.20686658,1.14181758,0.04659833
"847",208,44,0.01578716,0,0.09676489,1.35724661,0.9483765,1.20686658,1.14181758,0.03400776
"848",209,44,0.14204502,0,1.14651708,1.35724661,0.9483765,1.20686658,1.14181758,0.08352369
"849",210,44,0,0,0,1.35724661,0.9483765,1.20686658,1.14181758,0.12169886
"850",211,44,0,0,0,1.35724661,0.9483765,1.20686658,1.14181758,0.07576012
"851",212,44,0,0,0,1.35724661,0.9483765,1.20686658,1.14181758,0.23829785
"852",213,44,0,0,0,1.35724661,0.9483765,1.20686658,1.14181758,0.13598705
"853",214,44,0,0,0,1.35724661,0.9483765,1.20686658,1.14181758,0.08651727
"854",215,44,0,0,0,1.35724661,0.9483765,1.20686658,1.14181758,0.08073984
"855",216,44,0,0,0,1.35724661,0.9483765,1.20686658,1.14181758,0.07053284
"856",217,44,0,0,0,1.35724661,0.9483765,1.20686658,1.14181758,0.12006026
"857",218,44,0,0,0,1.35903565,0.94817362,1.20686658,1.14181758,0.05315851
"858",219,44,0,0,0,1.35724661,0.9483765,1.20686658,1.14181758,0.14726975
"859",220,44,0,0,0,1.35903565,0.94817362,1.20686658,1.14181758,0.1262604
"860",221,44,0,0,0,1.35724661,0.9483765,1.20686658,1.14181758,0.05805902
"861",222,44,0,0,0,1.35724661,0.9483765,1.20686658,1.14181758,0.04512453
"862",207,45,0.01262439,0,0.07500358,1.35372824,0.94591804,1.20373804,1.13885766,0.0337526
"863",208,45,0,0,0,1.35372824,0.94591804,1.20373804,1.13885766,0.08724967
"864",209,45,0,0,0,1.35372824,0.94591804,1.20373804,1.13885766,0.14339355
"865",210,45,0,0,0,1.35372824,0.94591804,1.20373804,1.13885766,0.08779433
"866",211,45,0,0,0,1.35372824,0.94591804,1.20373804,1.13885766,0.09240655
"867",212,45,0,0,0,1.35372824,0.94591804,1.20373804,1.13885766,0.1171533
"868",213,45,0,0,0,1.35372824,0.94591804,1.20373804,1.13885766,0.11278446
"869",214,45,0,0,0,1.35372824,0.94591804,1.20373804,1.13885766,0.07164653
"870",215,45,0,0,0,1.35551265,0.94571569,1.20373804,1.13885766,0.06843981
"871",216,45,0,0,0,1.35551265,0.94571569,1.20373804,1.13885766,0.06748436
"872",217,45,0,0,0,1.35551265,0.94571569,1.20373804,1.13885766,0.07210938
"873",218,45,0,0,0,1.35551265,0.94571569,1.20373804,1.13885766,0.09215179
"874",219,45,0,0,0,1.35551265,0.94571569,1.20373804,1.13885766,0.18467869
"875",220,45,0,0,0,1.35551265,0.94571569,1.20373804,1.13885766,0.27388124
"876",208,46,0.01316279,0,0.07480799,1.35019817,0.94345141,1.20059909,1.13588791,0.02011633
"877",209,46,0.16305646,0,1.23932964,1.35019817,0.94345141,1.20059909,1.13588791,0.06962375
"878",210,46,0,0,0,1.35019817,0.94345141,1.20059909,1.13588791,0.05264741
"879",211,46,0,0,0,1.35019817,0.94345141,1.20059909,1.13588791,0.05193419
"880",212,46,0,0,0,1.35019817,0.94345141,1.20059909,1.13588791,0.07433071
"881",213,46,0,0,0,1.35019817,0.94345141,1.20059909,1.13588791,0.04464306
"882",214,46,0.17906931,0,1.26559577,1.35019817,0.94345141,1.20059909,1.13588791,0.03699021
"883",215,46,0.17911554,0,1.26559577,1.35197793,0.94324958,1.20059909,1.13588791,0.03180794
"884",216,46,0.17943597,0,1.26559577,1.35197793,0.94324958,1.20059909,1.13588791,0.03778508
"885",217,46,0.17930794,0,1.26559577,1.35197793,0.94324958,1.20059909,1.13588791,0.17512983
"886",218,46,0,0,0,1.35197793,0.94324958,1.20059909,1.13588791,0.11033632
"887",209,47,0.18498231,0,1.23739775,1.34665694,0.94097697,1.19745022,1.13290876,0.04582078
"888",210,47,0,0,0,1.35687082,0.94180732,1.19745022,1.13290876,0.00831783
"889",211,47,0.01659852,0,0.09522972,1.34665694,0.94097697,1.19745022,1.13290876,0.01672308
"890",212,47,0.15193947,0,1.19460178,1.34665694,0.94097697,1.19745022,1.13290876,0.10231823
"891",213,47,0.15724397,0,1.2168841,1.34665694,0.94097697,1.19745022,1.13290876,0.05150103
"892",214,47,0.17809849,0,1.26227643,1.34843203,0.94077567,1.19745022,1.13290876,0.04106877
"893",215,47,0.17820256,0,1.26227643,1.34843203,0.94077567,1.19745022,1.13290876,0.05046211
"894",216,47,0.17211041,0,1.23771848,1.34843203,0.94077567,1.19745022,1.13290876,0.11483118
"895",217,47,0.17508032,0,1.25034875,1.34843203,0.94077567,1.19745022,1.13290876,0.05774832
"896",218,47,0.17880562,0,1.26227643,1.34843203,0.94077567,1.19745022,1.13290876,0.04031378
"897",210,48,0.01667677,0,0.09844568,1.34310348,0.93849399,1.19429048,1.12991932,0.01044031
"898",211,48,0.0314182,0.25783958,0.09421864,1.34310348,0.93849399,1.19429048,1.12991932,0.04123752
"899",214,48,0.03037778,0,0.0971544,1.34433425,0.93845635,1.19429048,1.12991932,0.0070026
"900",215,48,0.19875503,0.25560791,1.22517526,1.34433425,0.93845635,1.19429048,1.12991932,0.0332821
"901",216,48,0.02961036,0.25632649,0.09742228,1.34433425,0.93845635,1.19429048,1.12991932,0.03212434
"902",217,48,0.02836954,0.25691197,0.09788305,1.34487389,0.93829323,1.19429048,1.12991932,0.00696806
"903",218,48,0.02954954,0.25095411,0.09744467,1.34487389,0.93829323,1.19429048,1.12991932,0.00792684
"904",224,43,0,0.00905669,0,0.24037475,0.16770494,0.21346037,0.20195505,0.00142336
"905",225,43,0,0.00251556,0,0.06676574,0.0465812,0.05929008,0.0560944,0
"906",228,43,0,0,0,0.11963853,0.08346956,0.1062428,0.10051641,0.00154537
"907",229,43,0,0,0,0.48997862,0.34184887,0.43511649,0.41166411,0.0102878
"908",230,43,0,0,0,0.25394668,0.17717383,0.22551268,0.21335775,0
"909",231,43,0,0,0,0.10455369,0.07294515,0.09284698,0.08784261,0
"910",223,44,0,0,0,1.35903565,0.94817362,1.20686658,1.14181758,0.03421418
"911",224,44,0,0,0,1.35903565,0.94817362,1.20686658,1.14181758,0.03430839
"912",225,44,0,0,0,1.32329666,0.9232392,1.17512923,1.11179084,0.0111772
"913",226,44,0,0,0,0.74375922,0.51890682,0.66048167,0.62488232,0.00918799
"914",227,44,0,0,0,0.65164625,0.45464133,0.57868245,0.54749199,0.00410608
"915",228,44,0,0,0,1.2130097,0.84629406,1.07719092,1.01913132,0.00676276
"916",229,44,0,0.01508862,0,1.35903565,0.94817362,1.20686658,1.14181758,0.00619406
"917",230,44,0,0.26534355,0,1.35902554,0.94816657,1.2068576,1.14180908,0.00663481
"918",231,44,0,0,0,1.01109472,0.70542177,0.89788404,0.84948892,0.02106045
"919",221,45,0,0,0,1.35551265,0.94571569,1.20373804,1.13885766,0.04538066
"920",222,45,0,0,0,1.35551265,0.94571569,1.20373804,1.13885766,0.04282394
"921",223,45,0,0,0,1.35551265,0.94571569,1.20373804,1.13885766,0.0840589
"922",224,45,0,0,0,1.35551265,0.94571569,1.20373804,1.13885766,0.0408134
"923",225,45,0,0,0,1.35551265,0.94571569,1.20373804,1.13885766,0.02363918
"924",226,45,0.04009391,0,0.0932643,1.35551265,0.94571569,1.20373804,1.13885766,0.02114138
"925",227,45,0.04009391,0,0.0932643,1.35551265,0.94571569,1.20373804,1.13885766,0.00556423
"926",228,45,0,0.2552279,0,1.35551265,0.94571569,1.20373804,1.13885766,0.01955839
"927",229,45,0,0.24164033,0,1.35551265,0.94571569,1.20373804,1.13885766,0.01251307
"928",230,45,0,0,0,1.05738836,0.73771998,0.93899426,0.88838333,0.03658157
"929",219,46,0,0,0,1.35197793,0.94324958,1.20059909,1.13588791,0.09849035
"930",220,46,0,0,0,1.35197793,0.94324958,1.20059909,1.13588791,0.08233908
"931",221,46,0,0,0,1.35197793,0.94324958,1.20059909,1.13588791,0.06544858
"932",222,46,0,0,0,1.35197793,0.94324958,1.20059909,1.13588791,0.10207055
"933",223,46,0,0,0,1.35197793,0.94324958,1.20059909,1.13588791,0.10370821
"934",224,46,0.03998936,0,0.0930211,1.35197793,0.94324958,1.20059909,1.13588791,0.05560867
"935",225,46,0.03998936,0,0.0930211,1.35197793,0.94324958,1.20059909,1.13588791,0.03815562
"936",226,46,0.03998935,0,0.0930211,1.35197793,0.94324958,1.20059909,1.13588791,0.05988082
"937",227,46,0,0.03723236,0,1.35197793,0.94324958,1.20059909,1.13588791,0.11206426
"938",228,46,0,0.03505515,0,1.30937391,0.91352556,1.16276539,1.1000934,0.109298
"939",229,46,0,0.02757221,0,0.97866473,0.68279598,0.86908519,0.8222423,0.04953566
"940",219,47,0.16461919,0,1.26264343,1.34843203,0.94077567,1.19745022,1.13290876,0.05087015
"941",220,47,0,0,0,1.34843203,0.94077567,1.19745022,1.13290876,0.06258255
"942",221,47,0,0,0,1.34843203,0.94077567,1.19745022,1.13290876,0.12882708
"943",222,47,0,0,0,1.34843203,0.94077567,1.19745022,1.13290876,0.11767006
"944",223,47,0,0,0,1.34843203,0.94077567,1.19745022,1.13290876,0.06969155
"945",224,47,0,0,0,1.34843203,0.94077567,1.19745022,1.13290876,0.06237403
"946",225,47,0,0,0,1.34843203,0.94077567,1.19745022,1.13290876,0.05730607
"947",226,47,0.03988447,0,0.09277713,1.34843203,0.94077567,1.19745022,1.13290876,0.04084002
"948",227,47,0,0.03674636,0,1.34843203,0.94077567,1.19745022,1.13290876,0.10509134
"949",228,47,0,0.04028375,0,1.34069557,0.93537809,1.19058001,1.12640884,0.14375652
"950",229,47,0,0.02564806,0,0.8541436,0.59591993,0.75850649,0.71762369,0.07656337
"951",219,48,0.19710725,0.25226358,1.22743149,1.34487389,0.93829323,1.19429048,1.12991932,0.03010575
"952",220,48,0.18331823,0,1.22984618,1.34487389,0.93829323,1.19429048,1.12991932,0.02812887
"953",221,48,0.18248336,0,1.22613187,1.34487389,0.93829323,1.19429048,1.12991932,0.03576242
"954",222,48,0.01485499,0,0.09831046,1.34487389,0.93829323,1.19429048,1.12991932,0.03496861
"955",223,48,0.1430659,0,1.16615905,1.34487389,0.93829323,1.19429048,1.12991932,0.02549256
"956",224,48,0,0,0,1.34487389,0.93829323,1.19429048,1.12991932,0.04844063
"957",225,48,0,0,0,1.34487389,0.93829323,1.19429048,1.12991932,0.03821386
"958",226,48,0.03977923,0,0.09253232,1.34487389,0.93829323,1.19429048,1.12991932,0.03730948
"959",227,48,0.03977923,0,0.09253232,1.34487389,0.93829323,1.19429048,1.12991932,0.0601047
"960",228,48,0.13842571,0.19843111,1.11507452,1.34487389,0.93829323,1.19429048,1.12991932,0.04866484
"961",229,48,0.14509672,0.03853811,1.08313081,1.34487389,0.93829323,1.19429048,1.12991932,0.04587044
"962",230,48,0,0.02992522,0,1.17570191,0.82026512,1.04406042,0.98778652,0.04758408
"963",231,48,0,0.0127014,0,0.45330219,0.31626041,0.40254666,0.38084976,0.01213151
"964",221,49,0.03044162,0.020228,0.10127912,1.34130403,0.93580261,1.19112034,1.12692005,0.01538818
"965",222,49,0.14490606,0,1.13866075,1.34130403,0.93580261,1.19112034,1.12692005,0.02653648
"966",223,49,0.15973076,0.24287742,1.13671415,1.34130403,0.93580261,1.19112034,1.12692005,0.02677139
"967",224,49,0.30280107,0,1.18331637,1.3406714,0.9360529,1.19112034,1.12692005,0.02192636
"968",225,49,0.30377783,0,1.18380489,1.34130403,0.93580261,1.19112034,1.12692005,0.02127905
"969",226,49,0.30127842,0,1.17519057,1.34130403,0.93580261,1.19112034,1.12692005,0.03461432
"970",227,49,0.04116702,0,0.0922867,1.34130403,0.93580261,1.19112034,1.12692005,0.04333062
"971",228,49,0.04065283,0,0.0922867,1.3406714,0.9360529,1.19112034,1.12692005,0.01669252
"972",106,67,0,0,0,1.32628303,0.89118994,1.14294606,1.08918573,0.00400661
"973",107,67,0,0,0,1.32628303,0.89118994,1.14294606,1.08918573,0.01460695
"974",105,68,0,0,0,1.3223456,0.88854421,1.13955292,1.08595219,0.02145294
"975",106,68,0,0,0.05333158,1.3223456,0.88854421,1.13955292,1.08595219,0.19426012
"976",107,68,0,0,0.05370229,1.3223456,0.88854421,1.13955292,1.08595219,0.10181256
"977",108,68,0,0,0,1.3223456,0.88854421,1.13955292,1.08595219,0.03569862
"978",109,68,0,0,0,1.3223456,0.88854421,1.13955292,1.08595219,0.01881534
"979",110,68,0,0,0,1.3223456,0.88854421,1.13955292,1.08595219,0.0389896
"980",111,68,0,0,0,1.3223456,0.88854421,1.13955292,1.08595219,0.02596133
"981",100,69,0.49964488,0,0.79539026,1.27040472,0.86430133,1.10791478,1.05049348,0.5479971
"982",105,69,0,0.19787278,0.06283737,1.31839655,0.88589066,1.13614976,1.0827091,0.23180478
"983",106,69,0,0,0.05346419,1.31839655,0.88589066,1.13614976,1.0827091,0.12875379
"984",107,69,0,0,0.0540492,1.31839655,0.88589066,1.13614976,1.0827091,0.16595963
"985",108,69,0,0,0.05458913,1.31839655,0.88589066,1.13614976,1.0827091,0.28911953
"986",109,69,0,0,0.05402043,1.31839655,0.88589066,1.13614976,1.0827091,0.19204029
"987",110,69,0,0,0.05441078,1.31839655,0.88589066,1.13614976,1.0827091,0.10448091
"988",111,69,0,0,0.05457055,1.31839655,0.88589066,1.13614976,1.0827091,0.13280051
"989",112,69,0,0,0,1.31839655,0.88589066,1.13614976,1.0827091,0.0274693
"990",101,70,0.36129678,0,0.63064706,1.0024408,0.67358561,0.86386973,0.82323621,0.25442199
"991",105,70,0.44287494,0.2544909,0.71195439,1.09000822,0.73242614,0.93933238,0.89514935,0.20293987
"992",106,70,0,0,0,1.31443643,0.88322967,1.13273705,1.07945692,0.07090392
"993",110,70,0,0,0,1.31443643,0.88322967,1.13273705,1.07945692,0.02097479
"994",111,70,0,0,0,1.31443643,0.88322967,1.13273705,1.07945692,0.01395869
"995",112,70,0,0,0,1.31443643,0.88322967,1.13273705,1.07945692,0.06390948
"996",113,70,0,0,0,1.31443643,0.88322967,1.13273705,1.07945692,0.02363079
"997",101,71,0,0.26744775,0,1.26635234,0.85091978,1.09129981,1.03996874,0.10792689
"998",102,71,0.04312226,0.44173969,0.07447622,1.30858981,0.87930106,1.12769864,1.0746555,0.26528918
"999",103,71,0.04047853,0.0611934,0.06990556,1.22800689,0.82515373,1.05825498,1.00847824,0.48496413
"1000",104,71,0.04728908,0.42921453,0.07448928,1.30584009,0.8774534,1.12532902,1.07239734,0.25012449
"1001",114,71,0,0,0,1.31046467,0.88030226,1.12931433,1.07619519,0.0179863
"1002",102,72,0,0.29131071,0,1.30648129,0.87788425,1.12588158,1.07292391,0.15322762
"1003",103,72,0.04198849,0.42786958,0.07260915,1.27569064,0.85719461,1.09934724,1.04763765,0.27809944
"1004",104,72,0.04209097,0.37913395,0.06569298,1.15174289,0.77390848,0.99253324,0.94584782,0.16300392
"1005",107,70,0,0,0,1.31443643,0.88293491,1.13273705,1.07945692,0.03747237
"1006",108,70,0,0,0,1.31443643,0.88293491,1.13273705,1.07945692,0.01683003
"1007",109,70,0,0,0,1.31443643,0.88322967,1.13273705,1.07945692,0.0343436
"1008",105,71,0,0.27009688,0.05092778,1.31046467,0.88026699,1.12931433,1.07619519,0.12450587
"1009",106,71,0,0.290173,0,1.28082961,0.86036049,1.10377583,1.05185794,0.1421879
"1010",107,71,0,0,0,1.31046467,0.88026699,1.12931433,1.07619519,0.03378997
"1011",108,71,0,0,0,1.31046467,0.88026699,1.12931433,1.07619519,0.03927587
"1012",109,71,0,0,0,1.31046467,0.88026699,1.12931433,1.07619519,0.03390814
"1013",110,71,0,0,0,1.27551954,0.85679361,1.09919979,1.04749714,0.04369355
"1014",111,71,0,0,0,1.31046467,0.88026699,1.12931433,1.07619519,0.03207173
"1015",112,71,0,0,0,1.31046467,0.88026699,1.12931433,1.07619519,0.01425853
"1016",113,71,0,0,0,1.31046467,0.88026699,1.12931433,1.07619519,0.0225007
"1017",105,72,0.04949687,0.43263796,0.07440422,1.30648129,0.87788425,1.12588158,1.07292391,0.22026171
"1018",106,72,0.04878598,0.42070349,0,1.26967127,0.8528652,1.09415995,1.04269435,0.26025269
"1019",107,72,0,0.28562959,0.0509107,1.30648129,0.87759127,1.12588158,1.07292391,0.10061087
"1020",108,72,0,0,0.05313395,1.30648129,0.87759127,1.12588158,1.07292391,0.0513126
"1021",109,72,0.04801666,0.42151141,0,1.25831858,0.84523935,1.08437658,1.03337116,0.27701239
"1022",110,72,0,0.17033006,0.05520171,1.13488356,0.76232543,0.97800444,0.93200241,0.05183859
"1023",111,72,0,0,0.04736102,1.19006232,0.79939017,1.02555563,0.97731696,0.06679604
"1024",112,72,0,0,0,1.26232466,0.84793032,1.08782889,1.03666108,0.0687783
"1025",113,72,0,0,0,1.30648129,0.87759127,1.12588158,1.07292391,0.03280074
"1026",103,73,0,0.28819337,0,1.30248683,0.87490811,1.12243929,1.06964354,0.10404479
"1027",104,73,0,0.21975911,0,0.99878743,0.67090676,0.86072138,0.82023595,0.09764264
"1028",105,73,0.02684037,0.24439611,0.04059613,0.71399276,0.47960412,0.61529492,0.58635352,0.09838312
"1029",106,73,0.04192954,0.37105934,0.06309597,1.10807961,0.74432065,0.9549057,0.90999016,0.16435187
"1030",107,73,0.05020406,0.42385039,0,1.30248683,0.87490811,1.12243929,1.06964354,0.21163549
"1031",108,73,0.05006828,0.41349241,0,1.30248683,0.87490811,1.12243929,1.06964354,0.33875336
"1032",109,73,0.60474541,0,0.83390773,1.30248683,0.87490811,1.12243929,1.06964354,0.22640829
"1033",110,73,0,0,0.06411585,1.30248683,0.87490811,1.12243929,1.06964354,0.10827471
"1034",104,74,0,0.26965338,0,1.29848075,0.87221714,1.11898699,1.06635361,0.14094968
"1035",105,74,0,0.28544979,0,1.28834954,0.86541179,1.11025625,1.05803354,0.16435503
"1036",106,74,0,0.25595113,0,1.17803521,0.7913113,1.01519107,0.96743991,0.14039078
"1037",107,74,0.04662401,0.40196834,0,1.21170957,0.81393109,1.04421051,0.99509437,0.29565091
"1038",108,74,0.0197462,0,0.08331968,1.29848075,0.87221714,1.11898699,1.06635361,0.23873196
"1039",109,74,0.01979935,0.29673007,0.08328581,1.29848075,0.87221714,1.11898699,1.06635361,0.27355915
"1040",110,74,0.01981955,0.29673014,0.08295927,1.29848075,0.87221714,1.11898699,1.06635361,0.10716485
"1041",106,75,0.02479379,0.29276609,0.08124327,1.29446359,0.86951873,1.11552513,1.06305459,0.09323783
"1042",107,75,0.02479379,0.29601463,0.08124327,1.29446359,0.86951873,1.11552513,1.06305459,0.1178248
"1043",108,75,0.02479379,0.28926933,0.08124327,1.29446359,0.86951873,1.11552513,1.06305459,0.20379022
"1044",109,75,0.02005501,0,0.0840367,1.29446359,0.86951873,1.11552513,1.06305459,0.25402665
"1045",110,75,0.03841262,0.29581213,0.08388255,1.29446359,0.86951873,1.11552513,1.06305459,0.33243926
"1046",106,76,0.04983194,0,0.05870445,1.2904348,0.86681251,1.11205326,1.05974603,0.18593407
"1047",107,76,0.04991887,0.38934586,0.06244817,1.2904348,0.86681251,1.11205326,1.05974603,0.13472397
"1048",108,76,0.02145967,0,0.08115191,1.2904348,0.86681251,1.11205326,1.05974603,0.21057109
"1049",109,76,0.02328741,0,0.08162536,1.2904348,0.86681251,1.11205326,1.05974603,0.25154687
"1050",114,75,0.0277915,0,0.07687154,1.27286894,0.85536709,1.09691559,1.04532038,0.32188518
"1051",110,76,0.02949482,0,0.08426814,1.2904348,0.86696298,1.11205326,1.05974603,0.29727674
"1052",111,76,0.05246011,0.2948914,0.08567494,1.2904348,0.86696298,1.11205326,1.05974603,0.24946456
"1053",112,76,0.05563526,0,0.07774971,1.2904348,0.86696298,1.11205326,1.05974603,0.4170584
"1054",113,76,0.05624669,0.29489147,0.07699108,1.2904348,0.86696298,1.11205326,1.05974603,0.60768957
"1055",109,77,1.35414668,0,0.06026655,1.26920018,0.86400653,1.10741857,1.05002298,0.66611977
"1056",113,77,0.05560736,0.37802756,0.07681901,1.28639494,0.86424885,1.10857185,1.05642837,0.38237262
"1057",115,75,0.04988242,0,0.07025813,1.15915484,0.77895129,0.99892061,0.95193475,0.37116611
"1058",116,75,0.6906705,0,0.05000787,1.0701201,0.71912,0.92219347,0.8788166,0.31407357
"1059",114,76,0.02814417,0,0.07702211,1.2904348,0.86717134,1.11205326,1.05974603,0.61023301
"1060",115,76,0.05427605,0.28564588,0.07453676,1.2499764,0.83998332,1.07718757,1.0265203,0.64893072
"1061",116,76,0.02746937,0,0.0750795,1.25963031,0.84647074,1.08550699,1.0344484,0.47167914
"1062",117,76,0.05546844,0,0.07963194,1.2904348,0.86673148,1.11205326,1.05974603,0.18245667
"1063",115,77,0.05590956,0.29396827,0.07715155,1.28639494,0.86445655,1.10857185,1.05642837,0.39919395
"1064",116,77,0.05599791,0.29396828,0.07788769,1.28639494,0.86445655,1.10857185,1.05642837,0.40195967
"1065",118,70,0,0,0,1.31443643,0.88278163,1.13273705,1.07945692,0.00906532
"1066",119,70,0,0,0.05378823,1.31443643,0.88285237,1.13273705,1.07945692,0.03471579
"1067",121,70,0,0,0,1.31443643,0.88285237,1.13273705,1.07945692,0.0167943
"1068",122,70,0,0,0,1.31443643,0.88285237,1.13273705,1.07945692,0.06371501
"1069",123,70,0,0,0,1.31443643,0.88285237,1.13273705,1.07945692,0.01524259
"1070",124,70,0,0,0,1.31443643,0.88285237,1.13273705,1.07945692,0.01080228
"1071",116,71,0,0,0,1.31046467,0.88018471,1.12931433,1.07619519,0.04226119
"1072",118,71,0,0,0,1.31046467,0.88018471,1.12931433,1.07619519,0
"1073",119,71,0,0,0,1.31046467,0.88018471,1.12931433,1.07619519,0.01178031
"1074",120,71,0,0,0,1.31046467,0.88018471,1.12931433,1.07619519,0.03615017
"1075",121,71,0,0,0,1.31046467,0.88018471,1.12931433,1.07619519,0.02489269
"1076",122,71,0,0,0,1.31046467,0.88018471,1.12931433,1.07619519,0.01143341
"1077",123,71,0,0,0,1.31046467,0.88018471,1.12931433,1.07619519,0.05559461
"1078",124,71,0,0,0,1.31046467,0.88018471,1.12931433,1.07619519,0.02603893
"1079",126,71,0,0,0,1.31046467,0.88018471,1.12931433,1.07619519,0.01025965
"1080",117,72,0,0,0,1.30648129,0.87750924,1.12588158,1.07292391,0.01873778
"1081",118,72,0,0,0.05208386,1.30648129,0.87750924,1.12588158,1.07292391,0.0513888
"1082",119,72,0,0,0.05305583,1.30648129,0.87750924,1.12588158,1.07292391,0.06621967
"1083",120,72,0,0,0.06497151,1.30648129,0.87750924,1.12588158,1.07292391,0.07743314
"1084",121,72,0,0.61889661,0,1.30648129,0.87750924,1.12588158,1.07292391,0.04461417
"1085",122,72,0,0,0,1.30648129,0.87750924,1.12588158,1.07292391,0.051388
"1086",123,72,0,0,0,1.30648129,0.87750924,1.12588158,1.07292391,0.00604125
"1087",124,72,0,0,0,1.30648129,0.87750924,1.12588158,1.07292391,0.01521239
"1088",125,72,0,0,0,1.30648129,0.87750924,1.12588158,1.07292391,0.02166538
"1089",126,72,0,0,0,1.30648129,0.87750924,1.12588158,1.07292391,0.00489564
"1090",118,73,0,0,0.05290045,1.30248683,0.87482633,1.12243929,1.06964354,0.02637475
"1091",119,73,0,0,0,1.30248683,0.87482633,1.12243929,1.06964354,0.01040751
"1092",120,73,0,0,0.05286301,1.30248683,0.87482633,1.12243929,1.06964354,0.01886972
"1093",121,73,0,0,0.0644577,1.30248683,0.87482633,1.12243929,1.06964354,0.10242996
"1094",122,73,0,0.37124637,0.05196036,1.30248683,0.87482633,1.12243929,1.06964354,0.02580502
"1095",123,73,0,0,0,1.30248683,0.87482633,1.12243929,1.06964354,0.01619825
"1096",126,73,0,0,0,1.30248683,0.87482633,1.12243929,1.06964354,0.02233177
"1097",118,74,0,0,0.06099804,1.26694702,0.85095571,1.09181228,1.04045712,0.08237008
"1098",119,74,0,0,0.0474747,1.19158779,0.80034004,1.02687023,0.97856972,0.04045728
"1099",120,74,0,0,0.06373244,1.29848075,0.87213561,1.11898699,1.06635361,0.11332933
"1100",117,75,0.05203874,0.27752998,0.0758615,1.2144615,0.81570337,1.04658203,0.99735434,0.22910107
"1101",118,75,0.00870615,0,0.08399653,1.29446359,0.86943745,1.11552513,1.06305459,0.069905
"1102",119,75,0,0.31231867,0.06331225,1.29446359,0.86943745,1.11552513,1.06305459,0.02840789
"1103",120,75,0,0.19428078,0.06232387,1.29446359,0.86943745,1.11552513,1.06305459,0.06859036
"1104",118,76,0.0280777,0,0.0826302,1.2904348,0.86673148,1.11205326,1.05974603,0.19376783
"1105",119,76,0.02760665,0,0.0823771,1.2904348,0.86673148,1.11205326,1.05974603,0.15382967
"1106",120,76,0.04974233,0,0.08082869,1.26922055,0.85248275,1.09377153,1.04232421,0.20018779
"1107",121,76,0.23752626,0,0.94715585,1.2153347,0.81628986,1.04733452,0.99807144,0.32585536
"1108",117,77,0.05376035,0,0.07930954,1.24620453,0.83702384,1.0739371,1.02342272,0.22455587
"1109",118,77,0.02751227,0,0.08159159,1.27596251,0.85701104,1.09958153,1.04786092,0.19724397
"1110",119,77,0.04284617,0,0.0633655,0.99957314,0.67137178,0.86139848,0.8208812,0.17812351
"1111",120,77,0,0,0.016643,0.3304895,0.22197608,0.28480472,0.27140847,0.11656837
"1112",115,78,0.05536191,0,0.08136712,1.28234401,0.86129723,1.10508089,1.05310161,0.1721255
"1113",115,71,0,0,0,1.31046467,0.88030226,1.12931433,1.07619519,0.05876169
"1114",114,72,0,0,0,1.30648129,0.87759127,1.12588158,1.07292391,0.01872177
"1115",115,72,0,0,0.05322446,1.30648129,0.87762643,1.12588158,1.07292391,0.05228063
"1116",116,72,0,0,0,1.30648129,0.87762643,1.12588158,1.07292391,0.02105366
"1117",111,73,0,0.66232604,0.06326216,1.30248683,0.87494316,1.12243929,1.06964354,0.04247428
"1118",112,73,0.07432822,0.26046173,0.05044179,1.30248683,0.87494316,1.12243929,1.06964354,0.03770551
"1119",113,73,0.00838516,0,0.07935972,1.23228152,0.82778287,1.06193872,1.0119887,0.0950531
"1120",114,73,0.06840375,0.26775407,0.04233425,1.18516199,0.79613041,1.0213327,0.97329265,0.0716557
"1121",115,73,0,0.16826534,0.05351608,1.12112666,0.75311479,0.9661492,0.9207048,0.0819699
"1122",116,73,0,0,0.05161366,1.30248683,0.87494316,1.12243929,1.06964354,0.01452492
"1123",117,73,0,0,0.05191652,1.30248683,0.87494316,1.12243929,1.06964354,0.00679252
"1124",111,74,0.00873366,0,0.0844076,1.29848075,0.87225208,1.11898699,1.06635361,0.0612685
"1125",112,74,0.02697437,0,0.08014984,1.25558602,0.84343763,1.08202176,1.0311271,0.11323541
"1126",113,74,0.02672522,0,0.07995879,1.25634294,0.84394609,1.08267404,1.03174871,0.26429819
"1127",114,74,0.0202784,0,0.05962244,0.93445365,0.62771754,0.80528069,0.767403,0.14699385
"1128",115,74,0.00818269,0,0.07907857,1.21310602,0.81490176,1.04541392,0.99624118,0.11463512
"1129",116,74,0.07005669,0.26149977,0.04624206,1.23203567,0.82761772,1.06172686,1.01178681,0.02548151
"1130",117,74,0,0,0.05397124,1.29848075,0.87225208,1.11898699,1.06635361,0.00989485
"1131",111,75,0.02691737,0,0.08046142,1.29446359,0.86966967,1.11552513,1.06305459,0.28031256
"1132",112,75,0.05545345,0,0.07986268,1.29065573,0.86699564,1.11224365,1.05992746,0.29494207
"1133",113,75,0.02637982,0,0.07502811,1.21140724,0.81376061,1.04394997,0.99484609,0.24934097
"1134",117,67,0.08914375,0,0.93299989,1.1783469,0.80162888,1.01922048,0.9747135,0.41775241
"1135",117,68,0,0,0.08895922,1.28563359,0.86343751,1.10791574,1.05580312,0.36557414
"1136",115,69,0,0,0.05336705,1.31839655,0.88544127,1.13614976,1.0827091,0.04895458
"1137",116,69,0,0,0.06329102,1.30619779,0.87724852,1.12563727,1.07269109,0.1507429
"1138",117,69,0,0,0.06334785,1.31279357,0.88167828,1.1313213,1.07810776,0.11211583
"1139",118,69,0,0,0.06365311,1.31839655,0.88551222,1.13614976,1.0827091,0.17127892
"1140",115,70,0,0,0.05374574,1.31443643,0.88278163,1.13273705,1.07945692,0.0405194
"1141",116,70,0,0,0.05374574,1.31443643,0.88278163,1.13273705,1.07945692,0.07900511
"1142",117,70,0,0,0.06407606,1.31443643,0.88278163,1.13273705,1.07945692,0.222678
"1143",117,71,0,0,0,1.31046467,0.88011418,1.12931433,1.07619519,0.02537324
"1144",150,92,0.24020913,0,0.05383099,1.20090792,0.82252326,1.05871254,0.99364723,0.72201273
"1145",151,92,0.24641566,0,0.04926747,1.20090792,0.82252326,1.05871254,0.99364723,0.49886853
"1146",146,89,0.29544898,0,0.05738781,1.20839239,0.82988796,1.06959174,1.00385783,0.02632299
"1147",147,89,0.26770256,0,0.75565683,1.20839239,0.82988796,1.06959174,1.00385783,0.10207849
"1148",148,89,0.2371538,0,0.05398859,1.20839239,0.82988796,1.06959174,1.00385783,0.06322355
"1149",149,89,0.24137036,0,0.05398859,1.20839239,0.82988796,1.06959174,1.00385783,0.03997949
"1150",150,89,0.24046334,0,0.05398859,1.20839239,0.82988796,1.06959174,1.00385783,0.04552259
"1151",151,89,0.24071098,0,0.05398859,1.20839239,0.82988796,1.06959174,1.00385783,0.05023871
"1152",152,89,0.23857593,0,0.05363436,1.20646677,0.82982138,1.06959174,1.00385783,0.02388277
"1153",153,89,0.29459164,0,0.05738781,1.20839239,0.82988796,1.06959174,1.00385783,0.04034254
"1154",147,90,0.2684751,0,0.75328528,1.20430603,0.82708157,1.06597475,1.00046313,0.11144177
"1155",148,90,0.26485424,0,0.69983229,1.20430603,0.82708157,1.06597475,1.00046313,0.1309868
"1156",149,90,0.2377403,0,0.05380601,1.20430603,0.82708157,1.06597475,1.00046313,0.07465988
"1157",150,90,0.24061473,0,0.05380602,1.20430603,0.82708157,1.06597475,1.00046313,0.05592028
"1158",151,90,0.21503324,0,0.05380602,1.20430603,0.82708157,1.06597475,1.00046313,0.06925666
"1159",152,90,0.21503288,0,0,1.20430603,0.82708157,1.06597475,1.00046313,0.08273296
"1160",153,90,0.23634661,0,0.05345299,1.20430603,0.82708157,1.06597475,1.00046313,0.06854917
"1161",154,90,0.23524399,0,0.05345298,1.20430603,0.82708157,1.06597475,1.00046313,0.08385821
"1162",155,90,0.23498214,0,0.05345298,1.20218667,0.82724745,1.06597475,1.00046313,0.04578903
"1163",147,91,0.23199953,0,0.05327113,1.20020886,0.82426775,1.0623482,0.99705945,0.13557892
"1164",148,91,0.2643408,0,0.75072252,1.20020886,0.82426775,1.0623482,0.99705945,0.17089825
"1165",149,91,0.23430649,0,0.05327113,1.20020886,0.82426775,1.0623482,0.99705945,0.21404341
"1166",150,91,0.24216859,0,0.05327114,1.20020886,0.82426775,1.0623482,0.99705945,0.29775685
"1167",151,91,0.24533837,0,0.04943666,1.20020886,0.82426775,1.0623482,0.99705945,0.21194731
"1168",152,91,0.21965862,0,0.05362297,1.20020886,0.82426775,1.0623482,0.99705945,0.21083086
"1169",153,91,0.24275269,0,0.04943666,1.20020886,0.82426775,1.0623482,0.99705945,0.10296066
"1170",154,91,0.240493,0,0.04943666,1.20020886,0.82426775,1.0623482,0.99705945,0.09785134
"1171",155,91,0.27032555,0,0.74688805,1.20020886,0.82426775,1.0623482,0.99705945,0.14898227
"1172",156,91,0.2910738,0,0.04943666,1.20020886,0.82426775,1.0623482,0.99705945,0.15881667
"1173",145,92,0.23509243,0,0,1.1961014,0.82144687,1.05871254,0.99364723,0.06972597
"1174",146,92,0.23462787,0,0.05308882,1.1961014,0.82144687,1.05871254,0.99364723,0.08624775
"1175",147,92,0.22429371,0,0.05262249,1.1961014,0.82144687,1.05871254,0.99364723,0.13255498
"1176",148,92,0.26959784,0,0.74503651,1.1961014,0.82144687,1.05871254,0.99364723,0.22947481
"1177",149,92,0.24181144,0,0.053831,1.1961014,0.82144687,1.05871254,0.99364723,0.36421342
"1178",152,92,0.24833448,0,0.04926747,1.1961014,0.82144687,1.05871254,0.99364723,0.18688485
"1179",153,92,0.26827436,0,0.04926747,1.1961014,0.82144687,1.05871254,0.99364723,0.15976845
"1180",154,92,0.28922588,0,0.05532579,1.1961014,0.82144687,1.05871254,0.99364723,0.17272015
"1181",155,92,0.28943833,0,0.75074129,1.1961014,0.82144687,1.05871254,0.99364723,0.17234908
"1182",147,93,0.26976337,0,0.741732,1.19198367,0.81861894,1.05506779,0.99022648,0.09608316
"1183",148,93,0.27539905,0,0.74339855,1.19198367,0.81861894,1.05506779,0.99022648,0.16222457
"1184",149,93,0.31952211,0,0.74339855,1.19198367,0.81861894,1.05506779,0.99022648,0.17999612
"1185",150,93,0.52417082,0,0.80564476,1.19198367,0.81861894,1.05506779,0.99022648,0.20841977
"1186",151,93,0.52119651,0,0.78988074,1.19198367,0.81861894,1.05506779,0.99022648,0.20611866
"1187",152,93,0.31601223,0,0.74247163,1.19198367,0.81861894,1.05506779,0.99022648,0.13372242
"1188",153,93,0.31758652,0,0.74288916,1.19198367,0.81861894,1.05506779,0.99022648,0.17992451
"1189",154,93,0.28709124,0,0.69368008,1.19198367,0.81861894,1.05506779,0.99022648,0.15817815
"1190",155,93,0.35048016,0,0.75654123,1.19198367,0.81861894,1.05506779,0.99022648,0.11346433
"1191",150,94,0.31603282,0,0.74082371,1.18785512,0.81578357,1.05141346,0.98679673,0.17422182
"1192",151,94,0.26922899,0,0.7399,1.18785512,0.81578357,1.05141346,0.98679673,0.07219154
"1193",152,94,0.27863986,0,0.05345987,1.18785512,0.81578357,1.05141346,0.98679673,0.08985871
"1194",153,94,0.31657999,0,0.74629163,1.18785512,0.81578357,1.05141346,0.98679673,0.21404925
"1195",154,94,0.31209201,0,0.74376419,1.18785512,0.81578357,1.05141346,0.98679673,0.08527106
"1196",153,95,0.51107927,0.40990513,0,1.1837163,0.81294115,1.04775004,0.98335845,0.05955267
"1197",149,83,0.32228338,0.25230499,0.05487784,1.23072283,0.84650497,1.09109592,1.02404042,0.05245793
"1198",147,84,0.31864,0.30221953,0.0475474,1.22670671,0.84374263,1.08753543,1.02069875,0.03707305
"1199",148,84,0.27927113,0.23500705,0.05360453,1.22670671,0.84374263,1.08753543,1.02069875,0.0111311
"1200",149,84,0.02895867,0.25008982,0.05469876,1.22670671,0.84374263,1.08753543,1.02069875,0.04391435
"1201",150,84,0.30121411,0,0.05835055,1.22670671,0.84374263,1.08753543,1.02069875,0.03046993
"1202",151,84,0.29595044,0,0.05733613,1.22670671,0.84374263,1.08753543,1.02069875,0.04475259
"1203",152,84,0.29969452,0,0.05733613,1.22670671,0.84374263,1.08753543,1.02069875,0.04983472
"1204",146,85,0.24961433,0.30845315,0.05380382,1.22267978,0.84097287,1.08396536,1.01734809,0.01226281
"1205",147,85,0.24609059,0.30539547,0.05384313,1.22267978,0.84097287,1.08396536,1.01734809,0.01324816
"1206",148,85,0.24646174,0.25538413,0.07506911,1.22267978,0.84097287,1.08396536,1.01734809,0.01775726
"1207",149,85,0.29767073,0,0.05815902,1.22267978,0.84097287,1.08396536,1.01734809,0.0466013
"1208",150,85,0.26751432,0,0.76599858,1.22267978,0.84097287,1.08396536,1.01734809,0.17523517
"1209",151,85,0.2224987,0,0.71164346,1.22267978,0.84097287,1.08396536,1.01734809,0.0852557
"1210",152,85,0.22041487,0,0.76581167,1.22267978,0.84097287,1.08396536,1.01734809,0.05510421
"1211",153,85,0.32043968,0,0.76322175,1.22267978,0.84097287,1.08396536,1.01734809,0.07053629
"1212",144,86,0.24871704,0.26423338,0.04891607,1.21864259,0.83819604,1.0803862,1.01398889,0.00116149
"1213",145,86,0.24487109,0.30197013,0.05354815,1.21864259,0.83819604,1.0803862,1.01398889,0.01195907
"1214",146,86,0.24617459,0.30281002,0.05433918,1.21864259,0.83819604,1.0803862,1.01398889,0.03566109
"1215",147,86,0.58436988,0,0.85285504,1.21864259,0.83819604,1.0803862,1.01398889,0.0428425
"1216",148,86,0.46965686,0,0.78671079,1.21864259,0.83819604,1.0803862,1.01398889,0.05219664
"1217",149,86,0.22163361,0,0.76328302,1.21864259,0.83819604,1.0803862,1.01398889,0.0591327
"1218",150,86,0.26457637,0,0.76328302,1.21864259,0.83819604,1.0803862,1.01398889,0.08956374
"1219",151,86,0.26551448,0,0.76328302,1.21864259,0.83819604,1.0803862,1.01398889,0.06522621
"1220",152,86,0.26838517,0,0.76013601,1.21864259,0.83819604,1.0803862,1.01398889,0.06072522
"1221",153,86,0.28198697,0,0.05453345,1.21864259,0.83819604,1.0803862,1.01398889,0.07364027
"1222",154,86,0.296264,0,0.05695921,1.21864259,0.83819604,1.0803862,1.01398889,0.07703388
"1223",155,86,0.29982038,0,0.05695921,1.21864259,0.83819604,1.0803862,1.01398889,0.02314437
"1224",156,86,0.21776935,0,0.05417405,1.21864259,0.83819604,1.0803862,1.01398889,0.06302859
"1225",142,87,0.27110281,0.2948271,0.0761586,1.21459461,0.83541179,1.07679746,1.01062071,0.04581064
"1226",143,87,0.27089519,0.3020384,0.07785543,1.21459461,0.83541179,1.07679746,1.01062071,0.01847753
"1227",144,87,0.27216606,0.26175138,0.07785536,1.21459461,0.83541179,1.07679746,1.01062071,0.02003148
"1228",145,87,0.29596222,0,0.05777443,1.21459461,0.83541179,1.07679746,1.01062071,0.06319387
"1229",146,87,0.24016408,0,0,1.21459461,0.83541179,1.07679746,1.01062071,0.04739225
"1230",147,87,0.23868582,0,0,1.21459461,0.83541179,1.07679746,1.01062071,0.08091184
"1231",148,87,0.2678115,0,0.76074761,1.21459461,0.83541179,1.07679746,1.01062071,0.09143921
"1232",149,87,0.26679719,0,0.76074761,1.21459461,0.83541179,1.07679746,1.01062071,0.05200919
"1233",150,87,0.26802748,0,0.76093329,1.21459461,0.83541179,1.07679746,1.01062071,0.12664013
"1234",151,87,0.21986858,0,0.76074761,1.21459461,0.83541179,1.07679746,1.01062071,0.05609447
"1235",152,87,0.30654816,0,0.76093329,1.21459461,0.83541179,1.07679746,1.01062071,0.11789808
"1236",153,87,0.29455041,0,0.05683527,1.21459461,0.83541179,1.07679746,1.01062071,0.07142682
"1237",154,87,0.29438409,0,0.05777443,1.21439232,0.83564639,1.07679746,1.01062071,0.07772008
"1238",140,88,0.30988423,0.46617228,0.05617971,1.21053582,0.83262011,1.07319915,1.00724354,0.02785287
"1239",141,88,0.58040519,0,0.83680862,1.21053582,0.83262011,1.07319915,1.00724354,0.06534669
"1240",142,88,0.57507648,0,0.76482326,1.21053582,0.83262011,1.07319915,1.00724354,0.04396141
"1241",143,88,0.26767692,0,0.75820544,1.21053582,0.83262011,1.07319915,1.00724354,0.09564035
"1242",144,88,0.27043881,0,0.70457524,1.21053582,0.83262011,1.07319915,1.00724354,0.03801527
"1243",145,88,0.23836221,0,0.05417068,1.21053582,0.83262011,1.07319915,1.00724354,0.04706146
"1244",146,88,0.23708723,0,0.05417068,1.21053582,0.83262011,1.07319915,1.00724354,0.05118174
"1245",147,88,0.24029768,0,0,1.21053582,0.83262011,1.07319915,1.00724354,0.04763139
"1246",148,88,0.23848842,0,0.05417067,1.21053582,0.83262011,1.07319915,1.00724354,0.04802552
"1247",149,88,0.24020025,0,0.05417068,1.21053582,0.83262011,1.07319915,1.00724354,0.04343277
"1248",150,88,0.2694101,0,0.70457524,1.21053582,0.83262011,1.07319915,1.00724354,0.06771286
"1249",151,88,0.26637798,0,0.75820544,1.21053582,0.83262011,1.07319915,1.00724354,0.06237721
"1250",152,88,0.26670074,0,0.75820544,1.21053582,0.83262011,1.07319915,1.00724354,0.09785895
"1251",139,89,0.31167684,0,0.05599087,1.20646677,0.82982138,1.06959174,1.00385783,0.03792014
"1252",140,89,0.49752074,0.46460531,0.05454579,1.20646677,0.82982138,1.06959174,1.00385783,0.02833387
"1253",141,89,0.50121664,0,0.05454579,1.20646677,0.82982138,1.06959174,1.00385783,0.03094124
"1254",142,89,0.23958014,0,0,1.20646677,0.82982138,1.06959174,1.00385783,0.06141101
"1255",143,89,0.23693497,0,0,1.20646677,0.82982138,1.06959174,1.00385783,0.08577086
"1256",144,89,0.26699196,0,0.70220691,1.20646677,0.82982138,1.06959174,1.00385783,0.04646589
"1257",145,89,0.26416519,0,0.75565683,1.20646677,0.82982138,1.06959174,1.00385783,0.05713962
"1258",139,90,0.31256015,0.41703508,0.05580153,1.20238693,0.82701521,1.06597475,1.00046313,0.04876491
"1259",140,90,0.49155501,0.46303418,0.05250467,1.20238693,0.82701521,1.06597475,1.00046313,0.04213974
"1260",141,90,0.30886896,0,0.05436134,1.20238693,0.82701521,1.06597475,1.00046313,0.04357376
"1261",142,90,0.23631774,0,0,1.20238693,0.82701521,1.06597475,1.00046313,0.03935789
"1262",143,90,0.23698033,0,0,1.20238693,0.82701521,1.06597475,1.00046313,0.14519254
"1263",144,90,0.23637953,0,0.05345298,1.20238693,0.82701521,1.06597475,1.00046313,0.25595613
"1264",145,90,0.26342263,0,0.75310147,1.20238693,0.82701521,1.06597475,1.00046313,0.10920379
"1265",146,90,0.26557628,0,0.75310147,1.20238693,0.82701521,1.06597475,1.00046313,0.05402832
"1266",140,91,0.49481209,0.46145889,0.05417639,1.19829628,0.82420162,1.0623482,0.99705945,0.0707687
"1267",141,91,0.30896653,0,0,1.19829628,0.82420162,1.0623482,0.99705945,0.02164466
"1268",142,91,0.30687591,0,0.05417639,1.19829628,0.82420162,1.0623482,0.99705945,0.01023124
"1269",143,91,0.23447513,0,0,1.19829628,0.82420162,1.0623482,0.99705945,0.04161425
"1270",144,91,0.23506414,0,0.05327113,1.19829628,0.82420162,1.0623482,0.99705945,0.08059153
"1271",145,91,0.23524885,0,0.05327113,1.19829628,0.82420162,1.0623482,0.99705945,0.03192935
"1272",146,91,0.23088274,0,0.05327113,1.19829628,0.82420162,1.0623482,0.99705945,0.04593903
"1273",139,91,0.52486052,0,0.08013497,1.19586814,0.82378281,1.0623482,0.99705945,0.04557125
"1274",137,92,0.49861174,0,0.05399099,1.21373634,0.82205096,1.05390805,0.99991923,0.10115181
"1275",138,92,0.25830305,0,0.74797078,1.19177554,0.8209636,1.05871254,0.99364723,0.08716756
"1276",139,92,0.49339198,0.45987965,0.05399099,1.19177554,0.8209636,1.05871254,0.99364723,0.06687915
"1277",140,92,0.30568854,0,0.05399099,1.19177554,0.8209636,1.05871254,0.99364723,0.03761884
"1278",141,92,0.305212,0,0.05399099,1.19177554,0.8209636,1.05871254,0.99364723,0.03715747
"1279",142,92,0.30501655,0,0.05399099,1.19177554,0.8209636,1.05871254,0.99364723,0.02140328
"1280",143,92,0.23202581,0,0.05308883,1.19177554,0.8209636,1.05871254,0.99364723,0.01299131
"1281",144,92,0.23373609,0,0.05308882,1.1961014,0.82144687,1.05871254,0.99364723,0.03116154
"1282",138,93,0.51824122,0.45829645,0.0795858,1.1876727,0.81813732,1.05506779,0.99022648,0.04326325
"1283",139,93,0.30621279,0,0,1.1876727,0.81813732,1.05506779,0.99022648,0.21727389
"1284",140,93,0.48644135,0.45829638,0.05241017,1.1876727,0.81813732,1.05506779,0.99022648,0.26715984
"1285",141,93,0.48107829,0.45829645,0.05226599,1.1876727,0.81813732,1.05506779,0.99022648,0.15327856
"1286",142,93,0.29440124,0,0.05209353,1.1876727,0.81813732,1.05506779,0.99022648,0.00383699
"1287",143,93,0.4177437,0,0.79388311,1.1876727,0.81813732,1.05506779,0.99022648,0.01741602
"1288",144,93,0.48021843,0,0.80567628,1.1876727,0.81813732,1.05506779,0.99022648,0.06611941
"1289",145,93,0.23807727,0,0.05290606,1.1876727,0.81813732,1.05506779,0.99022648,0.08206129
"1290",146,93,0.26996651,0,0.741732,1.1876727,0.81813732,1.05506779,0.99022648,0.08883711
"1291",140,94,0,0.26114365,0,1.18355908,0.81530363,1.05141346,0.98679673,0.08250595
"1292",141,94,0,0.26148558,0,1.18355908,0.81530363,1.05141346,0.98679673,0.0364754
"1293",142,94,0.30177114,0,0.05361876,1.18355908,0.81530363,1.05141346,0.98679673,0.02689263
"1294",143,94,0.30202195,0,0.05361876,1.18355908,0.81530363,1.05141346,0.98679673,0.16259403
"1295",144,94,0.48253415,0,0.80287608,1.18355908,0.81530363,1.05141346,0.98679673,0.23669879
"1296",145,94,0.50291598,0,0.80288615,1.18355908,0.81530363,1.05141346,0.98679673,0.21874669
"1297",146,94,0.47702145,0,0.78687465,1.18355908,0.81530363,1.05141346,0.98679673,0.10480543
"1298",147,94,0.50660514,0,0.78814903,1.18355908,0.81530363,1.05141346,0.98679673,0.07039107
"1299",148,94,0.51713209,0,0.77253254,1.18355908,0.81530363,1.05141346,0.98679673,0.12359617
"1300",149,94,0.47102826,0,0.74700659,1.18355908,0.81530363,1.05141346,0.98679673,0.16405377
"1301",144,95,0.30583864,0,0.05343193,1.17943523,0.81246288,1.04775004,0.98335845,0.09924175
"1302",145,95,0.24821516,0,0.05253911,1.17943523,0.81246288,1.04775004,0.98335845,0.3455983
"1303",146,95,0.2630537,0,0.05207761,1.17943523,0.81246288,1.04775004,0.98335845,0.37348429
"1304",147,95,0.23768327,0,0.73612599,1.17943523,0.81246288,1.04775004,0.98335845,0.16611124
"1305",148,95,0.48348436,0,0.74304964,1.17943523,0.81246288,1.04775004,0.98335845,0.23865685
"1306",149,95,0.50273619,0,0.75356148,1.17943523,0.81246288,1.04775004,0.98335845,0.06817713
"1307",147,96,0.57231505,0,0.05575565,1.17530113,0.80961508,1.04407752,0.97991164,0.16502693
"1308",148,96,0.47830468,0.45352247,0.05097406,1.17530113,0.80961508,1.04407752,0.97991164,0.120956
"1309",149,96,0.47946652,0,0.05097407,1.17530113,0.80961508,1.04407752,0.97991164,0.14279
"1310",150,96,0.47872524,0.45352254,0.05096398,1.17530113,0.80961508,1.04407752,0.97991164,0.1221891
"1311",150,97,0.47574197,0,0.04797309,1.1711568,0.80676022,1.0403959,0.97645628,0.08721428
"1312",151,97,0.2369873,0.21586731,0.05221268,1.18870652,0.8082929,1.03567454,0.98261977,0.27807262
"1313",159,90,0.32980209,0,0.80867611,1.20164432,0.8269931,1.06597475,1.00046313,0.09375121
"1314",160,90,0.29962487,0,0.05719376,1.20164432,0.8269931,1.06597475,1.00046313,0.05664582
"1315",161,90,0.33307717,0,0.80867572,1.20164432,0.8269931,1.06597475,1.00046313,0.10616282
"1316",162,90,0.29765062,0,0,1.20164432,0.8269931,1.06597475,1.00046313,0.11244549
"1317",163,90,0.29742072,0,0,1.20164432,0.8269931,1.06597475,1.00046313,0.11067796
"1318",164,90,0.30266082,0,0.05719376,1.20164432,0.8269931,1.06597475,1.00046313,0.07059486
"1319",157,91,0.26956643,0,0.749067,1.19755619,0.82417958,1.0623482,0.99705945,0.11317268
"1320",158,91,0.24089471,0,0.05401585,1.19755619,0.82417958,1.0623482,0.99705945,0.13064004
"1321",159,91,0.24083958,0,0.05401585,1.19755619,0.82417958,1.0623482,0.99705945,0.140738
"1322",160,91,0.33841046,0,0.74205664,1.19755619,0.82417958,1.0623482,0.99705945,0.09702788
"1323",161,91,0.31550231,0,0.74759499,1.19755619,0.82417958,1.0623482,0.99705945,0.1506157
"1324",162,91,0.29349065,0,0.05699917,1.19755619,0.82417958,1.0623482,0.99705945,0.15403945
"1325",163,91,0.29583605,0,0.05696043,1.19755619,0.82417958,1.0623482,0.99705945,0.12585714
"1326",156,92,0.31268595,0,0.74569356,1.19345782,0.821359,1.05871254,0.99364723,0.1498821
"1327",157,92,0.31167752,0,0.69127608,1.19345782,0.821359,1.05871254,0.99364723,0.13525672
"1328",158,92,0.28713314,0,0.74823041,1.19345782,0.821359,1.05871254,0.99364723,0.28139472
"1329",159,92,0.31053772,0,0.7391071,1.19345782,0.821359,1.05871254,0.99364723,0.10835975
"1330",160,92,0.30973841,0,0.73902801,1.19345782,0.821359,1.05871254,0.99364723,0.09849281
"1331",161,92,0.28018743,0,0.053831,1.19345782,0.821359,1.05871254,0.99364723,0.14582896
"1332",162,92,0.49167528,0.45987965,0.05342771,1.19345782,0.821359,1.05871254,0.99364723,0.13032438
"1333",163,92,0.02827661,0.27138122,0.05129842,1.19345782,0.821359,1.05871254,0.99364723,0.14292466
"1334",164,92,0.06070344,0.26381932,0.07836741,1.19345782,0.821359,1.05871254,0.99364723,0.05074325
"1335",156,93,0.35138333,0,0.74451323,1.18934919,0.81853137,1.05506779,0.99022648,0.1297482
"1336",157,93,0.34568137,0,0.73934267,1.18934919,0.81853137,1.05506779,0.99022648,0.0953331
"1337",158,93,0.31778268,0,0.74247162,1.18934919,0.81853137,1.05506779,0.99022648,0.19784799
"1338",159,93,0.30784573,0,0.73652948,1.18934919,0.81853137,1.05506779,0.99022648,0.19950027
"1339",160,93,0.34382948,0,0.73649634,1.18934919,0.81853137,1.05506779,0.99022648,0.1088935
"1340",161,93,0.5236537,0.46073539,0.08004407,1.18934919,0.81853137,1.05506779,0.99022648,0.08288031
"1341",162,93,0.27381377,0.27054633,0.07809763,1.18934919,0.81853137,1.05506779,0.99022648,0.01713454
"1342",155,94,0.54735538,0,0.07893315,1.18522977,0.81569631,1.05141346,0.98679673,0.08598094
"1343",156,94,0.5473236,0,0.07893389,1.18522977,0.81569631,1.05141346,0.98679673,0.12536587
"1344",157,94,0.53078564,0.45913952,0.07976689,1.18522977,0.81569631,1.05141346,0.98679673,0.12711728
"1345",158,94,0.54399941,0.45913959,0.07976683,1.18522977,0.81569631,1.05141346,0.98679673,0.13921367
"1346",159,94,0.51971375,0,0.05345859,1.18522977,0.81569631,1.05141346,0.98679673,0.13281298
"1347",160,94,0.33391717,0.45913952,0.07976683,1.18522977,0.81569631,1.05141346,0.98679673,0.16129667
"1348",161,94,0.27260696,0.27684479,0.07782713,1.18517216,0.81604536,1.04126192,0.98360216,0.1120658
"1349",150,95,0.30282454,0,0.74114103,1.18110009,0.81285419,1.04775004,0.98335845,0.03181442
"1350",151,95,0.30892748,0,0.04725295,1.18110009,0.81285419,1.04775004,0.98335845,0.07296695
"1351",152,95,0.23663363,0,0.04685004,1.18110009,0.81285419,1.04775004,0.98335845,0.08466122
"1352",154,95,0.30525814,0.40990513,0.04685004,1.18110009,0.81285419,1.04775004,0.98335845,0.13412632
"1353",155,95,0.30198258,0,0.05287449,1.18110009,0.81285419,1.04775004,0.98335845,0.09889923
"1354",156,95,0.02780652,0.2379677,0.05269771,1.18110009,0.81285419,1.04775004,0.98335845,0.11474715
"1355",157,95,0.02789122,0.24180367,0.05269771,1.18110009,0.81285419,1.04775004,0.98335845,0.15778683
"1356",158,95,0.02790793,0.24212525,0.05269771,1.18110009,0.81285419,1.04775004,0.98335845,0.11428611
"1357",159,95,0.02791751,0.24123103,0.05269771,1.18110009,0.81285419,1.04775004,0.98335845,0.12313772
"1358",160,95,0.02762992,0.27837818,0.05269772,1.18110009,0.81285419,1.04775004,0.98335845,0.08188575
"1359",161,95,0.23945926,0.26443524,0.06923034,1.18110009,0.81285419,1.04775004,0.98335845,0.11724095
"1360",151,96,0.48005358,0.45352254,0.05142612,1.17696016,0.81000502,1.04407752,0.97991164,0.14988209
"1361",152,96,0.48322137,0,0.05111578,1.17696016,0.81000502,1.04407752,0.97991164,0.16513672
"1362",153,96,0.24050988,0.25761447,0.04636146,1.17696016,0.81000502,1.04407752,0.97991164,0.06583693
"1363",154,96,0.23908971,0.22092253,0.05074506,1.17696016,0.81000502,1.04407752,0.97991164,0.21356655
"1364",155,96,0,0.25947457,0,1.17696016,0.81000502,1.04407752,0.97991164,0.11042421
"1365",156,96,0,0.25831032,0,1.17696016,0.81000502,1.04407752,0.97991164,0.04084831
"1366",157,96,0,0.24751567,0,1.17696016,0.81000502,1.04407752,0.97991164,0.02084385
"1367",154,97,0.2686941,0.25587805,0.05226094,1.17280997,0.80714879,1.0403959,0.97645628,0.06988602
"1368",155,97,0,0.24029746,0,1.17280997,0.80714879,1.0403959,0.97645628,0.04417264
"1369",161,84,0.29905752,0,0.05405225,1.2265024,0.84397956,1.08753543,1.02069875,0.10372147
"1370",164,84,0.302611,0,0.05252844,1.2265024,0.84397956,1.08753543,1.02069875,0.09628748
"1371",165,84,0.5734314,0.21322187,0.81803989,1.2265024,0.84397956,1.08753543,1.02069875,0.132459
"1372",157,85,0.22294784,0,0.05511499,1.22247615,0.84120902,1.08396536,1.01734809,0.04602588
"1373",158,85,0.22543696,0,0.05471411,1.22247615,0.84120902,1.08396536,1.01734809,0.06691295
"1374",159,85,0.22607302,0,0.05511499,1.22247615,0.84120902,1.08396536,1.01734809,0.0813818
"1375",160,85,0.22512528,0,0.0560673,1.22247615,0.84120902,1.08396536,1.01734809,0.13990919
"1376",161,85,0.26785293,0,0.0560673,1.22247615,0.84120902,1.08396536,1.01734809,0.08620395
"1377",162,85,0.26824938,0,0.0560673,1.22247615,0.84120902,1.08396536,1.01734809,0.09403086
"1378",163,85,0.33400914,0,0.05360473,1.22247615,0.84120902,1.08396536,1.01734809,0.09469082
"1379",164,85,0.53750761,0,0.81865711,1.22247615,0.84120902,1.08396536,1.01734809,0.10856164
"1380",165,85,0.53563551,0,0.81781708,1.22247615,0.84120902,1.08396536,1.01734809,0.09584732
"1381",166,85,0.53959299,0,0.82210221,1.22247615,0.84120902,1.08396536,1.01734809,0.14860161
"1382",167,85,0.32126875,0.1967855,0.76829443,1.22247615,0.84120902,1.08396536,1.01734809,0.14542126
"1383",168,85,0.55660882,0,0.92990965,1.22247615,0.84120902,1.08396536,1.01734809,0.13494046
"1384",157,86,0.21993782,0,0.05417405,1.21864259,0.83819604,1.0803862,1.01398889,0.0867923
"1385",158,86,0.27284577,0,0.70912854,1.21843963,0.83843142,1.0803862,1.01398889,0.09402815
"1386",159,86,0.21939652,0,0.05417405,1.21843963,0.83843142,1.0803862,1.01398889,0.0784616
"1387",160,86,0.22072095,0,0.05493301,1.21843963,0.83843142,1.0803862,1.01398889,0.09609144
"1388",161,86,0.22193782,0,0.05493301,1.21843963,0.83843142,1.0803862,1.01398889,0.10511748
"1389",162,86,0.22167764,0,0.05493301,1.21843963,0.83843142,1.0803862,1.01398889,0.12907808
"1390",163,86,0.53185058,0,0.81511629,1.21843963,0.83843142,1.0803862,1.01398889,0.21224775
"1391",164,86,0.52127988,0,0.73041736,1.21843963,0.83843142,1.0803862,1.01398889,0.13208227
"1392",165,86,0.35410785,0,0.75853899,1.21843963,0.83843142,1.0803862,1.01398889,0.11568108
"1393",166,86,0.3544633,0,0.75611907,1.21843963,0.83843142,1.0803862,1.01398889,0.17300549
"1394",155,87,0.29747442,0,0.05777443,1.21439232,0.83564639,1.07679746,1.01062071,0.08138116
"1395",156,87,0.21744148,0,0.05435231,1.21439232,0.83564639,1.07679746,1.01062071,0.082546
"1396",157,87,0.22228304,0,0,1.21439232,0.83564639,1.07679746,1.01062071,0.04282142
"1397",158,87,0.27613884,0,0.70677302,1.21439232,0.83564639,1.07679746,1.01062071,0.10039094
"1398",159,87,0.21929588,0,0,1.21439232,0.83564639,1.07679746,1.01062071,0.09382641
"1399",160,87,0.22113314,0,0.05435231,1.21439232,0.83564639,1.07679746,1.01062071,0.08269197
"1400",161,87,0.21490974,0,0,1.21439232,0.83564639,1.07679746,1.01062071,0.10961036
"1401",162,87,0.22040536,0,0,1.21439232,0.83564639,1.07679746,1.01062071,0.1472373
"1402",163,87,0.22097442,0,0.05475054,1.21439232,0.83564639,1.07679746,1.01062071,0.37094979
"1403",164,87,0.34356026,0,0.75149661,1.21439232,0.83564639,1.07679746,1.01062071,0.14929867
"1404",165,87,0.31004587,0,0.75342925,1.21439232,0.83564639,1.07679746,1.01062071,0.15524503
"1405",166,87,0.2908521,0,0.70301268,1.21439232,0.83564639,1.07679746,1.01062071,0.14129923
"1406",153,88,0.29794235,0,0,1.21033421,0.83285392,1.07319915,1.00724354,0.06534282
"1407",154,88,0.29588286,0,0.05758136,1.21033421,0.83285392,1.07319915,1.00724354,0.04801092
"1408",155,88,0.29486553,0,0.05758136,1.21033421,0.83285392,1.07319915,1.00724354,0.0590689
"1409",156,88,0.30028447,0,0.0563272,1.21033421,0.83285392,1.07319915,1.00724354,0.06343749
"1410",157,88,0.27842038,0,0.75822487,1.21033421,0.83285392,1.07319915,1.00724354,0.14346946
"1411",158,88,0.21982627,0,0.05381367,1.21033421,0.83285392,1.07319915,1.00724354,0.08154359
"1412",159,88,0.27613408,0,0.75822487,1.21033421,0.83285392,1.07319915,1.00724354,0.07127101
"1413",160,88,0.22040677,0,0,1.21033421,0.83285392,1.07319915,1.00724354,0.09893085
"1414",161,88,0.21818139,0,0.05381367,1.21033421,0.83285392,1.07319915,1.00724354,0.06415301
"1415",162,88,0.21740067,0,0.05381367,1.21033421,0.83285392,1.07319915,1.00724354,0.07091253
"1416",163,88,0.2235065,0,0,1.21033421,0.83285392,1.07319915,1.00724354,0.14210536
"1417",164,88,0.22036173,0,0.05381367,1.21033421,0.83285392,1.07319915,1.00724354,0.10086906
"1418",165,88,0.21557938,0,0,1.21033421,0.83285392,1.07319915,1.00724354,0.03690368
"1419",154,89,0.23829243,0,0.05363436,1.20626584,0.8300544,1.06959174,1.00385783,0.07285171
"1420",155,89,0.23751698,0,0.05363436,1.20626584,0.8300544,1.06959174,1.00385783,0.05827479
"1421",156,89,0.24075805,0,0.05363436,1.20626584,0.8300544,1.06959174,1.00385783,0.10703093
"1422",157,89,0.23816271,0,0.05363436,1.20626584,0.8300544,1.06959174,1.00385783,0.10019002
"1423",158,89,0.29377644,0,0.05738781,1.20626584,0.8300544,1.06959174,1.00385783,0.0779533
"1424",159,89,0.33088143,0,0.81141965,1.20626584,0.8300544,1.06959174,1.00385783,0.07528763
"1425",160,89,0.30042387,0,0.05738782,1.20626584,0.8300544,1.06959174,1.00385783,0.07162875
"1426",161,89,0.30023579,0,0,1.20626584,0.8300544,1.06959174,1.00385783,0.07648851
"1427",162,89,0.29985603,0,0.05738782,1.20626584,0.8300544,1.06959174,1.00385783,0.07984846
"1428",163,89,0.21606753,0,0.05363277,1.20626584,0.8300544,1.06959174,1.00385783,0.09107737
"1429",164,89,0.2205017,0,0,1.20557094,0.82978809,1.06959174,1.00385783,0.11681192
"1430",156,90,0.26456847,0,0.75328528,1.20218667,0.82724745,1.06597475,1.00046313,0.06635362
"1431",157,90,0.26557207,0,0.75328528,1.20218667,0.82724745,1.06597475,1.00046313,0.08230586
"1432",158,90,0.32680846,0,0.80768138,1.20218667,0.82724745,1.06597475,1.00046313,0.03667426
"1433",169,85,0.60083925,0.28212061,0.7905561,1.22177191,0.84093913,1.08396536,1.01734809,0.07420924
"1434",170,85,0.58985219,0.42053179,0.82907129,1.22177191,0.84093913,1.08396536,1.01734809,0.0584557
"1435",167,86,0.32038105,0,0.76028869,1.21773772,0.83816242,1.0803862,1.01398889,0.0905485
"1436",168,86,0.26009348,0,0.05493301,1.21773772,0.83816242,1.0803862,1.01398889,0.21865964
"1437",169,86,0.32587427,0,0.76028869,1.21773772,0.83816242,1.0803862,1.01398889,0.14038688
"1438",170,86,0.59497177,0,0.82740722,1.21773772,0.83816242,1.0803862,1.01398889,0.08810129
"1439",171,86,0.24166871,0.27384072,0.07497176,1.21773772,0.83816242,1.0803862,1.01398889,0.06056658
"1440",172,86,0.05465686,0.27489657,0.0752439,1.21773772,0.83816242,1.0803862,1.01398889,0.04905277
"1441",167,87,0.2871663,0,0.75776322,1.21369274,0.83537828,1.07679746,1.01062071,0.12718907
"1442",168,87,0.26338073,0,0.05325026,1.21369274,0.83537828,1.07679746,1.01062071,0.17728212
"1443",169,87,0.63798143,0,0.87078163,1.21369274,0.83537828,1.07679746,1.01062071,0.27042839
"1444",170,87,0.5913799,0,0.82380741,1.21369274,0.83537828,1.07679746,1.01062071,0.149834
"1445",171,87,0.24019292,0.23940094,0.07458749,1.21369274,0.83537828,1.07679746,1.01062071,0.08865419
"1446",172,87,0.0276459,0.27798602,0.05408945,1.21369274,0.83537828,1.07679746,1.01062071,0.06112746
"1447",166,88,0.22411216,0,0,1.20963697,0.83258671,1.07319915,1.00724354,0.21250352
"1448",167,88,0.26600716,0,0.05608282,1.20963697,0.83258671,1.07319915,1.00724354,0.15082391
"1449",168,88,0.26397142,0,0.05307232,1.20963697,0.83258671,1.07319915,1.00724354,0.21967663
"1450",169,88,0.59422805,0,0.85332879,1.20963697,0.83258671,1.07319915,1.00724354,0.13491214
"1451",170,88,0.58652161,0,0.82110549,1.20963697,0.83258671,1.07319915,1.00724354,0.10310911
"1452",171,88,0.30050974,0,0.05758137,1.20963697,0.83258671,1.07319915,1.00724354,0.16329805
"1453",172,88,0.24547351,0.23992238,0.07335041,1.20963697,0.83258671,1.07319915,1.00724354,0.1187935
"1454",173,88,0.24303474,0.23850803,0.05148783,1.20963697,0.83258671,1.07319915,1.00724354,0.073153
"1455",165,89,0.21606585,0,0.05363277,1.20557094,0.82978809,1.06959174,1.00385783,0.1011886
"1456",166,89,0.22424442,0,0.05532384,1.20557094,0.82978809,1.06959174,1.00385783,0.16390919
"1457",167,89,0.26352404,0,0.05289392,1.20557094,0.82978809,1.06959174,1.00385783,0.30053086
"1458",168,89,0.2141556,0,0.05438416,1.20557094,0.82978809,1.06959174,1.00385783,0.10730891
"1459",169,89,0.30505272,0,0.05738782,1.20557094,0.82978809,1.06959174,1.00385783,0.10248333
"1460",170,89,0.58766029,0,0.82185117,1.20557094,0.82978809,1.06959174,1.00385783,0.16649691
"1461",165,90,0.21866066,0,0.05420025,1.20149413,0.82698204,1.06597475,1.00046313,0.11567524
"1462",166,90,0.21913113,0,0.05420026,1.20149413,0.82698204,1.06597475,1.00046313,0.14147951
"1463",167,90,0.21865739,0,0.05420025,1.20149413,0.82698204,1.06597475,1.00046313,0.12131954
"1464",168,90,0.29447625,0,0.05719376,1.20149413,0.82698204,1.06597475,1.00046313,0.0499499
"1465",164,91,0.29896361,0,0.05699918,1.19755619,0.82417958,1.0623482,0.99705945,0.07472427
"1466",165,91,0.21690773,0,0.05326955,1.19740651,0.82416856,1.0623482,0.99705945,0.21273351
"1467",166,91,0.30061423,0,0.05699918,1.19740651,0.82416856,1.0623482,0.99705945,0.08628128
"1468",165,92,0.0282067,0.24438472,0.05318102,1.19330865,0.82134802,1.05871254,0.99364723,0.03679311
"1469",166,92,0.02842318,0.23655667,0.05318102,1.19330865,0.82134802,1.05871254,0.99364723,0.06455424
"1470",166,93,0.24187167,0.26740503,0.05299793,1.18920054,0.81852042,1.05506779,0.99022648,0.02668088
"1471",167,93,0.24163577,0.23230448,0.07211118,1.18920054,0.81852042,1.05506779,0.99022648,0.0941551
"1472",174,88,0.24560676,0.26305983,0.05343432,1.20872972,0.83264238,1.07319915,1.00724354,0.01387541
"1473",171,89,0.58193014,0,0.82168678,1.20466674,0.82984357,1.06959174,1.00385783,0.14258499
"1474",172,89,0.29919305,0,0.05645495,1.20466674,0.82984357,1.06959174,1.00385783,0.20143487
"1475",173,89,0.24489512,0.23376537,0.0537275,1.20466674,0.82984357,1.06959174,1.00385783,0.16498691
"1476",174,89,0.04499348,0.27267377,0.08321575,1.20466674,0.82984357,1.06959174,1.00385783,0.09613662
"1477",175,89,0.24453633,0.25890037,0.05204575,1.20466674,0.82984357,1.06959174,1.00385783,0.02678228
"1478",176,89,0.0449514,0.27050481,0.08322017,1.20466674,0.82984357,1.06959174,1.00385783,0.09939325
"1479",169,90,0.29880152,0,0.05719374,1.20149413,0.82698204,1.06597475,1.00046313,0.02747839
"1480",170,90,0.29560083,0,0.05719376,1.20059298,0.82703733,1.06597475,1.00046313,0.07332277
"1481",171,90,0.29531857,0,0.05719374,1.20059298,0.82703733,1.06597475,1.00046313,0.08797129
"1482",172,90,0.29884744,0,0.05715487,1.20059298,0.82703733,1.06597475,1.00046313,0.20814789
"1483",173,90,0.29819818,0,0.05715487,1.20059298,0.82703733,1.06597475,1.00046313,0.44120655
"1484",174,90,0.02878017,0.21054742,0.05296224,1.20059298,0.82703733,1.06597475,1.00046313,0.2757662
"1485",175,90,0.24482612,0.24659506,0.05296224,1.20059298,0.82703733,1.06597475,1.00046313,0.19337459
"1486",167,91,0.02796437,0.23761385,0.05336364,1.19650843,0.82422366,1.0623482,0.99705945,0.03663623
"1487",168,91,0.02793813,0.23323482,0.05336364,1.19650843,0.82422366,1.0623482,0.99705945,0.07337832
"1488",169,91,0.29235201,0,0,1.19650843,0.82422366,1.0623482,0.99705945,0.0557839
"1489",170,91,0.26704403,0,0.75036489,1.19650843,0.82422366,1.0623482,0.99705945,0.07358997
"1490",171,91,0.57673701,0,0.05424618,1.19650843,0.82422366,1.0623482,0.99705945,0.18677091
"1491",172,91,0.23761308,0,0.05424618,1.19650843,0.82422366,1.0623482,0.99705945,0.1891398
"1492",173,91,0.5530366,0.20637937,0.05424618,1.19650843,0.82422366,1.0623482,0.99705945,0.30161154
"1493",174,91,0.692919,0,0.73485478,1.19650843,0.82422366,1.0623482,0.99705945,0.27968424
"1494",167,92,0,0.26092426,0,1.19241365,0.82140294,1.05871254,0.99364723,0.00794088
"1495",168,92,0.02796727,0.23566898,0.05318102,1.19241365,0.82140294,1.05871254,0.99364723,0.04361566
"1496",169,92,0.68800148,0,0.0568041,1.19241365,0.82140294,1.05871254,0.99364723,0.06043422
"1497",168,93,0.06037551,0.2628729,0.05299793,1.18920054,0.81852042,1.05506779,0.99022648,0.05841546
"1498",169,93,0.66167016,0.38511298,0.05660854,1.18830861,0.81857515,1.05506779,0.99022648,0.06331779
"1499",117,83,1.35196874,0,0.88538734,1.25320163,0.84753504,1.08614447,1.03050427,0.17895901
"1500",119,83,1.3685116,0,0.89398153,1.25320163,0.84753504,1.08614447,1.03050427,0.3000825
"1501",120,83,1.20663697,0,0.86428006,1.25320163,0.84753504,1.08614447,1.03050427,0.24150057
"1502",121,83,0.06013506,0.32854459,0.07514862,1.25320163,0.84753504,1.08614447,1.03050427,0.13924473
"1503",122,83,0.03169294,0.34673185,0.05194672,1.25320163,0.84753504,1.08614447,1.03050427,0.10722137
"1504",124,83,0.03218179,0.34588981,0.05194672,1.25320163,0.84753504,1.08614447,1.03050427,0.1051454
"1505",125,83,0.61607553,0,0.84109628,1.25320163,0.84753504,1.08614447,1.03050427,0.15100131
"1506",117,84,0.67215318,0,0.86457164,1.24911215,0.84476934,1.08260014,1.0271415,0.27677993
"1507",118,84,0.69161832,0,0.87800077,1.24911215,0.84476934,1.08260014,1.0271415,0.36835285
"1508",119,84,0.68094895,0,0.87719108,1.24911215,0.84476934,1.08260014,1.0271415,0.47046966
"1509",120,84,0.68859229,0,0.88725893,1.24911215,0.84476934,1.08260014,1.0271415,0.24556615
"1510",121,84,0.69561348,0,0.89145495,1.24911215,0.84476934,1.08260014,1.0271415,0.2507712
"1511",122,84,0.53954916,0,0.08114571,1.24911215,0.84476934,1.08260014,1.0271415,0.25859648
"1512",123,84,0.05756975,0.31750276,0.07490339,1.24911215,0.84476934,1.08260014,1.0271415,0.16646631
"1513",124,84,0.05756975,0.31273973,0.07490339,1.24911215,0.84476934,1.08260014,1.0271415,0.17626774
"1514",125,84,0.02983112,0.30401389,0.07641089,1.24911215,0.84476934,1.08260014,1.0271415,0.08457927
"1515",126,84,0.05880735,0.33287652,0.07809034,1.24911215,0.84476934,1.08260014,1.0271415,0.0985497
"1516",118,85,0.68512307,0,0.86090289,1.24501168,0.84199621,1.07904627,1.02376969,0.25311259
"1517",119,85,0.67030033,0,0.84521121,1.24501168,0.84199621,1.07904627,1.02376969,0.31886596
"1518",120,85,0.69720906,0,0.9147623,1.24501168,0.84199621,1.07904627,1.02376969,0.20779174
"1519",121,85,0.53674182,0,0.08087934,1.24501168,0.84199621,1.07904627,1.02376969,0.1025125
"1520",122,85,0.53744486,0,0.08087934,1.24501168,0.84199621,1.07904627,1.02376969,0.07601824
"1521",123,85,0.53495932,0,0.08087934,1.24501168,0.84199621,1.07904627,1.02376969,0.08515757
"1522",124,85,0.53759262,0,0.08087934,1.24501168,0.84199621,1.07904627,1.02376969,0.17130967
"1523",125,85,0.54135803,0,0.08087934,1.24501168,0.84199621,1.07904627,1.02376969,0.08125809
"1524",126,85,0.66493159,0,0.93537187,1.24501168,0.84199621,1.07904627,1.02376969,0.16483175
"1525",117,86,0.67956441,0,0.87508017,1.24090075,0.83921601,1.07548335,1.02038929,0.13048436
"1526",118,86,0.71192974,0,0.91736182,1.24090075,0.83921601,1.07548335,1.02038929,0.17804715
"1527",119,86,0.69172162,0,0.87306152,1.24090075,0.83921601,1.07548335,1.02038929,0.24339538
"1528",120,86,0.0588313,0.32913066,0.07645228,1.24090075,0.83921601,1.07548335,1.02038929,0.09276882
"1529",121,86,0.52954501,0,0.08061228,1.24090075,0.83921601,1.07548335,1.02038929,0.02897403
"1530",122,86,0.30030186,0,0.08061228,1.24090075,0.83921601,1.07548335,1.02038929,0.13196064
"1531",123,86,0.53312772,0,0.08061228,1.24090075,0.83921601,1.07548335,1.02038929,0.09803339
"1532",124,86,0.53163648,0,0.08061228,1.24090075,0.83921601,1.07548335,1.02038929,0.11895859
"1533",125,86,0.6073061,0,0.74664419,1.23948002,0.83905909,1.07548335,1.02038929,0.14514302
"1534",118,87,0.68331446,0,0.83962212,1.23677883,0.83642837,1.0719109,1.01699984,0.1796968
"1535",119,87,0.68532188,0,0.89824613,1.23677883,0.83642837,1.0719109,1.01699984,0.17538306
"1536",120,87,0.68181705,0,0.90703483,1.23677883,0.83642837,1.0719109,1.01699984,0.10595143
"1537",121,87,0.05418185,0.47028048,0.07619833,1.23677883,0.83642837,1.0719109,1.01699984,0.10007265
"1538",122,87,0.26903327,0,0.05310878,1.23677883,0.83642837,1.0719109,1.01699984,0.04899287
"1539",123,87,0.2686869,0,0.05310878,1.23677883,0.83642837,1.0719109,1.01699984,0.06324908
"1540",124,87,0.61511385,0,0.74217663,1.23677883,0.83642837,1.0719109,1.01699984,0.06759959
"1541",121,88,0.0265608,0.46978392,0.05118321,1.23264591,0.83363329,1.06832892,1.01360135,0.04360807
"1542",122,88,0.02649008,0.47498391,0.05118321,1.23264591,0.83363329,1.06832892,1.01360135,0.07852829
"1543",123,88,0.27167765,0,0.05453709,1.23264591,0.83363329,1.06832892,1.01360135,0.05881344
"1544",124,88,0.53943997,0,0.05453709,1.23264591,0.83363329,1.06832892,1.01360135,0.02007825
"1545",121,89,0.05410956,0.42043218,0.07568842,1.22850254,0.83083115,1.06473788,1.01019427,0.06805331
"1546",122,89,0.03040434,0.45318737,0.05101116,1.22850254,0.83083115,1.06473788,1.01019427,0.07934881
"1547",121,90,0.51674523,0.27955975,0.04913825,1.22434818,0.82802157,1.06113731,1.00677815,0.12694158
"1548",114,82,0.02216912,0.32537067,0.08272695,1.25604572,0.85023614,1.0896788,1.03385754,0.20906218
"1549",115,82,0.02499814,0.30270692,0.08163062,1.25604572,0.85023614,1.0896788,1.03385754,0.25696529
"1550",116,82,0.02603509,0.30270692,0.08142359,1.25604572,0.85023614,1.0896788,1.03385754,0.30278032
"1551",113,83,0.03961458,0.25102116,0.0797196,1.25197179,0.84747844,1.08614447,1.03050427,0.0266719
"1552",114,83,0.02047116,0.30162544,0.07965118,1.25197179,0.84747844,1.08614447,1.03050427,0.05302333
"1553",115,83,0.02161627,0.31823189,0.08195069,1.25197179,0.84747844,1.08614447,1.03050427,0.19195165
"1554",116,83,0.02227584,0.30172511,0.0810741,1.25197179,0.84747844,1.08614447,1.03050427,0.25409117
"1555",112,84,0.70096663,0,0.06170597,1.24788632,0.84471293,1.08260014,1.0271415,0.39733153
"1556",113,84,0.6112524,0,0.06140238,1.24788632,0.84471293,1.08260014,1.0271415,0.31042734
"1557",114,84,0.02037804,0,0.07898138,1.24788632,0.84471293,1.08260014,1.0271415,0.14341975
"1558",115,84,0.02043318,0,0.07916706,1.24788632,0.84471293,1.08260014,1.0271415,0.14872366
"1559",116,84,0.02109576,0.31088305,0.08026935,1.24788632,0.84471293,1.08260014,1.0271415,0.39754954
"1560",113,85,0.68559126,0,0.06150911,1.24378987,0.84193998,1.07904627,1.02376969,0.44710771
"1561",114,85,0.667803,0,0.06085958,1.24378987,0.84193998,1.07904627,1.02376969,0.4650532
"1562",115,85,0.67345835,0,0.06260413,1.24378987,0.84193998,1.07904627,1.02376969,0.48928172
"1563",116,85,0.7010092,0,0.88872527,1.24378987,0.84193998,1.07904627,1.02376969,0.35204278
"1564",117,85,0.69106771,0,0.88177582,1.24378987,0.84193998,1.07904627,1.02376969,0.23670755
"1565",114,86,0.69246171,0,0.06014128,1.23968298,0.83915996,1.07548335,1.02038929,0.46614812
"1566",115,86,0.69030383,0,0.06239743,1.23968298,0.83915996,1.07548335,1.02038929,0.39798091
"1567",116,86,0.70667539,0,0.89097892,1.23968298,0.83915996,1.07548335,1.02038929,0.31806717
"1568",115,87,0.76904495,0,0.88598909,1.2355651,0.83637251,1.0719109,1.01699984,0.39974979
"1569",116,87,0.71036345,0,0.88819259,1.2355651,0.83637251,1.0719109,1.01699984,0.38166539
"1570",117,87,0.57213089,0,0.06219016,1.2355651,0.83637251,1.0719109,1.01699984,0.25389544
"1571",115,88,1.32115699,0,0.05371951,1.23143624,0.83357762,1.06832892,1.01360135,0.57708922
"1572",116,88,0.51111453,0.31845669,0.05116152,1.23143624,0.83357762,1.06832892,1.01360135,0.36362037
"1573",117,88,0.55502473,0.32361555,0.05264779,1.23143624,0.83357762,1.06832892,1.01360135,0.23510027
"1574",118,88,0.02971087,0.23075093,0.05947274,1.23143624,0.83357762,1.06832892,1.01360135,0.29103309
"1575",119,88,0.05424104,0.29765117,0.07543011,1.23143624,0.83357762,1.06832892,1.01360135,0.19866346
"1576",120,88,0.02656897,0.47137598,0.05118321,1.23143624,0.83357762,1.06832892,1.01360135,0.1424819
"1577",119,89,0.30196118,0.20706807,0.07573967,1.22729694,0.83077567,1.06473788,1.01019427,0.12187183
"1578",120,89,0.32008765,0.33143044,0.07548021,1.22729694,0.83077567,1.06473788,1.01019427,0.14117509
"1579",110,77,0.05782331,0.31809665,0.07979457,1.27618256,0.86379883,1.10720888,1.0504896,0.37364168
"1580",111,77,0.05819562,0.31399301,0.08258619,1.27618256,0.86379883,1.10720888,1.0504896,0.30112513
"1581",112,77,0.05625973,0.33022407,0.07746455,1.27618256,0.86379883,1.10720888,1.0504896,0.3020665
"1582",114,77,0.05530769,0,0.07661744,1.27618256,0.86379883,1.10720888,1.0504896,0.23277159
"1583",109,78,1.39617304,0,0.06021269,1.27216378,0.86107868,1.10372221,1.04718155,0.30037466
"1584",110,78,0.05342206,0.35442587,0.07641393,1.27216378,0.86107868,1.10372221,1.04718155,0.02881729
"1585",111,78,0.02795511,0.32956394,0.07641393,1.27216378,0.86107868,1.10372221,1.04718155,0.06268151
"1586",112,78,0.07031374,0.23752554,0.05093401,1.27216378,0.86107868,1.10372221,1.04718155,0.10251129
"1587",113,78,0.02795967,0.32063066,0.07649457,1.27216378,0.86107868,1.10372221,1.04718155,0.08480651
"1588",114,78,0.05612426,0.30660811,0.08045276,1.27216378,0.86107868,1.10372221,1.04718155,0.12932429
"1589",116,78,0.05410858,0.47893687,0.0784057,1.27216378,0.86107868,1.10372221,1.04718155,0.25779091
"1590",117,78,0.05024846,0.39933917,0.07255213,1.19993624,0.81219063,1.041058,0.98772745,0.30539373
"1591",118,78,0.03826217,0.29896577,0.0544368,0.89833363,0.60804744,0.77938925,0.73946327,0.15989486
"1592",110,79,0.05542402,0.32851985,0.07628245,1.26813347,0.85835071,1.10022554,1.043864,0.31584343
"1593",111,79,0.05481501,0.32851985,0.07616175,1.26813347,0.85835071,1.10022554,1.043864,0.11763461
"1594",112,79,0.0696128,0.23680081,0.05077265,1.26813347,0.85835071,1.10022554,1.043864,0.04990883
"1595",113,79,0.06961386,0.2359055,0.05077265,1.26813347,0.85835071,1.10022554,1.043864,0.11412728
"1596",114,79,0.05539931,0.30884425,0.07936385,1.26813347,0.85835071,1.10022554,1.043864,0.16006113
"1597",115,79,0.05498012,0.30563675,0.07811894,1.26813347,0.85835071,1.10022554,1.043864,0.15990687
"1598",116,79,0.05437517,0.30563675,0.07677177,1.26813347,0.85835071,1.10022554,1.043864,0.17042319
"1599",117,79,0.05358433,0.33252753,0.07674877,1.26813347,0.85835071,1.10022554,1.043864,0.16066479
"1600",110,80,1.26003592,0,0.05805871,1.26409272,0.85561569,1.09671981,1.04053785,0.31230021
"1601",111,80,0.053546,0.34268559,0.07606653,1.26409272,0.85561569,1.09671981,1.04053785,0.19092586
"1602",112,80,0.02777775,0.32747307,0.07592914,1.26409272,0.85561569,1.09671981,1.04053785,0.06951926
"1603",113,80,0.06924199,0.23547437,0.05061087,1.26409272,0.85561569,1.09671981,1.04053785,0.14121353
"1604",114,80,0.04718955,0.30351341,0.0775931,1.26409272,0.85561569,1.09671981,1.04053785,0.25800788
"1605",115,80,0.02776264,0.30466288,0.0778223,1.26409272,0.85561569,1.09671981,1.04053785,0.39414189
"1606",116,80,0.02828159,0.30466288,0.07901169,1.26409272,0.85561569,1.09671981,1.04053785,0.31444766
"1607",117,80,0.02692261,0.30466288,0.07695458,1.26409272,0.85561569,1.09671981,1.04053785,0.1779272
"1608",110,81,1.27639402,0,0.05960096,1.26004044,0.85287285,1.09320407,1.03720222,0.28791842
"1609",111,81,0.05289276,0.37765399,0.07576359,1.26004044,0.85287285,1.09320407,1.03720222,0.08360265
"1610",112,81,0.0276887,0.32642329,0.07568579,1.26004044,0.85287285,1.09320407,1.03720222,0.09155178
"1611",113,81,0.04707615,0.28036661,0.07568573,1.26004044,0.85287285,1.09320407,1.03720222,0.07862323
"1612",114,81,0.04558244,0.30482255,0.07716741,1.26004044,0.85287285,1.09320407,1.03720222,0.2538939
"1613",115,81,0.02912622,0.30368622,0.08008779,1.26004044,0.85287285,1.09320407,1.03720222,0.28753336
"1614",111,82,1.21225706,0,0.0573969,1.25597717,0.85012258,1.0896788,1.03385754,0.32129886
"1615",112,82,0.02759942,0.32537067,0.07544167,1.25597717,0.85012258,1.0896788,1.03385754,0.09973735
"1616",113,82,0.04005923,0.27638919,0.07975212,1.25597717,0.85012258,1.0896788,1.03385754,0.06520667
"1617",111,83,1.25129302,0,0.05672081,1.25190346,0.84736525,1.08614447,1.03050427,0.22177679
"1618",112,83,1.20926753,0,0.05721074,1.25190346,0.84736525,1.08614447,1.03050427,0.30659829
"1619",121,77,0.0258667,0.22960031,0.03917945,0.60999902,0.41286923,0.52911985,0.50201449,0.10708457
"1620",119,78,0.04192108,0.33668822,0.061016,1.01189616,0.68488765,0.87772985,0.83276615,0.18744271
"1621",120,78,0.05267581,0.47875978,0.0766906,1.27196251,0.86090989,1.10331426,1.04679449,0.1835019
"1622",121,78,0.05335937,0.4789368,0.07664741,1.27243282,0.86122821,1.10372221,1.04718155,0.29482945
"1623",122,78,0.0526965,0.47893679,0.07671942,1.27243282,0.86122821,1.10372221,1.04718155,0.1162046
"1624",123,78,0.05273142,0.4789368,0.07701942,1.27243282,0.86122821,1.10372221,1.04718155,0.0825855
"1625",124,78,0.24928231,0.29530342,1.02322884,1.27243282,0.86122821,1.10372221,1.04718155,0.09890181
"1626",118,79,0.05270784,0.47741949,0.07645103,1.26840166,0.85849977,1.10022554,1.043864,0.12676355
"1627",119,79,0.05309226,0.47741949,0.07639944,1.26840166,0.85849977,1.10022554,1.043864,0.104206
"1628",120,79,0.05341377,0.41166716,0.0763087,1.26840166,0.85849977,1.10022554,1.043864,0.10513168
"1629",121,79,0.05268218,0.47741956,0.07645702,1.26840166,0.85849977,1.10022554,1.043864,0.15609864
"1630",122,79,0.05291155,0.47741956,0.07643676,1.26840166,0.85849977,1.10022554,1.043864,0.16375604
"1631",123,79,0.05442467,0,0.07627561,1.26840166,0.85849977,1.10022554,1.043864,0.08141767
"1632",124,79,0.05293105,0,0.08505337,1.26840166,0.85849977,1.10022554,1.043864,0.12223932
"1633",118,80,0.05424785,0.30466288,0.07671167,1.26436006,0.85576427,1.09671981,1.04053785,0.14319345
"1634",119,80,0.05443525,0.30466288,0.07633657,1.26436006,0.85576427,1.09671981,1.04053785,0.26978178
"1635",120,80,0.05463376,0.30466288,0.07589024,1.26436006,0.85576427,1.09671981,1.04053785,0.23192097
"1636",121,80,0.05566409,0.33469016,0.07545495,1.26436006,0.85576427,1.09671981,1.04053785,0.17716118
"1637",122,80,0.05453981,0,0.07580356,1.26436006,0.85576427,1.09671981,1.04053785,0.21176081
"1638",123,80,0.05444334,0,0.0758892,1.26436006,0.85576427,1.09671981,1.04053785,0.1351405
"1639",124,80,0.0533613,0,0.08199601,1.26436006,0.85576427,1.09671981,1.04053785,0.19501985
"1640",116,81,0.02834997,0.30368622,0.07814626,1.26030692,0.85302096,1.09320407,1.03720222,0.25860993
"1641",117,81,0.02828927,0.30368622,0.07893542,1.26030692,0.85302096,1.09320407,1.03720222,0.37183356
"1642",118,81,0.02709885,0.30368622,0.07650453,1.26030692,0.85302096,1.09320407,1.03720222,0.24434056
"1643",119,81,0.02718089,0.30368622,0.07644524,1.26030692,0.85302096,1.09320407,1.03720222,0.15704992
"1644",120,81,0.05406744,0.30368622,0.07644434,1.26030692,0.85302096,1.09320407,1.03720222,0.05718767
"1645",121,81,0.05496657,0.33093437,0.07618978,1.26030692,0.85302096,1.09320407,1.03720222,0.06874786
"1646",122,81,0.03263224,0.24281114,0.04739783,1.26030692,0.85302096,1.09320407,1.03720222,0.21659391
"1647",123,81,0.29104617,0.21230296,0.04650259,1.26030692,0.85302096,1.09320407,1.03720222,0.26032058
"1648",117,82,0.05493859,0.30270692,0.07735552,1.25624279,0.85027021,1.0896788,1.03385754,0.26446539
"1649",118,82,0.02870735,0.30270692,0.07946555,1.25624279,0.85027021,1.0896788,1.03385754,0.2699971
"1650",119,82,0.02751884,0.30270692,0.07725629,1.25624279,0.85027021,1.0896788,1.03385754,0.24534774
"1651",120,82,0.02707328,0.30270692,0.07621415,1.25624279,0.85027021,1.0896788,1.03385754,0.13251552
"1652",121,82,0.02689266,0.30270692,0.07632492,1.25624279,0.85027021,1.0896788,1.03385754,0.08215362
"1653",122,82,0.05439215,0.31204292,0.07612093,1.25624279,0.85027021,1.0896788,1.03385754,0.17088305
"1654",123,82,0.03325307,0.28523923,0.04724499,1.25624279,0.85027021,1.0896788,1.03385754,0.30365612
"1655",118,83,0.77075779,0,0.87714708,1.25216822,0.8475124,1.08614447,1.03050427,0.21924562
"1656",123,83,0.03253288,0.35516795,0.04824279,1.25216822,0.8475124,1.08614447,1.03050427,0.09427935
"1657",130,76,0.02361339,0.31319215,0.0810321,1.28205059,0.86687038,1.11068601,1.05378861,0.04089992
"1658",129,77,0.02369352,0.47025852,0.08056578,1.27803698,0.86415654,1.10720888,1.0504896,0.0054584
"1659",130,77,0,0.49409715,0.05152162,1.27803698,0.86415654,1.10720888,1.0504896,0.05905869
"1660",131,77,0,0.36224619,0.0521557,1.27803698,0.86415654,1.10720888,1.0504896,0.02314162
"1661",132,77,0,0.3676581,0.05172597,1.27803698,0.86415654,1.10720888,1.0504896,0.0118028
"1662",133,77,0.0236398,0.3920153,0.07887207,1.27803698,0.86415654,1.10720888,1.0504896,0.00251463
"1663",141,77,0,0,0.0565397,1.27803698,0.86415654,1.10720888,1.0504896,0.02638098
"1664",129,78,0.02656056,0,0.08755415,1.27401236,0.86143526,1.10372221,1.04718155,0.07741685
"1665",130,78,0.0272362,0,0.0871845,1.27401236,0.86143526,1.10372221,1.04718155,0.055414
"1666",131,78,0.02675894,0,0.08588895,1.25629163,0.84945322,1.08837011,1.03261589,0.07569545
"1667",132,78,0.02744218,0,0.08647892,1.27286703,0.86066083,1.10272997,1.04624013,0.06740092
"1668",133,78,0.02693022,0,0.0866245,1.27401236,0.86143526,1.10372221,1.04718155,0.07511522
"1669",134,78,0.02661524,0,0.0865866,1.27401236,0.86143526,1.10372221,1.04718155,0.10236604
"1670",135,78,0.02612799,0,0.08566432,1.27401236,0.86143526,1.10372221,1.04718155,0.04106909
"1671",136,78,0.26228889,0,0.99833833,1.27401236,0.86143526,1.10372221,1.04718155,0.07838743
"1672",137,78,0.0238957,0.67182316,0.07922669,1.27401236,0.86143526,1.10372221,1.04718155,0.02810413
"1673",138,78,0.02435216,0.4941318,0.07930694,1.27137678,0.85965318,1.10143891,1.04501521,0.07026894
"1674",139,78,0.01367755,0,0.08517541,1.27401236,0.86143526,1.10372221,1.04718155,0.03663778
"1675",140,78,0.10706781,0,1.01064404,1.27401236,0.86143526,1.10372221,1.04718155,0.01369036
"1676",141,78,0.10694242,0,0.99494426,1.27401236,0.86143526,1.10372221,1.04718155,0.12931462
"1677",129,79,0.02660135,0,0.08682557,1.2699762,0.85870617,1.10022554,1.043864,0.04794366
"1678",130,79,0.02380937,0,0.07769581,1.13878178,0.76999785,0.98656715,0.93602801,0.06005108
"1679",131,79,0.02104622,0,0.06949119,1.01870951,0.68880987,0.88254427,0.83733395,0.08824235
"1680",132,79,0.0256565,0,0.0831976,1.22104489,0.82562081,1.0578346,1.00364463,0.11723245
"1681",133,79,0.02660934,0,0.08717698,1.2699762,0.85870617,1.10022554,1.043864,0.02938995
"1682",134,79,0.0264972,0,0.08721685,1.2699762,0.85870617,1.10022554,1.043864,0.06300095
"1683",135,79,0.03360755,0.2591942,0.05621022,1.2699762,0.85870617,1.10022554,1.043864,0.07388436
"1684",136,79,0.28754688,0.25469831,0.07815815,1.2699762,0.85870617,1.10022554,1.043864,0.14980035
"1685",137,79,0.26044619,0,0.99554022,1.2699762,0.85870617,1.10022554,1.043864,0.04919083
"1686",138,79,0.18557576,0,0.70767606,0.90392436,0.61119683,0.78310182,0.74298566,0.03001445
"1687",139,79,0.02543203,0,0.08279921,1.20957727,0.81786687,1.04789979,0.99421876,0.08570241
"1688",140,79,0.02540175,0,0.08450319,1.2314684,0.83266876,1.06686486,1.0122123,0.03056933
"1689",141,79,0.24392689,0,1.01500443,1.2699762,0.85870617,1.10022554,1.043864,0.11755843
"1690",129,80,0.02686269,0,0.08623134,1.26592958,0.85597001,1.09671981,1.04053785,0.11975236
"1691",130,80,0.02380074,0,0.07858906,1.14957441,0.77729539,0.99591719,0.94489908,0.08438951
"1692",131,80,0.02646019,0,0.08691849,1.26592958,0.85597001,1.09671981,1.04053785,0.13457622
"1693",132,80,0.03452445,0.21271223,0.05593434,1.26592958,0.85597001,1.09671981,1.04053785,0.31923924
"1694",133,80,0.03476225,0.21265701,0,1.26592958,0.85597001,1.09671981,1.04053785,0.55263232
"1695",134,80,0.03465211,0.21248003,0,1.26592958,0.85597001,1.09671981,1.04053785,0.22630237
"1696",135,80,0.03406806,0.21275126,0.05603112,1.26592958,0.85597001,1.09671981,1.04053785,0.05507304
"1697",136,80,0.06575172,0.25667055,0.07952276,1.26592958,0.85597001,1.09671981,1.04053785,0.03140001
"1698",137,80,0.25936682,0,0.99165058,1.26592958,0.85597001,1.09671981,1.04053785,0.04473768
"1699",138,80,0.02669129,0,0.0858724,1.26592958,0.85597001,1.09671981,1.04053785,0.01402434
"1700",139,80,0.02688037,0,0.08589259,1.26592958,0.85597001,1.09671981,1.04053785,0.07417945
"1701",140,80,0.02757838,0,0.08358504,1.26592958,0.85597001,1.09671981,1.04053785,0.05584105
"1702",130,81,0.2586488,0.23403958,0.05344027,1.26187141,0.85322604,1.09320407,1.03720222,0.05075278
"1703",131,81,0.03422021,0.21198542,0.05344027,1.26187141,0.85322604,1.09320407,1.03720222,0.14378506
"1704",132,81,0.03480796,0.25580176,0.0561209,1.26187141,0.85322604,1.09320407,1.03720222,0.26841031
"1705",133,81,0.0350415,0.25293549,0.0561209,1.26187141,0.85322604,1.09320407,1.03720222,0.38721812
"1706",134,81,0.03488878,0.33574563,0,1.26187141,0.85322604,1.09320407,1.03720222,0.10804211
"1707",135,81,0.25913104,0.35158637,0.05344028,1.26187141,0.85322604,1.09320407,1.03720222,0.12156954
"1708",136,81,0.2586492,0.21563291,0.05365683,1.26187141,0.85322604,1.09320407,1.03720222,0.02943404
"1709",137,81,0.25929799,0.26176753,0.05365683,1.26187141,0.85322604,1.09320407,1.03720222,0.01513193
"1710",138,81,0.02706257,0,0.08630867,1.26187141,0.85322604,1.09320407,1.03720222,0.09274572
"1711",139,81,0.0269459,0,0.08655229,1.26187141,0.85322604,1.09320407,1.03720222,0.09747648
"1712",140,81,0.02681514,0,0.08657798,1.26187141,0.85322604,1.09320407,1.03720222,0.06872645
"1713",131,82,0.03293005,0.24630346,0,1.25780223,0.85047463,1.0896788,1.03385754,0.04497019
"1714",132,82,0.03382445,0.21161834,0.05326795,1.25780223,0.85047463,1.0896788,1.03385754,0.0650006
"1715",133,82,0.03404709,0.21161834,0.05326795,1.25780223,0.85047463,1.0896788,1.03385754,0.04904646
"1716",134,82,0.03431557,0.21161834,0.05326794,1.25780223,0.85047463,1.0896788,1.03385754,0.16777515
"1717",135,82,0.03441534,0.29507251,0.05576532,1.25780223,0.85047463,1.0896788,1.03385754,0.07958924
"1718",136,82,0.03193467,0.22960543,0,1.25780223,0.85047463,1.0896788,1.03385754,0.05092353
"1719",131,83,1.30403547,0,0.07964874,1.25372261,0.84771615,1.08614447,1.03050427,0.07676164
"1720",132,83,1.32711807,0,0.06380944,1.25372261,0.84771615,1.08614447,1.03050427,0.06091881
"1721",133,83,1.2554056,0,0,1.25372261,0.84771615,1.08614447,1.03050427,0.07119942
"1722",134,83,0.03312172,0.23719407,0,1.25372261,0.84771615,1.08614447,1.03050427,0.06738823
"1723",130,84,0.67954174,0,0.05315882,1.24963143,0.84494986,1.08260014,1.0271415,0.06406249
"1724",131,84,1.34943059,0,0.0657228,1.24963143,0.84494986,1.08260014,1.0271415,0.12718871
"1725",132,84,1.34117939,0,0.0657228,1.24963143,0.84494986,1.08260014,1.0271415,0.26818787
"1726",133,84,1.34026288,0,0.06487144,1.24963143,0.84494986,1.08260014,1.0271415,0.09998846
"1727",130,85,0.64740593,0,0.05298432,1.24552925,0.84217613,1.07904627,1.02376969,0.04999583
"1728",131,85,0.65876426,0,0.05298432,1.24552925,0.84217613,1.07904627,1.02376969,0.05607652
"1729",132,85,0.66124759,0,0.05298432,1.24552925,0.84217613,1.07904627,1.02376969,0.04607166
"1730",133,85,0.66049823,0,0.05902597,1.24552925,0.84217613,1.07904627,1.02376969,0.02543237
"1731",141,81,0.05047451,0,0.08400063,1.25810632,0.85257663,1.09320407,1.03720222,0.08490956
"1732",137,82,0.03090451,0.23220192,0.05516589,1.25404929,0.84982732,1.0896788,1.03385754,0.04672954
"1733",138,82,0.03198295,0.24514655,0.05516588,1.25404929,0.84982732,1.0896788,1.03385754,0.06239901
"1734",139,82,0.04951848,0,0.08680503,1.25404929,0.84982732,1.0896788,1.03385754,0.02790049
"1735",140,82,0.04815817,0,0.08743603,1.25404929,0.84982732,1.0896788,1.03385754,0.08454685
"1736",141,82,0.04817792,0,0.08742732,1.25404929,0.84982732,1.0896788,1.03385754,0.07398576
"1737",142,82,0.04994233,0,0.08738081,1.25404929,0.84982732,1.0896788,1.03385754,0.07407809
"1738",143,82,0.05029871,0,0.08718063,1.25404929,0.84982732,1.0896788,1.03385754,0.15692576
"1739",144,82,0.05401992,0.39738882,0.07941213,1.25404929,0.84982732,1.0896788,1.03385754,0.14730197
"1740",135,83,0.03245418,0.24461182,0,1.24998183,0.84707094,1.08614447,1.03050427,0.03767464
"1741",136,83,0.03161539,0.24964312,0.0563539,1.24998183,0.84707094,1.08614447,1.03050427,0.18423006
"1742",137,83,0.03180716,0.29530186,0.05498695,1.24998183,0.84707094,1.08614447,1.03050427,0.11876782
"1743",138,83,0.03177138,0.29571083,0.05498695,1.24998183,0.84707094,1.08614447,1.03050427,0.13009386
"1744",139,83,0.03153837,0.24751391,0.05498695,1.24998183,0.84707094,1.08614447,1.03050427,0.09686087
"1745",140,83,0.03153473,0.24765299,0.05498695,1.24998183,0.84707094,1.08614447,1.03050427,0.0486801
"1746",141,83,0.03159258,0.24836894,0,1.24998183,0.84707094,1.08614447,1.03050427,0.03419656
"1747",142,83,0.03159353,0.24870748,0.05498695,1.24998183,0.84707094,1.08614447,1.03050427,0.08072522
"1748",143,83,0.03105236,0.2428229,0.0563539,1.24998183,0.84707094,1.08614447,1.03050427,0.08646968
"1749",144,83,0.06127536,0.23088795,0.0504181,1.24998183,0.84707094,1.08614447,1.03050427,0.20080993
"1750",145,83,0.082145,0.2280031,0.08134405,1.24998183,0.84707094,1.08614447,1.03050427,0.1196922
"1751",146,83,0.08167955,0.23218268,0.08182241,1.24998183,0.84707094,1.08614447,1.03050427,0.05171461
"1752",134,84,1.15613507,0,0.06601321,1.24590286,0.84430676,1.08260014,1.0271415,0.10075793
"1753",135,84,0.65396768,0,0.06601321,1.24590286,0.84430676,1.08260014,1.0271415,0.10194616
"1754",136,84,0.65260218,0,0.06601321,1.24590286,0.84430676,1.08260014,1.0271415,0.05966732
"1755",137,84,0.65344386,0,0,1.24590286,0.84430676,1.08260014,1.0271415,0.10978122
"1756",138,84,0.65483508,0,0,1.24590286,0.84430676,1.08260014,1.0271415,0.04842503
"1757",139,84,0.77954022,0,0.06687476,1.24590286,0.84430676,1.08260014,1.0271415,0.08656447
"1758",140,84,0.65990388,0,0.06658493,1.24590286,0.84430676,1.08260014,1.0271415,0.10633473
"1759",141,84,0.70012031,0,0.06658493,1.24590286,0.84430676,1.08260014,1.0271415,0.13434766
"1760",142,84,0.6955055,0,0.06658493,1.24590286,0.84430676,1.08260014,1.0271415,0.1175039
"1761",143,84,0.02950914,0.22871675,0.05025358,1.24590286,0.84430676,1.08260014,1.0271415,0.06593344
"1762",144,84,0.02901043,0.22354789,0.05025358,1.24590286,0.84430676,1.08260014,1.0271415,0.07453554
"1763",145,84,0.23701573,0.27896832,0.05025358,1.24590286,0.84430676,1.08260014,1.0271415,0.11530824
"1764",146,84,0.29568175,0.28264502,0.05025358,1.24590286,0.84430676,1.08260014,1.0271415,0.05235422
"1765",134,85,0.64047266,0,0.05902145,1.24181292,0.84153514,1.07904627,1.02376969,0.0469646
"1766",135,85,0.35200594,0,0.83855735,1.24181292,0.84153514,1.07904627,1.02376969,0.11617675
"1767",139,85,0.69555231,0,0.06636635,1.24181292,0.84153514,1.07904627,1.02376969,0.17951199
"1768",140,85,0.69154708,0,0.06582775,1.24181292,0.84153514,1.07904627,1.02376969,0.07276472
"1769",141,85,0.02985889,0.23429124,0.05447319,1.24181292,0.84153514,1.07904627,1.02376969,0.09756717
"1770",142,85,0.02904174,0.2320865,0.05447319,1.24181292,0.84153514,1.07904627,1.02376969,0.061986
"1771",143,85,0.23646401,0.28858311,0.05447319,1.24181292,0.84153514,1.07904627,1.02376969,0.08082054
"1772",144,85,0.26176128,0.25619259,0.05445555,1.24181292,0.84153514,1.07904627,1.02376969,0.10091359
"1773",145,85,0.26037883,0.26586986,0.05445555,1.24181292,0.84153514,1.07904627,1.02376969,0.03573885
"1774",139,86,0.29410188,0,0.05777396,1.23771256,0.83875646,1.07548335,1.02038929,0.05729258
"1775",140,86,0.19383062,0.23777073,0.05429332,1.23771256,0.83875646,1.07548335,1.02038929,0.06432667
"1776",141,86,0.25235848,0.24268542,0.05429332,1.23771256,0.83875646,1.07548335,1.02038929,0.07104217
"1777",142,86,0.23427634,0.30390879,0.05427575,1.23771256,0.83875646,1.07548335,1.02038929,0.04467263
"1778",143,86,0.25958093,0.30339569,0.05405463,1.23771256,0.83875646,1.07548335,1.02038929,0.07482076
"1779",136,85,0.31243444,0,0.06189456,1.24181292,0.84153514,1.07904627,1.02376969,0.19266366
"1780",137,85,0.60626309,0,0.06986232,1.24169413,0.84158012,1.07904627,1.02376969,0.16455886
"1781",138,85,0.6816317,0,0.06848557,1.24169413,0.84158012,1.07904627,1.02376969,0.1038174
"1782",132,86,0.62749615,0,0.83476008,1.23759416,0.8388013,1.07548335,1.02038929,0.09108813
"1783",133,86,0.61816204,0,0.83476008,1.23759416,0.8388013,1.07548335,1.02038929,0.05710558
"1784",134,86,0.32803134,0,0.8411847,1.23759416,0.8388013,1.07548335,1.02038929,0.06151419
"1785",135,86,0.32147986,0,0.83476049,1.23759416,0.8388013,1.07548335,1.02038929,0.10912445
"1786",136,86,0.49717454,0,0.75838519,1.23759416,0.8388013,1.07548335,1.02038929,0.27385834
"1787",137,86,0.25453196,0,0.05809737,1.23759416,0.8388013,1.07548335,1.02038929,0.10912852
"1788",138,86,0.25021724,0,0.0616103,1.23759416,0.8388013,1.07548335,1.02038929,0.04757268
"1789",132,87,0.587097,0,0.91898326,1.23348323,0.83601504,1.0719109,1.01699984,0.18571017
"1790",133,87,0.31820414,0,0.83198724,1.23348323,0.83601504,1.0719109,1.01699984,0.05834967
"1791",134,87,0.51006668,0,0.75586605,1.23348323,0.83601504,1.0719109,1.01699984,0.02466553
"1792",135,87,0.49756936,0,0.75586605,1.23348323,0.83601504,1.0719109,1.01699984,0.05170751
"1793",136,87,0.49144511,0,0.75586605,1.23348323,0.83601504,1.0719109,1.01699984,0.20398594
"1794",137,87,0.31461103,0,0.08261763,1.23348323,0.83601504,1.0719109,1.01699984,0.1123277
"1795",138,87,0.29598643,0,0.05673844,1.23348323,0.83601504,1.0719109,1.01699984,0.04701744
"1796",139,87,0.2826249,0,0.06140564,1.23348323,0.83601504,1.0719109,1.01699984,0.12210145
"1797",140,87,0.25226713,0,0.06140564,1.23348323,0.83601504,1.0719109,1.01699984,0.12519706
"1798",141,87,0.57783208,0,0.88283264,1.23348323,0.83601504,1.0719109,1.01699984,0.13609713
"1799",133,88,0.32192686,0,0.83558888,1.22936132,0.83322134,1.06832892,1.01360135,0.04654484
"1800",134,88,0.48984978,0,0.75334019,1.22936132,0.83322134,1.06832892,1.01360135,0.10356025
"1801",135,88,0.50901324,0,0.78794497,1.22936132,0.83322134,1.06832892,1.01360135,0.15687407
"1802",136,88,0.26789274,0,0.05654883,1.22936132,0.83322134,1.06832892,1.01360135,0.09221603
"1803",137,88,0.29801533,0,0.05654883,1.22936132,0.83322134,1.06832892,1.01360135,0.06077606
"1804",138,88,0.27188656,0,0.05654883,1.22936132,0.83322134,1.06832892,1.01360135,0.08244814
"1805",139,88,0.30509279,0.41986144,0.05654883,1.22936132,0.83322134,1.06832892,1.01360135,0.0429408
"1806",133,89,0.30271779,0,0.04933,1.22522899,0.83042058,1.06473788,1.01019427,0.05665048
"1807",134,89,0.50124311,0,0.77893944,1.22522899,0.83042058,1.06473788,1.01019427,0.12911916
"1808",135,89,0.27913821,0.41845013,0.07798125,1.22522899,0.83042058,1.06473788,1.01019427,0.10564896
"1809",136,89,0.26148352,0,0.05100507,1.22522899,0.83042058,1.06473788,1.01019427,0.15509769
"1810",137,89,0.26604344,0,0.05635875,1.22522899,0.83042058,1.06473788,1.01019427,0.06082788
"1811",138,89,0.30339088,0.41845013,0.05635875,1.22522899,0.83042058,1.06473788,1.01019427,0.04024151
"1812",134,90,0.21878183,0.41703508,0.05083259,1.2210857,0.82761239,1.06113731,1.00677815,0.03103064
"1813",135,90,0.5075646,0.41703508,0.05083259,1.2210857,0.82761239,1.06113731,1.00677815,0.11924672
"1814",136,90,0.28884699,0,0.05083259,1.2210857,0.82761239,1.06113731,1.00677815,0.1579354
"1815",137,90,0.30123345,0,0.05616816,1.2210857,0.82761239,1.06113731,1.00677815,0.05073606
"1816",138,90,0.33656354,0.41703508,0.08273513,1.20238693,0.82701521,1.06597475,1.00046313,0.03174408
"1817",135,91,0.25943906,0,0.06552461,1.21693144,0.82479677,1.05752721,1.00335299,0.13047857
"1818",136,91,0.31608643,0,0.0824536,1.21693144,0.82479677,1.05752721,1.00335299,0.11938719
"1819",137,91,0.30061657,0.41561622,0.05597708,1.21693144,0.82479677,1.05752721,1.00335299,0.11782832
"1820",138,91,0.33600096,0,0.08013497,1.21693144,0.82479677,1.05752721,1.00335299,0.04316176
"1821",129,90,0.25634813,0.19435974,0.07717588,1.2229464,0.82786675,1.06113731,1.00677815,0.12688599
"1822",130,90,0.54512843,0,0.0830953,1.22206194,0.8276898,1.06113731,1.00677815,0.18853804
"1823",131,90,0.55704958,0,0.08351823,1.22206194,0.8276898,1.06113731,1.00677815,0.03210962
"1824",132,90,0.51326401,0,0.04916319,1.22206194,0.8276898,1.06113731,1.00677815,0.050711
"1825",133,90,0.53281849,0,0.08350705,1.22206194,0.8276898,1.06113731,1.00677815,0.10039522
"1826",128,91,0.27225269,0,0.05067319,1.21790436,0.82487392,1.05752721,1.00335299,0.11251704
"1827",129,91,0.30821736,0,0.08125274,1.21790436,0.82487392,1.05752721,1.00335299,0.26646625
"1828",130,91,0.55546951,0,0.08323509,1.21790436,0.82487392,1.05752721,1.00335299,0.06540264
"1829",131,91,0.51197421,0,0.04899593,1.21790436,0.82487392,1.05752721,1.00335299,0.04393091
"1830",132,91,0.53198402,0,0.08310518,1.21790436,0.82487392,1.05752721,1.00335299,0.0591125
"1831",133,91,0.52936974,0,0.08322558,1.21790436,0.82487392,1.05752721,1.00335299,0.26010629
"1832",134,91,0.29285128,0,0.08426189,1.21790436,0.82487392,1.05752721,1.00335299,0.08163495
"1833",129,92,0.5331803,0,0.08200819,1.21373634,0.82205096,1.05390805,0.99991923,0.08907878
"1834",130,92,0.54092204,0,0.08288597,1.21373634,0.82205096,1.05390805,0.99991923,0.11300885
"1835",131,92,0.5390117,0,0.08287586,1.21373634,0.82205096,1.05390805,0.99991923,0.0644801
"1836",132,92,0.5278647,0,0.08295592,1.21373634,0.82205096,1.05390805,0.99991923,0.16935715
"1837",133,92,0.53882466,0,0.08562114,1.21373634,0.82205096,1.05390805,0.99991923,0.16556148
"1838",134,92,0.53407434,0.41419393,0.05205143,1.21373634,0.82205096,1.05390805,0.99991923,0.08909328
"1839",135,92,0.2951761,0.41419393,0.05205144,1.21373634,0.82205096,1.05390805,0.99991923,0.16148772
"1840",136,92,0.32821403,0,0.08397352,1.21373634,0.82205096,1.05390805,0.99991923,0.15522022
"1841",129,93,0.5269453,0,0.08210498,1.2095579,0.81922095,1.05027984,0.99647688,0.2674613
"1842",130,93,0.55329644,0,0.08224514,1.2095579,0.81922095,1.05027984,0.99647688,0.1871593
"1843",131,93,0.59347496,0.1406206,0.83441927,1.2095579,0.81922095,1.05027984,0.99647688,0.20219589
"1844",132,93,0.53086679,0,0.08368443,1.2095579,0.81922095,1.05027984,0.99647688,0.15077928
"1845",133,93,0.29706741,0,0.08368443,1.2095579,0.81922095,1.05027984,0.99647688,0.04729835
"1846",134,93,0.32805045,0.41276801,0.08368443,1.2095579,0.81922095,1.05027984,0.99647688,0.1378624
"1847",135,93,0.30348211,0,0.05567072,1.2095579,0.81922095,1.05027984,0.99647688,0.20691593
"1848",136,93,0.30323776,0,0.06262937,1.2095579,0.81922095,1.05027984,0.99647688,0.1291988
"1849",132,94,0.2680107,0,0.05547788,1.20536848,0.8163835,1.0466421,0.99302549,0.10701171
"1850",135,94,0.3286671,0,0.08339459,1.20536848,0.8163835,1.0466421,0.99302549,0.11604807
"1851",129,85,0.60856589,0,0.82699366,1.24358624,0.84183877,1.07904627,1.02376969,0.15434484
"1852",126,86,0.59182055,0,0.72391844,1.23948002,0.83905909,1.07548335,1.02038929,0.10691872
"1853",127,86,0.60401069,0,0.8519902,1.23948002,0.83905909,1.07548335,1.02038929,0.12970536
"1854",128,86,0.58962873,0,0.72391844,1.23948002,0.83905909,1.07548335,1.02038929,0.15380625
"1855",129,86,0.59951061,0,0.72391844,1.23948002,0.83905909,1.07548335,1.02038929,0.15371015
"1856",130,86,0.58045279,0,0.72391844,1.23948002,0.83905909,1.07548335,1.02038929,0.10195438
"1857",131,86,0.70143089,0,0.70979598,1.23948002,0.83905909,1.07548335,1.02038929,0.08840522
"1858",125,87,0.59721931,0,0.72151379,1.23536282,0.83627197,1.0719109,1.01699984,0.11109181
"1859",126,87,0.59833478,0,0.72151379,1.23536282,0.83627197,1.0719109,1.01699984,0.06643993
"1860",127,87,0.5851399,0,0.71173136,1.23536282,0.83627197,1.0719109,1.01699984,0.18411508
"1861",128,87,0.5787249,0,0.71173136,1.23536282,0.83627197,1.0719109,1.01699984,0.11479168
"1862",129,87,0.57155145,0,0.71173136,1.23536282,0.83627197,1.0719109,1.01699984,0.10185876
"1863",130,87,0.26359525,0,0.04616148,1.23536282,0.83627197,1.0719109,1.01699984,0.24521353
"1864",131,87,0.3184071,0,0.83460497,1.23536282,0.83627197,1.0719109,1.01699984,0.12875608
"1865",125,88,0.59151883,0,0.71910272,1.23123463,0.83347742,1.06832892,1.01360135,0.08429589
"1866",126,88,0.5899076,0,0.71910272,1.23123463,0.83347742,1.06832892,1.01360135,0.07298111
"1867",127,88,0.59550413,0,0.71910272,1.23123463,0.83347742,1.06832892,1.01360135,0.06561017
"1868",128,88,0.26531615,0.19567704,0.04600722,1.23123463,0.83347742,1.06832892,1.01360135,0.10513097
"1869",129,88,0.26387,0,0.04600722,1.23123463,0.83347742,1.06832892,1.01360135,0.31912816
"1870",130,88,0.29879884,0,0.04283736,1.23123463,0.83347742,1.06832892,1.01360135,0.61359035
"1871",131,88,0.3074281,0.19567697,0.04283736,1.23123463,0.83347742,1.06832892,1.01360135,0.29413374
"1872",132,88,0.34364167,0.19567696,0.084005,1.23123463,0.83347742,1.06832892,1.01360135,0.11826818
"1873",125,89,0.34144116,0.19501923,0.08378863,1.22709601,0.8306758,1.06473788,1.01019427,0.06174593
"1874",126,89,0.2595213,0.1950193,0.08319974,1.22709601,0.8306758,1.06473788,1.01019427,0.07108044
"1875",127,89,0.26538144,0.19501923,0,1.22709601,0.8306758,1.06473788,1.01019427,0.09433843
"1876",128,89,0.2610483,0,0.04585258,1.22709601,0.8306758,1.06473788,1.01019427,0.11293525
"1877",129,89,0.29342819,0,0.04585258,1.22709601,0.8306758,1.06473788,1.01019427,0.34618283
"1878",130,89,0.30457996,0.19501923,0.04820026,1.22709601,0.8306758,1.06473788,1.01019427,0.24951394
"1879",131,89,0.54405566,0.19501923,0.08379935,1.22709601,0.8306758,1.06473788,1.01019427,0.20084601
"1880",132,89,0.54032623,0.19501923,0.08650097,1.22709601,0.8306758,1.06473788,1.01019427,0.13017547
"1881",127,90,0.29506148,0.19435974,0.08350416,1.22206194,0.8276898,1.06113731,1.00677815,0.0625769
"1882",128,90,0.26169518,0,0.04254899,1.2229464,0.82786675,1.06113731,1.00677815,0.10259881
"1883",123,89,0.53377869,0.49356769,0.04930499,1.22610808,0.83069799,1.06473788,1.01019427,0.10251922
"1884",124,89,0.52333422,0.51625049,0.04930498,1.22709601,0.8306758,1.06473788,1.01019427,0.08105943
"1885",119,90,0.30070976,0.16436921,0.0562462,1.22196181,0.82788886,1.06113731,1.00677815,0.20618834
"1886",120,90,0.30755265,0.23928224,0.05624621,1.22434818,0.82802157,1.06113731,1.00677815,0.12283643
"1887",122,90,0.52757271,0.4875253,0.04913825,1.22196181,0.82788886,1.06113731,1.00677815,0.10171558
"1888",123,90,0.52737071,0,0.04913825,1.22196181,0.82788886,1.06113731,1.00677815,0.34234969
"1889",124,90,0.52752947,0,0.04913825,1.22196181,0.82788886,1.06113731,1.00677815,0.23447817
"1890",125,90,0.29088743,0,0.08188463,1.22196181,0.82788886,1.06113731,1.00677815,0.16386446
"1891",126,90,0.30486205,0.19435974,0.08351088,1.22196181,0.82788886,1.06113731,1.00677815,0.08004517
"1892",118,91,1.36273709,0,0.06002312,1.21780457,0.8250723,1.05752721,1.00335299,0.32296539
"1893",119,91,0.30295397,0,0.05605485,1.21780457,0.8250723,1.05752721,1.00335299,0.21266031
"1894",120,91,0.26041505,0,0.05271407,1.21780457,0.8250723,1.05752721,1.00335299,0.04835215
"1895",121,91,0.51104859,0,0.05605485,1.21780457,0.8250723,1.05752721,1.00335299,0.18508033
"1896",122,91,0.52475943,0,0.04897108,1.21780457,0.8250723,1.05752721,1.00335299,0.14409122
"1897",123,91,0.52636426,0,0.04897108,1.21780457,0.8250723,1.05752721,1.00335299,0.11014783
"1898",124,91,0.32006005,0,0.04897108,1.21780457,0.8250723,1.05752721,1.00335299,0.18197023
"1899",125,91,0.34956237,0,0.0807965,1.21780457,0.8250723,1.05752721,1.00335299,0.20096694
"1900",126,91,0.30003411,0,0.08167354,1.21780457,0.8250723,1.05752721,1.00335299,0.11296797
"1901",127,91,0.27393553,0,0.05605485,1.21780457,0.8250723,1.05752721,1.00335299,0.10596417
"1902",118,92,1.30734235,0.29092349,0.05815052,1.2136369,0.82224867,1.05390805,0.99991923,0.25349781
"1903",119,92,0.3285369,0.14818442,0.08301775,1.2136369,0.82224867,1.05390805,0.99991923,0.18420801
"1904",120,92,0.297922,0.19785321,0.05586301,1.2136369,0.82224867,1.05390805,0.99991923,0.09113584
"1905",121,92,0.26852595,0.14818442,0.05586301,1.2136369,0.82224867,1.05390805,0.99991923,0.0801223
"1906",122,92,0.50916093,0,0.05169846,1.2136369,0.82224867,1.05390805,0.99991923,0.0692302
"1907",123,92,0.52339527,0,0.04880349,1.2136369,0.82224867,1.05390805,0.99991923,0.11703236
"1908",124,92,0.52284121,0,0.04880349,1.2136369,0.82224867,1.05390805,0.99991923,0.17021609
"1909",125,92,0.55153315,0,0.08295155,1.2136369,0.82224867,1.05390805,0.99991923,0.23486663
"1910",126,92,0.54895982,0,0.08294905,1.2136369,0.82224867,1.05390805,0.99991923,0.09156227
"1911",127,92,0.32746354,0,0.0792777,1.2136369,0.82224867,1.05390805,0.99991923,0.09676043
"1912",128,92,0.29053702,0,0.08194392,1.2136369,0.82224867,1.05390805,0.99991923,0.07406317
"1913",122,93,0.29782772,0.19754307,0.0556707,1.2094588,0.81941797,1.05027984,0.99647688,0.07895913
"1914",123,93,0.30297241,0,0.0556707,1.2094588,0.81941797,1.05027984,0.99647688,0.11748611
"1915",124,93,0.30226263,0,0.0556707,1.2094588,0.81941797,1.05027984,0.99647688,0.16859311
"1916",125,93,0.54867032,0,0.08532638,1.2094588,0.81941797,1.05027984,0.99647688,0.21900953
"1917",126,93,0.34314722,0,0.08162545,1.2094588,0.81941797,1.05027984,0.99647688,0.0951344
"1918",127,93,0.60931747,0.1406206,0.83438526,1.2094588,0.81941797,1.05027984,0.99647688,0.04463504
"1919",123,94,0.20091742,0.2305703,0.05579317,1.2046854,0.81635078,1.0466421,0.99302549,0.08205341
"1920",124,94,0.20168221,0.28863717,0.05584301,1.20526972,0.81657984,1.0466421,0.99302549,0.1185285
"1921",125,94,0.54006688,0,0.08226322,1.20526972,0.81657984,1.0466421,0.99302549,0.16487968
"1922",125,76,0.02288733,0.72738751,0.08164516,1.27992834,0.86636107,1.11068601,1.05378861,0.08254985
"1923",126,76,0.02257748,0,0.081006,1.27992834,0.86636107,1.11068601,1.05378861,0.01463022
"1924",122,77,0.23726581,0,0.89156074,1.11586559,0.75530987,0.96831695,0.91871273,0.1701831
"1925",123,77,0.240851,0,1.02435392,1.27592137,0.86364882,1.10720888,1.0504896,0.10095889
"1926",124,77,0.02175232,0.81719599,0.0822526,1.27592137,0.86364882,1.10720888,1.0504896,0.05628497
"1927",125,77,0.02175232,0.70096403,0.0822526,1.27592137,0.86364882,1.10720888,1.0504896,0.15873658
"1928",126,77,0.02322433,0.81715615,0.08079429,1.27592137,0.86364882,1.10720888,1.0504896,0.04934902
"1929",127,77,0.24876093,0,1.01765283,1.27592137,0.86364882,1.10720888,1.0504896,0.10419711
"1930",128,77,0.02405119,0.73391123,0.07882159,1.27592137,0.86364882,1.10720888,1.0504896,0.11049913
"1931",125,78,0.21988058,0,1.03203364,1.27190342,0.86092914,1.10372221,1.04718155,0.20233524
"1932",126,78,0.02350408,0,0.09320614,1.27190342,0.86092914,1.10372221,1.04718155,0.10685334
"1933",127,78,0.02362879,0,0.09314433,1.27190342,0.86092914,1.10372221,1.04718155,0.17371738
"1934",128,78,0.22172394,0,1.03005095,1.27401236,0.86143526,1.10372221,1.04718155,0.03543825
"1935",125,79,0.02417438,0,0.09234429,1.26787393,0.85820165,1.10022554,1.043864,0.20763026
"1936",126,79,0.02427746,0,0.09202069,1.26787393,0.85820165,1.10022554,1.043864,0.06252175
"1937",127,79,0.02415101,0,0.0924786,1.26787393,0.85820165,1.10022554,1.043864,0.22053776
"1938",128,79,0.0249055,0,0.09078776,1.26787393,0.85820165,1.10022554,1.043864,0.0982396
"1939",125,80,0.02420655,0,0.09194064,1.26383401,0.8554671,1.09671981,1.04053785,0.17442966
"1940",126,80,0.0242979,0,0.09219841,1.26383401,0.8554671,1.09671981,1.04053785,0.16991986
"1941",127,80,0.02425792,0,0.09249534,1.26383401,0.8554671,1.09671981,1.04053785,0.20549878
"1942",128,80,0.02487928,0,0.09094779,1.26383401,0.8554671,1.09671981,1.04053785,0.16291577
"1943",124,81,0.28035161,0.24579957,0.05822068,1.25978256,0.85272474,1.09320407,1.03720222,0.31303475
"1944",125,81,0.03160909,0.24639971,0.05534435,1.25978256,0.85272474,1.09320407,1.03720222,0.12364889
"1945",126,81,0.0320464,0.29460982,0.05534435,1.25978256,0.85272474,1.09320407,1.03720222,0.20158112
"1946",127,81,0.03154424,0.29066983,0.05534435,1.25978256,0.85272474,1.09320407,1.03720222,0.12193038
"1947",128,81,0.03179369,0.24543443,0.05534435,1.25978256,0.85272474,1.09320407,1.03720222,0.18331218
"1948",129,81,0.03255278,0.25064557,0.05637142,1.25978256,0.85272474,1.09320407,1.03720222,0.25362403
"1949",124,82,0.03280025,0.29444131,0.0769105,1.25572012,0.84997495,1.0896788,1.03385754,0.31336264
"1950",125,82,0.03188915,0.2952693,0.05947806,1.25572012,0.84997495,1.0896788,1.03385754,0.25930607
"1951",126,82,0.03208358,0.29329286,0.05516588,1.25572012,0.84997495,1.0896788,1.03385754,0.23670701
"1952",127,82,0.03122947,0.28673728,0,1.25572012,0.84997495,1.0896788,1.03385754,0.09834835
"1953",128,82,0.03108124,0.23898011,0.05516587,1.25572012,0.84997495,1.0896788,1.03385754,0.24055419
"1954",129,82,0.03191423,0.25006632,0,1.25572012,0.84997495,1.0896788,1.03385754,0.50179698
"1955",130,82,0.03103683,0.23811489,0.05516588,1.25572012,0.84997495,1.0896788,1.03385754,0.21470713
"1956",126,83,0.60957864,0,0.84893828,1.25164725,0.84721809,1.08614447,1.03050427,0.20580234
"1957",127,83,0.78017559,0,0.06680292,1.25164725,0.84721809,1.08614447,1.03050427,0.2082075
"1958",128,83,0.78276359,0,0.06689153,1.25164725,0.84721809,1.08614447,1.03050427,0.18045102
"1959",129,83,0.66177906,0,0.06680292,1.25164725,0.84721809,1.08614447,1.03050427,0.17026596
"1960",130,83,1.29837865,0,0.08398521,1.25164725,0.84721809,1.08614447,1.03050427,0.06609495
"1961",127,84,0.63439794,0,0.86942286,1.24756284,0.84445343,1.08260014,1.0271415,0.08073047
"1962",128,84,0.58548936,0,0.84035334,1.24756284,0.84445343,1.08260014,1.0271415,0.20543544
"1963",129,84,0.63661464,0,0.84681963,1.24756284,0.84445343,1.08260014,1.0271415,0.12865753
"1964",127,85,0.68679979,0,0.94301167,1.24346745,0.84168133,1.07904627,1.02376969,0.14151339
"1965",128,85,0.60637403,0,0.87715455,1.24346745,0.84168133,1.07904627,1.02376969,0.12189135
"1966",143,106,0.20396035,0,0.05553585,1.15033415,0.78230585,1.00228336,0.95093913,0.5404075
"1967",144,106,0.21371626,0,0,1.15033415,0.78230585,1.00228336,0.95093913,0.62704242
"1968",145,106,0.20897948,0,0,1.15033415,0.78230585,1.00228336,0.95093913,0.56343105
"1969",143,107,0.20807144,0,0.05009449,1.14602505,0.77937537,0.99852885,0.94737696,0.62121148
"1970",144,107,0.21967025,0,0.05532781,1.14602505,0.77937537,0.99852885,0.94737696,0.65793617
"1971",149,104,0.24080204,0.14573259,0.05595046,1.15890638,0.78785169,1.00976616,0.9580386,0.09970859
"1972",150,104,0.24403769,0,0.05597442,1.15890638,0.78785169,1.00976616,0.9580386,0.04133524
"1973",151,104,0.24336632,0,0.05597442,1.15890638,0.78785169,1.00976616,0.9580386,0.18299917
"1974",147,105,0.22660145,0,0.05047077,1.15461758,0.78493607,1.00602929,0.95449316,0.14143811
"1975",148,105,0.24276564,0,0.05574341,1.15461758,0.78493607,1.00602929,0.95449316,0.19853179
"1976",149,105,0.2031051,0.14519321,0.05047077,1.15461758,0.78493607,1.00602929,0.95449316,0.1028115
"1977",150,105,0.23254676,0,0.05576727,1.15461758,0.78493607,1.00602929,0.95449316,0.11798938
"1978",151,105,0.66723532,0.31558794,0.07771401,1.15461758,0.78493607,1.00602929,0.95449316,0.18829563
"1979",146,106,0.20250042,0.14465259,0.05028285,1.15031839,0.78201337,1.00228336,0.95093913,0.34905696
"1980",147,106,0.20015706,0.14465259,0.05028285,1.15031839,0.78201337,1.00228336,0.95093913,0.08787628
"1981",148,106,0.23341091,0.14465259,0.05028285,1.15031839,0.78201337,1.00228336,0.95093913,0.23006658
"1982",149,106,0.23403175,0.14465259,0.05028285,1.15031839,0.78201337,1.00228336,0.95093913,0.0818106
"1983",150,106,0.24778531,0,0.05555962,1.15031839,0.78201337,1.00228336,0.95093913,0.15439822
"1984",145,107,0.21984676,0,0.05532781,1.14600935,0.77908399,0.99852885,0.94737696,0.50307209
"1985",146,107,0.21607686,0.14411073,0.05532781,1.14600935,0.77908399,0.99852885,0.94737696,0.33854859
"1986",147,107,0.21325757,0,0.05532781,1.14600935,0.77908399,0.99852885,0.94737696,0.22089775
"1987",148,107,0.23567879,0.14411073,0.05455934,1.14600935,0.77908399,0.99852885,0.94737696,0.11566797
"1988",149,107,0.24157388,0.14411073,0.07713462,1.14600935,0.77908399,0.99852885,0.94737696,0.15207554
"1989",150,107,0.24657982,0.1733216,0.07713462,1.14600935,0.77908399,0.99852885,0.94737696,0.13830701
"1990",151,107,0.66069955,0.26698975,0.07713462,1.14600935,0.77908399,0.99852885,0.94737696,0.11678577
"1991",140,108,0.23163012,0.14356756,0.05390388,1.14168992,0.77614754,0.99476529,0.94380619,0.08426213
"1992",141,108,0.22829903,0.14356756,0.05413036,1.14168992,0.77614754,0.99476529,0.94380619,0.07310683
"1993",142,108,0.23148885,0.14356756,0.05511928,1.14168992,0.77614754,0.99476529,0.94380619,0.15257674
"1994",143,108,0.22630536,0.14356756,0.05061943,1.14168992,0.77614754,0.99476529,0.94380619,0.37277399
"1995",144,108,0.20547941,0.14356756,0.0550084,1.14168992,0.77614754,0.99476529,0.94380619,0.21688877
"1996",145,108,0.21092954,0,0.05511927,1.14168992,0.77614754,0.99476529,0.94380619,0.21276361
"1997",146,108,0.24307153,0,0.05511928,1.14168992,0.77614754,0.99476529,0.94380619,0.14053125
"1998",147,108,0.24244271,0,0.05511928,1.14168992,0.77614754,0.99476529,0.94380619,0.1053509
"1999",148,108,0.24442761,0,0.07684389,1.14168992,0.77614754,0.99476529,0.94380619,0.15781936
"2000",149,108,0.66456732,0.24254292,0.07684389,1.14168992,0.77614754,0.99476529,0.94380619,0.05765216
"2001",135,109,0.22148851,0,0.05453167,1.13736065,0.7732044,0.99099315,0.94022729,0.0604171
"2002",136,109,0.20260527,0.14302315,0.04971644,1.13736065,0.7732044,0.99099315,0.94022729,0.06474674
"2003",137,109,0.23319028,0.14302315,0.04954853,1.13736065,0.7732044,0.99099315,0.94022729,0.07869424
"2004",138,109,0.23260818,0.14302315,0.04954854,1.13736065,0.7732044,0.99099315,0.94022729,0.13521872
"2005",139,109,0.2395244,0.14302315,0.04954854,1.13736065,0.7732044,0.99099315,0.94022729,0.11404179
"2006",140,109,0.24048374,0.14302315,0.0545343,1.13736065,0.7732044,0.99099315,0.94022729,0.18956383
"2007",141,109,0.21951562,0.14302315,0.04954854,1.13736065,0.7732044,0.99099315,0.94022729,0.11947326
"2008",142,109,0.20686236,0.14302315,0.05491026,1.13736065,0.7732044,0.99099315,0.94022729,0.07712458
"2009",143,109,0.23461884,0.14302315,0.05491026,1.13736065,0.7732044,0.99099315,0.94022729,0.11358557
"2010",144,109,0.22926875,0.14302315,0.0516218,1.13736065,0.7732044,0.99099315,0.94022729,0.08071878
"2011",145,109,0.23957632,0.14302315,0.04971644,1.13736065,0.7732044,0.99099315,0.94022729,0.06292395
"2012",146,109,0.24488887,0,0.05493377,1.13736065,0.7732044,0.99099315,0.94022729,0.23155755
"2013",147,109,0.23966904,0,0.0765525,1.13736065,0.7732044,0.99099315,0.94022729,0.07940411
"2014",148,109,0.23787627,0.17962928,0.05543886,1.13736065,0.7732044,0.99099315,0.94022729,0.12233299
"2015",133,110,0.61009817,0,0.0556235,1.13302098,0.77025419,0.98721196,0.9366398,0.04004118
"2016",134,110,0.2063838,0.14247744,0.04952674,1.13302098,0.77025419,0.98721196,0.9366398,0.14685573
"2017",135,110,0.20425021,0,0.05459072,1.13302098,0.77025419,0.98721196,0.9366398,0.10524708
"2018",136,110,0.23651921,0,0.05470075,1.13302098,0.77025419,0.98721196,0.9366398,0.07999565
"2019",137,110,0.21547359,0.14247744,0.04935948,1.13302098,0.77025419,0.98721196,0.9366398,0.08276466
"2020",138,110,0.2034938,0.14247744,0.04952674,1.13302098,0.77025419,0.98721196,0.9366398,0.10864614
"2021",139,110,0.21814558,0.14247744,0.04952515,1.13302098,0.77025419,0.98721196,0.9366398,0.05383811
"2022",140,110,0.22562351,0,0.04952674,1.13302098,0.77025419,0.98721196,0.9366398,0.0476702
"2023",141,110,0.23939181,0,0.05518187,1.13302098,0.77025419,0.98721196,0.9366398,0.04905775
"2024",142,110,0.21204635,0,0.05470075,1.13302098,0.77025419,0.98721196,0.9366398,0.07993533
"2025",143,110,0.23044076,0,0.05213889,1.13302098,0.77025419,0.98721196,0.9366398,0.071126
"2026",144,110,0.22110822,0,0.04952674,1.13302098,0.77025419,0.98721196,0.9366398,0.11331704
"2027",145,110,0.23612973,0,0.04952674,1.13302098,0.77025419,0.98721196,0.9366398,0.0971646
"2028",146,110,0.23701487,0,0.05472417,1.13302098,0.77025419,0.98721196,0.9366398,0.02518052
"2029",147,110,0.23647536,0.14247744,0.05626741,1.13302098,0.77025419,0.98721196,0.9366398,0.07999441
"2030",148,110,0.23954053,0.14247744,0.05626741,1.13302098,0.77025419,0.98721196,0.9366398,0.11529526
"2031",149,110,0.22872361,0.22808722,0.05370486,1.13302098,0.77025419,0.98721196,0.9366398,0.19291264
"2032",135,111,0.21588374,0.14193056,0.05449079,1.12867201,0.76729766,0.98342266,0.93304461,0.05618192
"2033",136,111,0.22198759,0.14193056,0.04933664,1.12867201,0.76729766,0.98342266,0.93304461,0.08023139
"2034",137,111,0.23586354,0.14193056,0.05449079,1.12867201,0.76729766,0.98342266,0.93304461,0.08623552
"2035",138,111,0.24498366,0.14193056,0.05437764,1.12867201,0.76729766,0.98342266,0.93304461,0.09422939
"2036",139,111,0.24358362,0.14193056,0.04933664,1.12867201,0.76729766,0.98342266,0.93304461,0.10485546
"2037",143,111,0.23907808,0,0.06150843,1.12867201,0.76729766,0.98342266,0.93304461,0.04231233
"2038",144,111,0.24073123,0,0.05502742,1.12867201,0.76729766,0.98342266,0.93304461,0.03016224
"2039",145,111,0.23668622,0.14193056,0.05605144,1.12867201,0.76729766,0.98342266,0.93304461,0.05473088
"2040",146,111,0.24119637,0.14193056,0.05605143,1.12867201,0.76729766,0.98342266,0.93304461,0.06376001
"2041",147,111,0.24135872,0.14193056,0.05605144,1.12867201,0.76729766,0.98342266,0.93304461,0.12961879
"2042",148,111,0.2408087,0.14193056,0.05410341,1.12867201,0.76729766,0.98342266,0.93304461,0.09728595
"2043",149,111,0.24769307,0.14193056,0.05605144,1.12867201,0.76729766,0.98342266,0.93304461,0.09472228
"2044",146,112,0.2452435,0.14138243,0.05583494,1.12431265,0.76433406,0.97962431,0.92944084,0.04836304
"2045",147,112,0.24882676,0.14138237,0.05280633,1.12431265,0.76433406,0.97962431,0.92944084,0.10080337
"2046",148,112,0.2529332,0.14138237,0.05583494,1.12334207,0.76422176,0.97962431,0.92944084,0.06668771
"2047",143,100,0.23851197,0,0.05638234,1.17649965,0.79954114,1.024625,0.97213627,0.16005231
"2048",145,100,0.24837183,0.147877,0.0560822,1.17649965,0.79954114,1.024625,0.97213627,0.17944484
"2049",146,100,0.23169274,0,0.05140369,1.17649965,0.79954114,1.024625,0.97213627,0.18998222
"2050",147,100,0.2075521,0.147877,0.05140369,1.17649965,0.79954114,1.024625,0.97213627,0.16314414
"2051",143,101,0.20104083,0.14734278,0.05667277,1.17224938,0.79665268,1.0209234,0.96862429,0.13997854
"2052",144,101,0.23396391,0.14734278,0.0573395,1.17224938,0.79665268,1.0209234,0.96862429,0.13987047
"2053",145,101,0.20934497,0.14734278,0.05121799,1.17224938,0.79665268,1.0209234,0.96862429,0.16622247
"2054",146,101,0.22209696,0,0.05767454,1.17224938,0.79665268,1.0209234,0.96862429,0.33409256
"2055",147,101,0.24225136,0,0.05104502,1.17224938,0.79665268,1.0209234,0.96862429,0.33347179
"2056",148,101,0.24635773,0,0.05767454,1.17224938,0.79665268,1.0209234,0.96862429,0.24874087
"2057",149,101,0.24658187,0,0.05767455,1.17224938,0.79665268,1.0209234,0.96862429,0.3471291
"2058",150,101,0.23934113,0,0.05704606,1.17224938,0.79665268,1.0209234,0.96862429,0.22006653
"2059",151,101,0.24868315,0,0.05657235,1.17224938,0.79665268,1.0209234,0.96862429,0.17878797
"2060",143,102,0.22986887,0.14680731,0.05085951,1.16798925,0.79375753,1.01721321,0.96510417,0.10575033
"2061",144,102,0.23759636,0,0.05683875,1.16798925,0.79375753,1.01721321,0.96510417,0.05144336
"2062",145,102,0.23634726,0.14680731,0.05683875,1.16798925,0.79375753,1.01721321,0.96510417,0.08798205
"2063",146,102,0.24046636,0,0.05746495,1.16798925,0.79375753,1.01721321,0.96510417,0.07718929
"2064",147,102,0.24173743,0,0.05452605,1.16798925,0.79375753,1.01721321,0.96510417,0.10156204
"2065",148,102,0.23647295,0.14680731,0.05452605,1.16798925,0.79375753,1.01721321,0.96510417,0.13125972
"2066",149,102,0.23949796,0,0.05452605,1.16798925,0.79375753,1.01721321,0.96510417,0.29962657
"2067",150,102,0.20166867,0,0.05103185,1.16798925,0.79375753,1.01721321,0.96510417,0.40082049
"2068",151,102,0.23283507,0.43966871,0.07857795,1.16798925,0.79375753,1.01721321,0.96510417,0.31565902
"2069",142,103,0.23963431,0.14627054,0.05744151,1.16371873,0.79085532,1.01349398,0.96157546,0.11851049
"2070",143,103,0.24018272,0.14627054,0.0574415,1.16371873,0.79085532,1.01349398,0.96157546,0.06521274
"2071",144,103,0.23850019,0.14627054,0.0574415,1.16371873,0.79085532,1.01349398,0.96157546,0.04749012
"2072",145,103,0.23796275,0.14627054,0.05221194,1.16371873,0.79085532,1.01349398,0.96157546,0.07722134
"2073",146,103,0.2313567,0.14627054,0.05067356,1.16371873,0.79085532,1.01349398,0.96157546,0.09723882
"2074",147,103,0.22888941,0.1462706,0.05600264,1.16371873,0.79085532,1.01349398,0.96157546,0.19391397
"2075",148,103,0.23639437,0.14627054,0.05613403,1.16371873,0.79085532,1.01349398,0.96157546,0.06515658
"2076",149,103,0.2206186,0.14627054,0.05624131,1.16371873,0.79085532,1.01349398,0.96157546,0.06015349
"2077",150,103,0.24879322,0.14627054,0.05661721,1.16371873,0.79085532,1.01349398,0.96157546,0.12251763
"2078",151,103,0.6884007,0,0.07829065,1.16371873,0.79085532,1.01349398,0.96157546,0.11793439
"2079",138,104,0.24357058,0,0.05597442,1.15943836,0.7879464,1.00976616,0.9580386,0.08447001
"2080",139,104,0.24314853,0,0.05597442,1.15943836,0.7879464,1.00976616,0.9580386,0.10028844
"2081",140,104,0.24005868,0.14573253,0.05595046,1.15943836,0.7879464,1.00976616,0.9580386,0.07417954
"2082",141,104,0.23765471,0.14573253,0.05595046,1.15943836,0.7879464,1.00976616,0.9580386,0.0912049
"2083",142,104,0.20232781,0.14573253,0.05065824,1.15943836,0.7879464,1.00976616,0.9580386,0.16653088
"2084",143,104,0.23154555,0.14573253,0.05065825,1.15943836,0.7879464,1.00976616,0.9580386,0.07200115
"2085",144,104,0.22608845,0.14573253,0.05065825,1.15943836,0.7879464,1.00976616,0.9580386,0.10003828
"2086",145,104,0.22700633,0.14573253,0.05065825,1.15943836,0.7879464,1.00976616,0.9580386,0.10147959
"2087",146,104,0.20186284,0.14573253,0.05065825,1.15943836,0.7879464,1.00976616,0.9580386,0.10617239
"2088",147,104,0.22991806,0.14573253,0.05079948,1.15943836,0.7879464,1.00976616,0.9580386,0.07799524
"2089",148,104,0.21603824,0.14573253,0.05595046,1.15943836,0.7879464,1.00976616,0.9580386,0.08114862
"2090",138,105,0.22137212,0.14519321,0.05046067,1.15514759,0.78503043,1.00602929,0.95449316,0.08228286
"2091",139,105,0.23035334,0.14519328,0.05500842,1.15514759,0.78503043,1.00602929,0.95449316,0.06364875
"2092",140,105,0.22927373,0.14519321,0.05047077,1.15514759,0.78503043,1.00602929,0.95449316,0.13202544
"2093",141,105,0.20073033,0.14519321,0.05047077,1.15514759,0.78503043,1.00602929,0.95449316,0.19559125
"2094",142,105,0.23122527,0.14519321,0.05047077,1.15514759,0.78503043,1.00602929,0.95449316,0.19862918
"2095",143,105,0.23717088,0.14519321,0.05030033,1.15514759,0.78503043,1.00602929,0.95449316,0.20943122
"2096",144,105,0.20717853,0.14519321,0.05584599,1.15514759,0.78503043,1.00602929,0.95449316,0.28654057
"2097",145,105,0.21091339,0,0.05047077,1.15514759,0.78503043,1.00602929,0.95449316,0.34945801
"2098",146,105,0.19870761,0.14519321,0.05047077,1.15514759,0.78503043,1.00602929,0.95449316,0.14983982
"2099",138,106,0.19872771,0,0.05189767,1.15084643,0.78210738,1.00228336,0.95093913,0.21419924
"2100",139,106,0.23249,0.14465265,0.05470593,1.15084643,0.78210738,1.00228336,0.95093913,0.25703241
"2101",140,106,0.23632348,0.14465259,0.05465844,1.15084643,0.78210738,1.00228336,0.95093913,0.23530524
"2102",141,106,0.23719163,0.14465259,0.0547242,1.15084643,0.78210738,1.00228336,0.95093913,0.2843666
"2103",142,106,0.20833837,0.14465259,0.05028285,1.15084643,0.78210738,1.00228336,0.95093913,0.42502276
"2104",137,107,0.22438622,0.14411073,0.05447973,1.14653541,0.77917765,0.99852885,0.94737696,0.1348123
"2105",138,107,0.23037613,0.14411073,0.05439757,1.14653541,0.77917765,0.99852885,0.94737696,0.15053349
"2106",139,107,0.22950915,0.14411079,0.05453227,1.14653541,0.77917765,0.99852885,0.94737696,0.07167902
"2107",140,107,0.21210392,0.14411073,0.05532781,1.14653541,0.77917765,0.99852885,0.94737696,0.10476457
"2108",141,107,0.23543288,0.14411079,0.05542962,1.14653541,0.77917765,0.99852885,0.94737696,0.25034566
"2109",142,107,0.22753422,0,0.05139477,1.14653541,0.77917765,0.99852885,0.94737696,0.33565541
"2110",137,108,0.22921328,0.14356756,0.05473893,1.142214,0.77624084,0.99476529,0.94380619,0.0629517
"2111",138,108,0.23104648,0.14356756,0.05440035,1.142214,0.77624084,0.99476529,0.94380619,0.0498044
"2112",139,108,0.23174411,0.14356756,0.05364252,1.142214,0.77624084,0.99476529,0.94380619,0.08036469
"2113",116,110,0.54248242,0,0.88814221,1.1386489,0.77007929,0.98721196,0.9366398,0.51837277
"2114",117,110,0.95290293,0.24785864,0.90817778,1.1386489,0.77007929,0.98721196,0.9366398,0.42714426
"2115",123,113,0.4295086,0.2947322,0.87617548,1.12765486,0.76143496,0.97581738,0.92582893,0.72240922
"2116",124,113,0.21643376,0,0.89009549,1.12765486,0.76143496,0.97581738,0.92582893,0.76190294
"2117",115,89,1.30136379,0,0.06007786,1.2274895,0.83082005,1.06473788,1.01019427,0.3079955
"2118",116,89,0.05478289,0.23617027,0.05643036,1.2274895,0.83082005,1.06473788,1.01019427,0.21696606
"2119",117,89,0.05421181,0.24110926,0.05643036,1.2274895,0.83082005,1.06473788,1.01019427,0.11815449
"2120",118,89,0.30069784,0.21704133,0.05643036,1.2274895,0.83082005,1.06473788,1.01019427,0.02764947
"2121",114,90,1.31407408,0,0.06118871,1.22126927,0.82780039,1.06113731,1.00677815,0.17636364
"2122",115,90,0.95291823,0.30054397,0.06150241,1.22333856,0.82801051,1.06113731,1.00677815,0.22174039
"2123",116,90,0.25909933,0.24099736,0.05623953,1.22333856,0.82801051,1.06113731,1.00677815,0.14736969
"2124",117,90,0.05452897,0.22608872,0.05623953,1.22333856,0.82801051,1.06113731,1.00677815,0.15574019
"2125",118,90,0.33245204,0.291438,0.05623953,1.22333856,0.82801051,1.06113731,1.00677815,0.19888153
"2126",114,91,1.31068686,0.27125203,0.06075619,1.21917664,0.82519353,1.05752721,1.00335299,0.25823846
"2127",115,91,0.91784975,0,0.05967099,1.21917664,0.82519353,1.05752721,1.00335299,0.31484382
"2128",116,91,0.94449373,0.29192252,0.05967099,1.21917664,0.82519353,1.05752721,1.00335299,0.19344838
"2129",117,91,0.91281434,0,0.05967099,1.21917664,0.82519353,1.05752721,1.00335299,0.19637255
"2130",111,92,0.29633295,0.16432156,0.05585639,1.21500427,0.82236949,1.05390805,0.99991923,0.03121652
"2131",112,92,0.25646918,0.18212217,0.05585638,1.21500427,0.82236949,1.05390805,0.99991923,0.15874325
"2132",113,92,0.93082883,0.29092356,0.05959531,1.21500427,0.82236949,1.05390805,0.99991923,0.39398556
"2133",114,92,0.93577213,0.29092349,0.05959531,1.21500427,0.82236949,1.05390805,0.99991923,0.33598139
"2134",115,92,0.95246299,0,0.05946678,1.21500427,0.82236949,1.05390805,0.99991923,0.52746229
"2135",116,92,0.94620649,0,0.05946678,1.21500427,0.82236949,1.05390805,0.99991923,0.45643445
"2136",117,92,0.94466046,0,0.05946678,1.21500427,0.82236949,1.05390805,0.99991923,0.36801037
"2137",112,93,0.50441527,0.18192198,0.08559587,1.21082146,0.81953838,1.05027984,0.99647688,0.09168109
"2138",113,93,0.04949058,0.28758485,0.08367616,1.21082146,0.81953838,1.05027984,0.99647688,0.14068544
"2139",114,93,0.22155956,0.16162723,0.06399393,1.21082146,0.81953838,1.05027984,0.99647688,0.14362211
"2140",115,93,0.27347424,0.22361243,0.05566409,1.21082146,0.81953838,1.05027984,0.99647688,0.26174809
"2141",116,93,0.91940736,0,0.06154923,1.21082146,0.81953838,1.05027984,0.99647688,0.24874327
"2142",117,93,0.92142987,0.28992194,0.06033982,1.21082146,0.81953838,1.05027984,0.99647688,0.20730471
"2143",118,93,0.89960022,0.28992195,0.0864266,1.21082146,0.81953838,1.05027984,0.99647688,0.16272547
"2144",119,93,0.05415472,0.2946449,0.05721736,1.21082146,0.81953838,1.05027984,0.99647688,0.1647929
"2145",120,93,0.28496292,0.23264944,0.05566409,1.21082146,0.81953838,1.05027984,0.99647688,0.12655367
"2146",121,93,0.29700259,0.19747368,0.05566409,1.21082146,0.81953838,1.05027984,0.99647688,0.10743718
"2147",115,94,0.05440921,0.21666698,0.04758906,1.2046854,0.81648167,1.0466421,0.99302549,0.20558035
"2148",116,94,0.91202011,0,0.06133605,1.20662767,0.81669983,1.0466421,0.99302549,0.21590607
"2149",117,94,0.92421133,0.27996244,0.06075045,1.20662767,0.81669983,1.0466421,0.99302549,0.17636408
"2150",118,94,0.05411134,0.43854962,0.05450966,1.20662767,0.81669983,1.0466421,0.99302549,0.14988638
"2151",119,94,0.02476238,0.4868016,0.05378782,1.20662767,0.81669983,1.0466421,0.99302549,0.09790483
"2152",120,94,0.25631225,0.48349293,0.04949699,1.2046854,0.81648167,1.0466421,0.99302549,0.06863908
"2153",112,94,0.54748356,0.28891778,0.06054578,1.2046854,0.81648167,1.0466421,0.99302549,0.37157465
"2154",113,94,0.02673239,0.31183373,0.04758906,1.2046854,0.81648167,1.0466421,0.99302549,0.22166221
"2155",114,94,0.02531406,0.22645145,0.04758906,1.2046854,0.81648167,1.0466421,0.99302549,0.12392507
"2156",113,95,0.02673243,0.41645828,0.05124287,1.20048793,0.81363682,1.0429953,0.98956551,0.22949844
"2157",114,95,0.02669162,0.43230378,0.04742325,1.20048793,0.81363682,1.0429953,0.98956551,0.3109354
"2158",115,95,0.20261601,0.30464571,0.04893282,1.20048793,0.81363682,1.0429953,0.98956551,0.39922827
"2159",116,95,0.20336915,0.47491683,0.0475903,1.20048793,0.81363682,1.0429953,0.98956551,0.36161189
"2160",117,95,0.05054203,0.4813453,0.07777862,1.20048793,0.81363682,1.0429953,0.98956551,0.23125314
"2161",118,95,0.02467882,0.50816388,0.05312101,1.20048793,0.81363682,1.0429953,0.98956551,0.10043045
"2162",119,95,0.02691156,0.43265914,0.05562837,1.20048793,0.81363682,1.0429953,0.98956551,0.07947649
"2163",120,95,0.02728401,0.43665498,0.05493895,1.20048793,0.81363682,1.0429953,0.98956551,0.12795811
"2164",113,96,0.02578747,0.29591532,0.05467412,1.19628004,0.8107849,1.03933944,0.98609693,0.39892277
"2165",114,96,0.47785375,0.31561035,0.05676017,1.19628004,0.8107849,1.03933944,0.98609693,0.2568218
"2166",115,96,0.02634177,0.2646497,0.04725702,1.19628004,0.8107849,1.03933944,0.98609693,0.10788515
"2167",116,96,0.20183636,0.24240611,0.05264421,1.19628004,0.8107849,1.03933944,0.98609693,0.28101916
"2168",117,96,0.20294437,0.39738624,0.04849746,1.19628004,0.8107849,1.03933944,0.98609693,0.21874051
"2169",118,96,0.02721088,0.42041538,0.04876973,1.19628004,0.8107849,1.03933944,0.98609693,0.08914027
"2170",119,96,0.02740327,0.3851579,0.05662464,1.19628004,0.8107849,1.03933944,0.98609693,0.11359431
"2171",120,96,0.04745981,0.25144631,0.07558648,1.19628004,0.8107849,1.03933944,0.98609693,0.07612101
"2172",115,97,0.21409759,0.30096236,0.05237412,1.19206173,0.80792592,1.03567454,0.98261977,0.17230399
"2173",116,97,0.20042542,0.23036869,0.05489351,1.19206173,0.80792592,1.03567454,0.98261977,0.17222222
"2174",117,97,0.02604451,0.25696323,0.05489351,1.19206173,0.80792592,1.03567454,0.98261977,0.11234427
"2175",121,94,0.07876555,0.29851479,0.08303407,1.2046854,0.81635078,1.0466421,0.99302549,0.16317504
"2176",122,94,0.29617713,0.23957189,0.05547482,1.2046854,0.81635078,1.0466421,0.99302549,0.13777524
"2177",121,95,0.20189881,0.25755819,0.05528152,1.20048793,0.81350638,1.0429953,0.98956551,0.19587488
"2178",122,95,0.0506969,0.26563283,0.08208324,1.20048793,0.81350638,1.0429953,0.98956551,0.2640963
"2179",123,95,0.04988216,0.27864143,0.08070764,1.20048793,0.81350638,1.0429953,0.98956551,0.02061619
"2180",121,96,0.20108326,0.24260995,0.05264887,1.19628004,0.8107849,1.03933944,0.98609693,0.11870105
"2181",122,96,0.22562586,0.23733482,0.08179971,1.19628004,0.81065492,1.03933944,0.98609693,0.14277827
"2182",123,96,0.59695289,0.26697132,0.82567124,1.19628004,0.81065492,1.03933944,0.98609693,0.11136632
"2183",118,97,0.02659679,0.29710482,0.04709038,1.19206173,0.8077964,1.03567454,0.98261977,0.11385949
"2184",119,97,0.20239762,0.31002644,0.05333317,1.19206173,0.8077964,1.03567454,0.98261977,0.20896943
"2185",120,97,0.02651787,0.3749375,0.05071828,1.19206173,0.8077964,1.03567454,0.98261977,0.11179626
"2186",121,97,0.02544045,0.24080849,0.0548935,1.19206173,0.8077964,1.03567454,0.98261977,0.04746922
"2187",122,97,0.20077362,0.25308824,0.05811872,1.19206173,0.8077964,1.03567454,0.98261977,0.23449997
"2188",123,97,0.24985056,0.24504767,0.08153352,1.19206173,0.8077964,1.03567454,0.98261977,0.148473
"2189",115,98,0.33080732,0.38144254,0.05505842,1.18783245,0.80493044,1.0320001,0.97913356,0.15659351
"2190",116,98,0.5381624,0.2859121,0.05647886,1.18783245,0.80493044,1.0320001,0.97913356,0.16667301
"2191",117,98,0.48971376,0.28650394,0.05647886,1.18783245,0.80493044,1.0320001,0.97913356,0.06238732
"2192",118,98,0.02714423,0.29070441,0.05647886,1.18783245,0.80493044,1.0320001,0.97913356,0.10760981
"2193",119,98,0.20191084,0.34393128,0.04970276,1.18783245,0.80493044,1.0320001,0.97913356,0.22329964
"2194",120,98,0.20100379,0.37129771,0.04789092,1.18783245,0.80493044,1.0320001,0.97913356,0.18440138
"2195",121,98,0.19988975,0.24964588,0.04778579,1.18783245,0.80493044,1.0320001,0.97913356,0.10873695
"2196",122,98,0.04952027,0.23615764,0.0812101,1.18783245,0.80493044,1.0320001,0.97913356,0.02352968
"2197",123,98,0.04957267,0.23622555,0.08120839,1.18783245,0.80493044,1.0320001,0.97913356,0.14397441
"2198",124,98,0.24893415,0.23626455,0.08120778,1.18783245,0.80493044,1.0320001,0.97913356,0.09220103
"2199",116,99,0.04561955,0.42422827,0.07964769,1.18359329,0.80205779,1.02831708,0.97563921,0.06486672
"2200",117,99,0.51476505,0.29131078,0.08177796,1.18359329,0.80205779,1.02831708,0.97563921,0.14187854
"2201",118,99,0.49636321,0.29453484,0.0562773,1.18359329,0.80205779,1.02831708,0.97563921,0.09508768
"2202",119,99,0.54479356,0.30611668,0.05526588,1.18359329,0.80205779,1.02831708,0.97563921,0.16905326
"2203",120,99,0.20081075,0.39036957,0.05090919,1.18359329,0.80205779,1.02831708,0.97563921,0.40806718
"2204",121,99,0.5234444,0.30506291,0.0562773,1.18359329,0.80205779,1.02831708,0.97563921,0.24015031
"2205",122,99,0.05144466,0.27662179,0.07972197,1.18359329,0.80205779,1.02831708,0.97563921,0.14714272
"2206",123,99,0.55938655,0.25377697,0.81177582,1.18359329,0.80205779,1.02831708,0.97563921,0.12226896
"2207",117,100,0.57247715,0.30270407,0.85139722,1.1805039,0.79894315,1.024625,0.97213627,0.10888041
"2208",118,100,0.5834952,0.26274766,0.07640871,1.17934372,0.79917808,1.024625,0.97213627,0.13646926
"2209",119,100,0.56204875,0.28316694,0.04887474,1.17934372,0.79917808,1.024625,0.97213627,0.10066036
"2210",120,100,0.22240904,0.29506335,0.08063495,1.17934372,0.79917808,1.024625,0.97213627,0.23636712
"2211",121,100,0.63500206,0.3068838,0.05607524,1.17934372,0.79917808,1.024625,0.97213627,0.21627294
"2212",120,101,0.58990578,0.27966662,0.08293755,1.17508317,0.79629093,1.0209234,0.96862429,0.13001968
"2213",121,101,0.64005405,0.31168614,0.05587369,1.17508317,0.79629093,1.0209234,0.96862429,0.1292847
"2214",130,111,0.79452801,0,0.94817758,1.12769767,0.76718492,0.98342266,0.93304461,0.06530484
"2215",131,111,0.19183194,0,0.06116917,1.12769767,0.76718492,0.98342266,0.93304461,0.06206625
"2216",132,111,0.19692724,0,0.05496127,1.12769767,0.76718492,0.98342266,0.93304461,0.08219693
"2217",133,111,0.21966047,0,0.06116917,1.12769767,0.76718492,0.98342266,0.93304461,0.07617306
"2218",134,111,0.24629593,0.14193062,0.05809089,1.12769767,0.76718492,0.98342266,0.93304461,0.07736523
"2219",140,111,0.24443972,0,0.06102064,1.12769767,0.76718492,0.98342266,0.93304461,0.08483653
"2220",141,111,0.2326068,0,0.06020704,1.12769767,0.76718492,0.98342266,0.93304461,0.02374768
"2221",142,111,0.24883886,0.14193056,0.06150843,1.12769767,0.76718492,0.98342266,0.93304461,0.06829335
"2222",128,112,0.43105221,0,0.95744592,1.12334207,0.76422176,0.97962431,0.92944084,0.09622862
"2223",129,112,0.19601398,0,0.05493632,1.12334207,0.76422176,0.97962431,0.92944084,0.09066215
"2224",130,112,0.19941227,0,0.05869612,1.12334207,0.76422176,0.97962431,0.92944084,0.07368409
"2225",131,112,0.19950578,0,0.05493632,1.12334207,0.76422176,0.97962431,0.92944084,0.10762346
"2226",132,112,0.19846907,0,0.05474899,1.12334207,0.76422176,0.97962431,0.92944084,0.08760554
"2227",133,112,0.18924845,0,0.05878607,1.12334207,0.76422176,0.97962431,0.92944084,0.07178658
"2228",134,112,0.19905699,0,0.05493632,1.12334207,0.76422176,0.97962431,0.92944084,0.12618802
"2229",135,112,0.22886099,0,0.05474899,1.12334207,0.76422176,0.97962431,0.92944084,0.09413957
"2230",136,112,0.22669588,0,0.05493632,1.12334207,0.76422176,0.97962431,0.92944084,0.0605599
"2231",137,112,0.22814962,0,0.0606736,1.12334207,0.76422176,0.97962431,0.92944084,0.0790937
"2232",138,112,0.20061887,0,0.0606736,1.12334207,0.76422176,0.97962431,0.92944084,0.11177125
"2233",139,112,0.19578417,0,0.0606736,1.12334207,0.76422176,0.97962431,0.92944084,0.06908191
"2234",140,112,0.19661473,0,0.06127086,1.12334207,0.76422176,0.97962431,0.92944084,0.01661614
"2235",141,112,0.19802108,0,0.06127086,1.12334207,0.76422176,0.97962431,0.92944084,0.02872731
"2236",142,112,0.19803786,0,0.06069959,1.12334207,0.76422176,0.97962431,0.92944084,0.09746163
"2237",143,112,0.23164027,0,0.06241133,1.12334207,0.76422176,0.97962431,0.92944084,0.07450641
"2238",144,112,0.23111634,0,0.06241133,1.12334207,0.76422176,0.97962431,0.92944084,0.07358873
"2239",145,112,0.25430438,0,0.06241133,1.12334207,0.76422176,0.97962431,0.92944084,0.0422646
"2240",149,112,0.25544833,0.14138237,0.06024158,1.12334207,0.76422176,0.97962431,0.92944084,0.07456926
"2241",129,113,0.39866268,0,0.96675286,1.1228899,0.76106886,0.97581738,0.92582893,0.06413357
"2242",130,113,0.22396382,0,0.06216879,1.11897664,0.76125191,0.97581738,0.92582893,0.08536464
"2243",131,113,0.2280299,0,0.06216879,1.11897664,0.76125191,0.97581738,0.92582893,0.14345695
"2244",132,113,0.2276753,0,0.0616545,1.11897664,0.76125191,0.97581738,0.92582893,0.26151168
"2245",133,113,0.19892105,0,0.06043782,1.11897664,0.76125191,0.97581738,0.92582893,0.10016988
"2246",134,113,0.22773845,0,0.05472283,1.11897664,0.76125191,0.97581738,0.92582893,0.06978208
"2247",135,113,0.22532945,0,0.06216879,1.11897664,0.76125191,0.97581738,0.92582893,0.07602585
"2248",136,113,0.22880776,0,0.06064054,1.11897664,0.76125191,0.97581738,0.92582893,0.05146456
"2249",137,113,0.19242993,0,0.06043782,1.11897664,0.76125191,0.97581738,0.92582893,0.04448294
"2250",138,113,0.19883663,0,0.06089561,1.11897664,0.76125191,0.97581738,0.92582893,0.07706932
"2251",139,113,0.22486148,0,0.06216879,1.11897664,0.76125191,0.97581738,0.92582893,0.09142415
"2252",140,113,0.23230277,0,0.0604637,1.11897664,0.76125191,0.97581738,0.92582893,0.1007537
"2253",141,113,0.22912973,0,0.06216879,1.11897664,0.76125191,0.97581738,0.92582893,0.09990295
"2254",142,113,0.22515641,0,0.06216879,1.11897664,0.76125191,0.97581738,0.92582893,0.05290792
"2255",143,113,0.23119614,0,0.06216879,1.11897664,0.76125191,0.97581738,0.92582893,0.24480327
"2256",144,113,0.23061218,0,0.06216879,1.11897664,0.76125191,0.97581738,0.92582893,0.06739118
"2257",145,113,0.2316666,0,0.06216879,1.11897664,0.76125191,0.97581738,0.92582893,0.07120581
"2258",146,113,0.22248011,0.14083294,0.06216879,1.11897664,0.76125191,0.97581738,0.92582893,0.06567579
"2259",147,113,0.21864326,0,0.06216879,1.11897664,0.76125191,0.97581738,0.92582893,0.11335993
"2260",148,113,0.17524757,0,0.05829412,1.11897664,0.76125191,0.97581738,0.92582893,0.08372009
"2261",149,113,0.20991836,0.40551661,0.05942253,1.11897664,0.76125191,0.97581738,0.92582893,0.03534731
"2262",129,114,0.21578226,0,0.0478702,1.11460137,0.75827537,0.97200187,0.92220888,0.04916101
"2263",130,114,0.22591791,0,0.05432299,1.11460137,0.75827537,0.97200187,0.92220888,0.08675052
"2264",131,114,0.22191116,0,0.0582394,1.11460137,0.75827537,0.97200187,0.92220888,0.08912572
"2265",132,114,0.22272702,0,0.06192571,1.11460137,0.75827537,0.97200187,0.92220888,0.08503222
"2266",133,114,0.22235089,0,0.06192571,1.11460137,0.75827537,0.97200187,0.92220888,0.07688081
"2267",134,114,0.19363077,0,0.05450886,1.11460137,0.75827537,0.97200187,0.92220888,0.09156393
"2268",135,114,0.227587,0,0.06192571,1.11460137,0.75827537,0.97200187,0.92220888,0.08062479
"2269",136,114,0.22964488,0,0.06192571,1.11460137,0.75827537,0.97200187,0.92220888,0.09057173
"2270",137,114,0.22838039,0,0.06192571,1.11460137,0.75827537,0.97200187,0.92220888,0.14093716
"2271",138,114,0.22938703,0,0.06192571,1.11460137,0.75827537,0.97200187,0.92220888,0.06557027
"2272",139,114,0.22895219,0,0.06192571,1.11460137,0.75827537,0.97200187,0.92220888,0.07347339
"2273",140,114,0.22900715,0,0.06192571,1.11460137,0.75827537,0.97200187,0.92220888,0.08621567
"2274",141,114,0.22816445,0,0.06192571,1.11460137,0.75827537,0.97200187,0.92220888,0.09396751
"2275",142,114,0.22740394,0,0.06030278,1.11460137,0.75827537,0.97200187,0.92220888,0.05782613
"2276",143,114,0.22851617,0,0.06192571,1.11460137,0.75827537,0.97200187,0.92220888,0.07158985
"2277",144,114,0.23030431,0,0.06057388,1.11460137,0.75827537,0.97200187,0.92220888,0.1103257
"2278",145,114,0.20510047,0,0.05682311,1.11460137,0.75827537,0.97200187,0.92220888,0.11341407
"2279",146,114,0.20499013,0,0.05702311,1.11460137,0.75827537,0.97200187,0.92220888,0.06733335
"2280",147,114,0.17237432,0,0.05775573,1.11460137,0.75827537,0.97200187,0.92220888,0.07062567
"2281",148,114,0.18105064,0,0.05768023,1.11460137,0.75827537,0.97200187,0.92220888,0.20400448
"2282",149,114,0.64494296,0,0.04799832,1.11460137,0.75827537,0.97200187,0.92220888,0.05340957
"2283",129,115,0.34286941,0,0.88847085,1.01912523,0.69073956,0.88564348,0.84027439,0.1369473
"2284",130,115,0.17886035,0,0.05801028,1.11021627,0.75529213,0.96817779,0.91858069,0.07278838
"2285",131,115,0.15085888,0,0.04858874,0.92990443,0.63262404,0.81093463,0.76939267,0.11171535
"2286",132,115,0.15901968,0,0.04978277,0.92424106,0.62877119,0.80599582,0.76470686,0.19391752
"2287",133,115,0.22028967,0,0.06168207,1.11021627,0.75529213,0.96817779,0.91858069,0.09885419
"2288",134,115,0.22417937,0,0.06168207,1.11021627,0.75529213,0.96817779,0.91858069,0.06236456
"2289",135,115,0.22754138,0,0.06168207,1.11021627,0.75529213,0.96817779,0.91858069,0.10823603
"2290",136,115,0.22705183,0,0.06054645,1.11021627,0.75529213,0.96817779,0.91858069,0.09775001
"2291",137,115,0.2245169,0,0.05686634,1.11021627,0.75529213,0.96817779,0.91858069,0.10458916
"2292",138,115,0.22576934,0,0.06168207,1.11021627,0.75529213,0.96817779,0.91858069,0.04941237
"2293",139,115,0.22676252,0,0.06168207,1.11021627,0.75529213,0.96817779,0.91858069,0.06479581
"2294",140,115,0.22685429,0,0.06168207,1.11021627,0.75529213,0.96817779,0.91858069,0.05474918
"2295",141,115,0.22513821,0,0.05985644,1.11021627,0.75529213,0.96817779,0.91858069,0.06673817
"2296",142,115,0.2017763,0,0.05953768,1.11021627,0.75529213,0.96817779,0.91858069,0.10410229
"2297",143,115,0.20265649,0,0.05953768,1.11021627,0.75529213,0.96817779,0.91858069,0.11992467
"2298",144,115,0.22698251,0,0.05554574,1.11021627,0.75529213,0.96817779,0.91858069,0.06341677
"2299",145,115,0.22269932,0,0.06066516,1.11021627,0.75529213,0.96817779,0.91858069,0.12025264
"2300",146,115,0.18119446,0,0.05736199,1.11021627,0.75529213,0.96817779,0.91858069,0.07600649
"2301",147,115,0.17401914,0,0.05429441,1.11021627,0.75529213,0.96817779,0.91858069,0.05312755
"2302",148,115,0.18936147,0,0.05787013,1.08459039,0.73785857,0.94583042,0.89737812,0.11759802
"2303",133,116,0.1209165,0,0.03747047,0.69531269,0.47302874,0.60635601,0.57529405,0.05557631
"2304",134,116,0.21266312,0,0.05720901,1.02970551,0.70051979,0.89796739,0.85196698,0.09843617
"2305",135,116,0.21981684,0,0.05941006,1.0693223,0.72747153,0.9325157,0.88474548,0.16223189
"2306",136,116,0.2248089,0,0.05899432,1.10582132,0.7523022,0.96434512,0.91494436,0.39676488
"2307",137,116,0.22380355,0,0.056377,1.10582132,0.7523022,0.96434512,0.91494436,0.15737245
"2308",138,116,0.22265775,0,0.05778063,1.10582132,0.7523022,0.96434512,0.91494436,0.07320449
"2309",139,116,0.22564586,0,0.0614379,1.10582132,0.7523022,0.96434512,0.91494436,0.05706059
"2310",140,116,0.19598766,0,0.05930199,1.10582132,0.7523022,0.96434512,0.91494436,0.0460224
"2311",141,116,0.19373035,0,0.05956331,1.10582132,0.7523022,0.96434512,0.91494436,0.05481419
"2312",142,116,0.19389907,0,0.05389506,1.10582132,0.7523022,0.96434512,0.91494436,0.10206448
"2313",143,116,0.19313285,0,0.05389506,1.10582132,0.7523022,0.96434512,0.91494436,0.07617692
"2314",144,116,0.19453724,0,0.05381683,0.96864956,0.65898277,0.8447228,0.80144996,0.20114435
"2315",145,116,0.15858432,0,0.04656523,0.95216934,0.6477711,0.83035102,0.78781441,0.09871983
"2316",146,116,0.18460109,0,0.05790891,1.07984404,0.73462958,0.94169132,0.89345105,0.14645481
"2317",147,116,0.10969194,0,0.03382237,0.61935536,0.42135415,0.54011648,0.51244779,0.15114151
"2318",137,117,0.10736048,0,0.03296698,0.67411127,0.45860518,0.58786704,0.55775223,0.05290576
"2319",138,117,0.17705094,0,0.05673291,1.08576973,0.73866089,0.94685889,0.8983539,0.14803618
"2320",139,117,0.19129935,0,0.05932605,1.10141654,0.74930558,0.96050388,0.9112999,0.09393873
"2321",140,117,0.19389901,0,0.05932599,1.10141654,0.74930558,0.96050388,0.9112999,0.0412299
"2322",141,117,0.19499351,0,0.05932605,1.10141654,0.74930558,0.96050388,0.9112999,0.0627233
"2323",142,117,0.19269,0,0.05932605,1.10141654,0.74930558,0.96050388,0.9112999,0.18376961
"2324",143,117,0.18384473,0,0.05677139,1.05398809,0.7170395,0.91914331,0.87205812,0.08092557
"2325",144,117,0.08988614,0,0.02761336,0.51265583,0.3487653,0.44706784,0.42416578,0.02645749
"2326",139,118,0.13787379,0,0.0421572,0.86203364,0.58645081,0.75174707,0.71323713,0.10482657
"2327",140,118,0.12252627,0,0.03930106,0.75782505,0.51555658,0.66087069,0.62701609,0.1049101
"2328",141,118,0.12514336,0,0.04133048,0.7468295,0.50807618,0.65128187,0.61791849,0.07080695
"2329",142,118,0.17447386,0,0.05224622,0.99990219,0.68024427,0.87197704,0.82730804,0.13936772
"2330",143,118,0.18794405,0,0.05908826,1.09700192,0.74630227,0.95665406,0.90764729,0.06443445
"2331",144,118,0.19251861,0,0.05908826,1.09700192,0.74630227,0.95665406,0.90764729,0.08221754
"2332",145,118,0.14360968,0,0.04285219,0.79263649,0.53923917,0.69122842,0.65581869,0.09329062
"2333",143,119,0.16051545,0,0.05023524,0.9326413,0.63448596,0.81332135,0.77165712,0.05460962
"2334",144,119,0.13367966,0,0.04003332,0.76616845,0.52123268,0.66814665,0.63391933,0.04825714
"2335",145,119,0.1107283,0,0.03057237,0.55027244,0.37435629,0.47987187,0.45528935,0.07283236
"2336",122,100,0.69302203,0.29262963,0.05569951,1.17861054,0.79910333,1.024625,0.97213627,0.13136049
"2337",123,100,0.64194263,0.31395732,0.90316,1.17861054,0.79910333,1.024625,0.97213627,0.18978905
"2338",122,101,0.6981324,0,0.85323436,1.17435264,0.79621645,1.0209234,0.96862429,0.12215284
"2339",123,101,0.60339109,0,0.07452344,1.17435264,0.79621645,1.0209234,0.96862429,0.3752452
"2340",124,101,0.66414607,0,0.05694272,1.17435264,0.79621645,1.0209234,0.96862429,0.161336
"2341",125,101,0.56153388,0,0.05790565,1.17435264,0.79621645,1.0209234,0.96862429,0.26379657
"2342",126,101,0.64466667,0,0.05588321,1.17120577,0.79650373,1.0209234,0.96862429,0.20168143
"2343",127,101,0.64192347,0,0.05588321,1.17435264,0.79621645,1.0209234,0.96862429,0.17783446
"2344",121,102,0.03041265,0.19540692,0.05498888,1.17008488,0.79332289,1.01721321,0.96510417,0.05260518
"2345",122,102,0.69179552,0,0.85013358,1.17008488,0.79332289,1.01721321,0.96510417,0.08604316
"2346",123,102,0.60613849,0,0.07988798,1.17008488,0.79332289,1.01721321,0.96510417,0.2536259
"2347",124,102,0.69834066,0,0.05729712,1.17008488,0.79332289,1.01721321,0.96510417,0.15389091
"2348",125,102,0.03056,0.33823061,0.05498889,1.17008488,0.79332289,1.01721321,0.96510417,0.24552931
"2349",126,102,0,0.22104215,0,1.17008488,0.79332289,1.01721321,0.96510417,0.073474
"2350",127,102,0,0.2211701,0,1.17008488,0.79332289,1.01721321,0.96510417,0.0466546
"2351",124,103,0.69717419,0,0.05708763,1.16580669,0.79042226,1.01349398,0.96157546,0.15109259
"2352",125,103,0.06062439,0.35523093,0.07838167,1.16580669,0.79042226,1.01349398,0.96157546,0.16553368
"2353",126,103,0.06086744,0.38595898,0.07826623,1.16580669,0.79042226,1.01349398,0.96157546,0.2559402
"2354",127,103,0.6723583,0,0.05764705,1.16580669,0.79042226,1.01349398,0.96157546,0.20814524
"2355",125,104,0.61428959,0,0.89120481,1.16151864,0.78751494,1.00976616,0.9580386,0.21036546
"2356",126,104,0.57474678,0,0.0488332,1.16151864,0.78751494,1.00976616,0.9580386,0.33867974
"2357",127,104,0.58657995,0,0.05793971,1.16151864,0.78751494,1.00976616,0.9580386,0.22457758
"2358",128,104,0.89245656,0,0.0547863,1.16151864,0.78751494,1.00976616,0.9580386,0.12881718
"2359",129,104,0.28738897,0,0.04752928,1.16151864,0.78751494,1.00976616,0.9580386,0.16897082
"2360",125,105,0.0573973,0.37698483,0.04297701,1.15722017,0.78460056,1.00602929,0.95449316,0.37406419
"2361",126,105,1.10802915,0.37537324,0.04297702,1.15722017,0.78460056,1.00602929,0.95449316,0.42189484
"2362",127,105,0.62672052,0.3818687,0.04297702,1.15722017,0.78460056,1.00602929,0.95449316,0.47115303
"2363",128,105,0.61584262,0,0.88988126,1.15722017,0.78460056,1.00602929,0.95449316,0.11224599
"2364",129,105,0.89966476,0,0.07782164,1.15722017,0.78460056,1.00602929,0.95449316,0.20779148
"2365",125,106,1.09916727,0.37662441,0.04048589,1.15291129,0.78167912,1.00228336,0.95093913,0.22229022
"2366",126,106,1.102013,0.37747691,0.03445722,1.15291129,0.78167912,1.00228336,0.95093913,0.21552081
"2367",127,106,1.09910182,0.37390322,0.03445722,1.15291129,0.78167912,1.00228336,0.95093913,0.26444859
"2368",128,106,1.10535579,0.37677071,0.03445722,1.15291129,0.78167912,1.00228336,0.95093913,0.39823441
"2369",129,106,1.10831073,0.37587414,0.03618028,1.15291129,0.78167912,1.00228336,0.95093913,0.20938298
"2370",126,107,1.3542252,0.37115812,0.06783548,1.14859254,0.77875099,0.99852885,0.94737696,0.09824526
"2371",127,107,1.09649778,0.35394525,0.03432814,1.14859254,0.77875099,0.99852885,0.94737696,0.16707858
"2372",128,107,1.1015713,0.36491537,0.03432814,1.14859254,0.77875099,0.99852885,0.94737696,0.07499108
"2373",129,107,1.13645551,0.37381266,0.03432814,1.14859254,0.77875099,0.99852885,0.94737696,0.10744434
"2374",126,108,1.32291594,0.37353083,0.03921316,1.14426337,0.77581579,0.99476529,0.94380619,0.04484242
"2375",127,108,1.34423112,0.3738531,0.06752356,1.14426337,0.77581579,0.99476529,0.94380619,0.07665766
"2376",128,108,1.36858869,0.37694824,0.0676278,1.14426337,0.77581579,0.99476529,0.94380619,0.0647662
"2377",120,102,0.66877837,0,0.06264011,1.17084474,0.79351371,1.01721321,0.96510417,0.23257593
"2378",120,103,0.70233643,0,0.84160713,1.16656378,0.79061238,1.01349398,0.96157546,0.12551447
"2379",121,103,0.69676877,0,0.8344974,1.16656378,0.79061238,1.01349398,0.96157546,0.17346793
"2380",122,103,0.72081727,0,0.93344557,1.16656378,0.79061238,1.01349398,0.96157546,0.12097499
"2381",123,103,0.69727651,0,0.90550394,1.16656378,0.79061238,1.01349398,0.96157546,0.10870546
"2382",119,104,0.62186976,0,0.89259767,1.16227294,0.78770436,1.00976616,0.9580386,0.13429036
"2383",120,104,0.60254692,0,0.07930312,1.16227294,0.78770436,1.00976616,0.9580386,0.19966355
"2384",121,104,0.69870373,0,0.89058962,1.16227294,0.78770436,1.00976616,0.9580386,0.14379771
"2385",122,104,0.59958583,0,0.07370901,1.16227294,0.78770436,1.00976616,0.9580386,0.17471311
"2386",123,104,0.68992511,0,0.83349074,1.16227294,0.78770436,1.00976616,0.9580386,0.23458634
"2387",124,104,0.6093521,0,0.89052395,1.16227294,0.78770436,1.00976616,0.9580386,0.15041714
"2388",118,105,0.5890717,0,0.05876551,1.15797168,0.78478928,1.00602929,0.95449316,0.29026202
"2389",119,105,0.6909134,0,0.76665566,1.15797168,0.78478928,1.00602929,0.95449316,0.15278841
"2390",120,105,0.69153425,0,0.76665566,1.15797168,0.78478928,1.00602929,0.95449316,0.17525104
"2391",121,105,0.57005771,0,0,1.15797168,0.78478928,1.00602929,0.95449316,0.17084632
"2392",122,105,0.57341327,0,0.05876551,1.15797168,0.78478928,1.00602929,0.95449316,0.23869254
"2393",123,105,0.62893136,0.37911909,0.04297702,1.15797168,0.78478928,1.00602929,0.95449316,0.20639411
"2394",124,105,0.60068197,0,0,1.15722017,0.78460056,1.00602929,0.95449316,0.19764104
"2395",117,106,1.33676474,0.34671385,0.03964833,1.15366,0.78186714,1.00228336,0.95093913,0.15930907
"2396",119,106,0.92417863,0.31651801,0.05589103,1.15366,0.78186714,1.00228336,0.95093913,0.20674096
"2397",120,106,1.10406913,0.37632816,0.04281699,1.15366,0.78186714,1.00228336,0.95093913,0.24463043
"2398",121,106,1.10207883,0.36952087,0.03445722,1.15366,0.78186714,1.00228336,0.95093913,0.3051218
"2399",122,106,1.09985626,0.36901804,0.0404859,1.15366,0.78186714,1.00228336,0.95093913,0.58192736
"2400",123,106,1.10161501,0.35715675,0.03445722,1.15366,0.78186714,1.00228336,0.95093913,0.28160182
"2401",124,106,1.10311492,0.37578293,0.03445722,1.15366,0.78186714,1.00228336,0.95093913,0.14923316
"2402",114,107,0.91616005,0.376297,0.05117342,1.14933845,0.7789383,0.99852885,0.94737696,0.10207689
"2403",115,107,0.90518248,0.31226097,0.05117342,1.14933845,0.7789383,0.99852885,0.94737696,0.05047368
"2404",116,107,0.90566138,0.36453577,0.05117343,1.14933845,0.7789383,0.99852885,0.94737696,0.06274957
"2405",117,107,0.90005088,0.32290695,0.03949981,1.14933845,0.7789383,0.99852885,0.94737696,0.04064163
"2406",118,107,0.9059161,0.35576599,0.03949981,1.14933845,0.7789383,0.99852885,0.94737696,0.18921817
"2407",119,107,1.09860413,0.36562024,0.03432814,1.14933845,0.7789383,0.99852885,0.94737696,0.11512857
"2408",120,107,1.09839565,0.3793738,0.03432814,1.14933845,0.7789383,0.99852885,0.94737696,0.11833704
"2409",121,107,1.35546067,0.37824079,0.07524247,1.14933845,0.7789383,0.99852885,0.94737696,0.08706875
"2410",122,107,1.35364859,0.37751947,0.06652823,1.14933845,0.7789383,0.99852885,0.94737696,0.15144908
"2411",123,107,1.35593619,0.37628185,0.07003421,1.14933845,0.7789383,0.99852885,0.94737696,0.11556704
"2412",115,108,0.91367764,0,0.05024806,1.14500647,0.7760024,0.99476529,0.94380619,0.04499819
"2413",116,108,0.57273537,0,0.05024805,1.14500647,0.7760024,0.99476529,0.94380619,0.07601212
"2414",117,108,0.57301667,0.2872628,0.05024805,1.14500647,0.7760024,0.99476529,0.94380619,0.05908512
"2415",118,108,0.90930662,0,0,1.14500647,0.7760024,0.99476529,0.94380619,0.05911959
"2416",119,108,1.35010926,0.37777844,0.07316083,1.14500647,0.7760024,0.99476529,0.94380619,0.15630463
"2417",116,109,0.90433845,0,0.05005752,1.14066462,0.77305981,0.99099315,0.94022729,0.1534215
"2418",117,109,0.92985046,0.32124441,0.91897451,1.14066462,0.77305981,0.99099315,0.94022729,0.09344143
"2419",124,107,1.35457903,0.36420886,0.07108756,1.14980169,0.77869895,0.99852885,0.94737696,0.31399311
"2420",125,107,1.35321604,0.36433311,0.07037774,1.14980169,0.77869895,0.99852885,0.94737696,0.14037858
"2421",120,108,1.34828989,0.3648408,0.07183743,1.14546797,0.77576395,0.99476529,0.94380619,0.04769885
"2422",121,108,1.35098884,0.36387694,0.07214273,1.14546797,0.77576395,0.99476529,0.94380619,0.16193101
"2423",122,108,1.35226181,0.32404376,0.07524262,1.14546797,0.77576395,0.99476529,0.94380619,0.05611635
"2424",123,108,1.34941852,0.32601546,0.07056396,1.14546797,0.77576395,0.99476529,0.94380619,0.14677487
"2425",124,108,1.35051993,0.35939516,0.06782904,1.14546797,0.77576395,0.99476529,0.94380619,0.10424412
"2426",125,108,1.35090619,0.35931521,0.06784035,1.14546797,0.77576395,0.99476529,0.94380619,0.05180685
"2427",118,109,0.91513789,0.32124441,0.91949498,1.14112437,0.77282227,0.99099315,0.94022729,0.12996304
"2428",119,109,0.93138691,0,0.91744978,1.14112437,0.77282227,0.99099315,0.94022729,0.21219484
"2429",120,109,0.93046496,0,0.91567141,1.14112437,0.77282227,0.99099315,0.94022729,0.0701864
"2430",121,109,0.92568207,0,0.91009656,1.14112437,0.77282227,0.99099315,0.94022729,0.16785481
"2431",122,109,0.9231303,0,0.91314142,1.14112437,0.77282227,0.99099315,0.94022729,0.12592004
"2432",123,109,0.91097227,0,0.05226896,1.14112437,0.77282227,0.99099315,0.94022729,0.12326393
"2433",124,109,1.3415611,0.32098118,0.06357748,1.14112437,0.77282227,0.99099315,0.94022729,0.1158486
"2434",125,109,1.34163518,0.31975161,0.06037529,1.14112437,0.77282227,0.99099315,0.94022729,0.07301374
"2435",126,109,0.86063412,0.32495825,0.06930362,1.14112437,0.77282227,0.99099315,0.94022729,0.08983725
"2436",127,109,0.11910813,0.32790434,0.07081339,1.14112437,0.77282227,0.99099315,0.94022729,0.16830262
"2437",128,109,0.11820668,0.32414016,0.06766718,1.14112437,0.77282227,0.99099315,0.94022729,0.05208389
"2438",129,109,0.26582875,0.36615711,0.06961909,1.14112437,0.77282227,0.99099315,0.94022729,0.03922202
"2439",130,109,0.29416918,0.36784533,0.07062752,1.14112437,0.77282227,0.99099315,0.94022729,0.12665509
"2440",131,109,0.85398575,0.36127374,0.06751416,1.14112437,0.77282227,0.99099315,0.94022729,0.09915749
"2441",132,109,0.29306528,0.36158855,0.06701617,1.14112437,0.77282227,0.99099315,0.94022729,0.0618226
"2442",118,110,0.93624957,0,0.91282278,1.13677034,0.76987352,0.98721196,0.9366398,0.22038942
"2443",119,110,0.93143968,0,0.91207258,1.13677034,0.76987352,0.98721196,0.9366398,0.12733876
"2444",120,110,0.91609593,0,0.91176641,1.13677034,0.76987352,0.98721196,0.9366398,0.15669614
"2445",121,110,0.89624905,0,0.91488806,1.13677034,0.76987352,0.98721196,0.9366398,0.10886246
"2446",122,110,0.89509828,0,0.90706136,1.13677034,0.76987352,0.98721196,0.9366398,0.10838885
"2447",123,110,0.87896417,0,0.05206952,1.13677034,0.76987352,0.98721196,0.9366398,0.05388159
"2448",124,110,0.52547948,0,0.05206952,1.13677034,0.76987352,0.98721196,0.9366398,0.07253561
"2449",125,110,0.85678779,0.31931697,0.0628893,1.13677034,0.76987352,0.98721196,0.9366398,0.04229972
"2450",126,110,0.11506126,0.32519351,0.07018317,1.13677034,0.76987352,0.98721196,0.9366398,0.07850373
"2451",127,110,0.11896943,0.32611566,0.07088692,1.13677034,0.76987352,0.98721196,0.9366398,0.11871218
"2452",128,110,0.11475183,0.322176,0.06749444,1.13677034,0.76987352,0.98721196,0.9366398,0.0288597
"2453",129,110,0.11445016,0.31978801,0.06384513,1.13677034,0.76987352,0.98721196,0.9366398,0.0109539
"2454",130,110,0.11502192,0.32740506,0.07018685,1.13677034,0.76987352,0.98721196,0.9366398,0.08640314
"2455",131,110,0.11910352,0.32537128,0.07341925,1.13677034,0.76987352,0.98721196,0.9366398,0.06508309
"2456",132,110,0.77569632,0,0.97548074,1.13302098,0.77025419,0.98721196,0.9366398,0.09949066
"2457",115,111,0.95969977,0,0.90843127,1.13240698,0.76691845,0.98342266,0.93304461,0.22992584
"2458",116,111,0.91700101,0,0.9039843,1.13240698,0.76691845,0.98342266,0.93304461,0.22836926
"2459",117,111,0.93331731,0,0.91657295,1.13240698,0.76691845,0.98342266,0.93304461,0.19729388
"2460",118,111,0.91211248,0,0.90914723,1.13240698,0.76691845,0.98342266,0.93304461,0.1450637
"2461",119,111,0.91560145,0,0.90930155,1.13240698,0.76691845,0.98342266,0.93304461,0.10281215
"2462",120,111,0.91842341,0,0.90782503,1.13240698,0.76691845,0.98342266,0.93304461,0.12830515
"2463",121,111,0.90302359,0,0.91162043,1.13240698,0.76691845,0.98342266,0.93304461,0.08066965
"2464",122,111,0.90386095,0,0.90139564,1.13240698,0.76691845,0.98342266,0.93304461,0.13235007
"2465",123,111,0.54029575,0,0.05824989,1.13240698,0.76691845,0.98342266,0.93304461,0.13916745
"2466",124,111,0.55248342,0,0.89855651,1.13240698,0.76691845,0.98342266,0.93304461,0.13403615
"2467",125,111,0.85386011,0.35602029,0.06735536,1.13240698,0.76691845,0.98342266,0.93304461,0.13354331
"2468",126,111,0.11417051,0.31876844,0.0655181,1.13240698,0.76691845,0.98342266,0.93304461,0.38780474
"2469",127,111,0.85413457,0.32223793,0.06934628,1.13240698,0.76691845,0.98342266,0.93304461,0.09753944
"2470",128,111,0.85385939,0.32543654,0.06905767,1.13240698,0.76691845,0.98342266,0.93304461,0.0901153
"2471",129,111,0.83027878,0,0.99884777,1.13240698,0.76691845,0.98342266,0.93304461,0.09023498
"2472",115,112,0.92047182,0,0.90621991,1.12803319,0.76395632,0.97962431,0.92944084,0.10079123
"2473",116,112,0.92299004,0,0.90921717,1.12803319,0.76395632,0.97962431,0.92944084,0.11106376
"2474",117,112,0.92689109,0,0.90413765,1.12803319,0.76395632,0.97962431,0.92944084,0.11326861
"2475",118,112,0.91529387,0,0.90968689,1.12803319,0.76395632,0.97962431,0.92944084,0.15498343
"2476",119,112,0.92546093,0,0.90685443,1.12803319,0.76395632,0.97962431,0.92944084,0.08822515
"2477",120,112,0.92160544,0,0.90160298,1.12803319,0.76395632,0.97962431,0.92944084,0.09038261
"2478",121,112,0.92527655,0,0.90414105,1.12803319,0.76395632,0.97962431,0.92944084,0.12246705
"2479",122,112,0.91231378,0,0.89909354,1.12803319,0.76395632,0.97962431,0.92944084,0.18461744
"2480",123,112,0.56801795,0,0.90429892,1.13205415,0.76440553,0.97962431,0.92944084,0.44754234
"2481",124,112,0.29040881,0.36090964,0.07195193,1.12803319,0.76395632,0.97962431,0.92944084,0.33824776
"2482",125,112,0.28919472,0.32832927,0.0712813,1.13205415,0.76440553,0.97962431,0.92944084,0.43241621
"2483",115,113,0.82562784,0,0.88055017,1.12550641,0.76119089,0.97581738,0.92582893,0.37163734
"2484",116,113,0.9229511,0,0.90679663,1.12364953,0.7609875,0.97581738,0.92582893,0.11877052
"2485",117,113,0.9243121,0,0.90512164,1.12364953,0.7609875,0.97581738,0.92582893,0.07232844
"2486",118,113,0.91718992,0,0.90531197,1.12364953,0.7609875,0.97581738,0.92582893,0.13490546
"2487",119,113,0.58476624,0,0.90090129,1.12364953,0.7609875,0.97581738,0.92582893,0.13142418
"2488",120,113,0.92035197,0,0.90207941,1.12364953,0.7609875,0.97581738,0.92582893,0.22845541
"2489",121,113,0.5699652,0,0.89823849,1.12364953,0.7609875,0.97581738,0.92582893,0.2104269
"2490",115,114,0.89681114,0.23361261,0.89347969,1.11925599,0.75801199,0.97200187,0.92220888,0.18952141
"2491",116,114,0.91342605,0,0.89924977,1.11925599,0.75801199,0.97200187,0.92220888,0.13925074
"2492",117,114,0.54119409,0,0.89878143,1.11925599,0.75801199,0.97200187,0.92220888,0.19205323
"2493",118,114,0.9095039,0,0.89709069,1.11925599,0.75801199,0.97200187,0.92220888,0.1136986
"2494",119,114,0.54164114,0,0.89631146,1.11925599,0.75801199,0.97200187,0.92220888,0.1373268
"2495",120,114,0.52440145,0,0.89424287,1.11849933,0.75809303,0.97200187,0.92220888,0.12839168
"2496",112,104,0.92137758,0.32759046,0.93171801,1.16074052,0.78740971,1.00976616,0.9580386,0.16647902
"2497",112,105,0.46083022,0,1.05437493,1.15644493,0.78449572,1.00602929,0.95449316,0.38828984
"2498",113,105,0.45896282,0,1.05264948,1.15644493,0.78449572,1.00602929,0.95449316,0.10359443
"2499",114,105,0.60847833,0,1.05090098,1.15644493,0.78449572,1.00602929,0.95449316,0.20432164
"2500",106,106,0.50287039,0,0.90605714,1.15213894,0.78157466,1.00228336,0.95093913,0.12898771
"2501",107,106,0.55338164,0,0.91830114,1.15213894,0.78157466,1.00228336,0.95093913,0.07757782
"2502",108,106,0.91340435,0,0.93035816,1.15213894,0.78157466,1.00228336,0.95093913,0.07327216
"2503",110,106,1.3587961,0.28943383,0.9293022,1.15213894,0.78157466,1.00228336,0.95093913,0.0501672
"2504",111,106,0.92512932,0.26675634,0.92698287,1.15213894,0.78157466,1.00228336,0.95093913,0.10931035
"2505",112,106,0.9229344,0.26675634,0.93203007,1.15213894,0.78157466,1.00228336,0.95093913,0.09433206
"2506",113,106,0.91671381,0,0.93256291,1.15213894,0.78157466,1.00228336,0.95093913,0.08255918
"2507",104,107,0.86093997,0,0.97278123,1.14782308,0.77864692,0.99852885,0.94737696,0.10174613
"2508",105,107,0.8543845,0,0.91632505,1.14782308,0.77864692,0.99852885,0.94737696,0.1262801
"2509",106,107,0.56716046,0,0.9101119,1.14782308,0.77864692,0.99852885,0.94737696,0.09093247
"2510",107,107,0.91292012,0,0.92908409,1.14782308,0.77864692,0.99852885,0.94737696,0.16369411
"2511",108,107,0.91246958,0,0.92622762,1.14782308,0.77864692,0.99852885,0.94737696,0.07597766
"2512",109,107,0.92178817,0,0.9250833,1.14782308,0.77864692,0.99852885,0.94737696,0.02896939
"2513",110,107,0.91708914,0,0.92937385,1.14782308,0.77864692,0.99852885,0.94737696,0.0556959
"2514",111,107,0.93490534,0,0.92634671,1.14782308,0.77864692,0.99852885,0.94737696,0.10171641
"2515",112,107,0.92513534,0,0.92809565,1.14782308,0.77864692,0.99852885,0.94737696,0.07725398
"2516",113,107,0.93228354,0.38386039,0.93184274,1.14782308,0.77864692,0.99852885,0.94737696,0.17265533
"2517",106,108,0.97328748,0,0.97113507,1.14349681,0.77571212,0.99476529,0.94380619,0.12442152
"2518",107,108,0.92423569,0,0.92196102,1.14349681,0.77571212,0.99476529,0.94380619,0.19981774
"2519",108,108,0.92196702,0,0.92219407,1.14349681,0.77571212,0.99476529,0.94380619,0.07262512
"2520",109,108,0.93482936,0,0.91671454,1.14349681,0.77571212,0.99476529,0.94380619,0.09310352
"2521",110,108,0.93206536,0,0.9203468,1.14349681,0.77571212,0.99476529,0.94380619,0.06172605
"2522",111,108,0.93057674,0,0.92005027,1.14349681,0.77571212,0.99476529,0.94380619,0.08748414
"2523",112,108,0.5865787,0,0.91880634,1.14349681,0.77571212,0.99476529,0.94380619,0.05487083
"2524",113,108,0.92913571,0,0.91674923,1.14349681,0.77571212,0.99476529,0.94380619,0.14247166
"2525",114,108,0.94325366,0.3494029,0.92059224,1.14349681,0.77571212,0.99476529,0.94380619,0.0760338
"2526",107,109,0.91065952,0,0.91983697,1.13916069,0.77277063,0.99099315,0.94022729,0.11767339
"2527",108,109,0.90863085,0,0.91895685,1.13916069,0.77277063,0.99099315,0.94022729,0.08564439
"2528",109,109,0.92036358,0,0.91530375,1.13916069,0.77277063,0.99099315,0.94022729,0.15041926
"2529",110,109,0.91971945,0,0.9131193,1.13916069,0.77277063,0.99099315,0.94022729,0.14277563
"2530",111,109,0.92028413,0,0.91714493,1.13916069,0.77277063,0.99099315,0.94022729,0.05942286
"2531",112,109,0.9121916,0,0.91111766,1.13916069,0.77277063,0.99099315,0.94022729,0.14862854
"2532",113,109,0.9190297,0,0.92078623,1.13916069,0.77277063,0.99099315,0.94022729,0.09618527
"2533",114,109,0.93198769,0,0.9153156,1.13916069,0.77277063,0.99099315,0.94022729,0.10775854
"2534",115,109,0.92490982,0,0.91342441,1.13916069,0.77277063,0.99099315,0.94022729,0.03336048
"2535",107,110,0.58084142,0,0.9104539,1.13481415,0.76982207,0.98721196,0.9366398,0.12386002
"2536",108,110,0.91643367,0,0.90965479,1.13481415,0.76982207,0.98721196,0.9366398,0.33111267
"2537",109,110,0.92592947,0,0.915988,1.13481415,0.76982207,0.98721196,0.9366398,0.19539529
"2538",110,110,0.91803991,0,0.91522544,1.13481415,0.76982207,0.98721196,0.9366398,0.16157176
"2539",111,110,0.92843262,0,0.91521451,1.13481415,0.76982207,0.98721196,0.9366398,0.15828166
"2540",112,110,0.92513335,0,0.91567343,1.13481415,0.76982207,0.98721196,0.9366398,0.21130345
"2541",113,110,0.90983354,0,0.91058237,1.13481415,0.76982207,0.98721196,0.9366398,0.24866874
"2542",114,110,0.91079915,0,0.91381518,1.13481415,0.76982207,0.98721196,0.9366398,0.10753793
"2543",115,110,0.92898747,0,0.90847597,1.13481415,0.76982207,0.98721196,0.9366398,0.30356407
"2544",107,111,0.54965133,0.2363575,0.90368815,1.1304583,0.7668672,0.98342266,0.93304461,0.16739095
"2545",108,111,0.90463477,0,0.90387466,1.1304583,0.7668672,0.98342266,0.93304461,0.21993512
"2546",109,111,0.58313138,0,0.90866949,1.1304583,0.7668672,0.98342266,0.93304461,0.12664832
"2547",110,111,0.58748161,0,0.91507294,1.1304583,0.7668672,0.98342266,0.93304461,0.15493672
"2548",111,111,0.57950617,0,0.91509565,1.1304583,0.7668672,0.98342266,0.93304461,0.123163
"2549",112,111,0.91754455,0,0.91537284,1.1304583,0.7668672,0.98342266,0.93304461,0.11864509
"2550",113,111,0.92704603,0,0.90634609,1.1304583,0.7668672,0.98342266,0.93304461,0.18765544
"2551",114,111,0.58699659,0,0.90390526,1.1304583,0.7668672,0.98342266,0.93304461,0.17979383
"2552",106,112,0.54133612,0.23503133,0.90186143,1.12411545,0.76256441,0.97790481,0.92780942,0.18852477
"2553",107,112,0.57303865,0,0.90327653,1.12609204,0.76390527,0.97962431,0.92944084,0.18852734
"2554",108,112,0.58553201,0,0.91147855,1.12609204,0.76390527,0.97962431,0.92944084,0.26991057
"2555",109,112,0.92768314,0,0.91178333,1.12609204,0.76390527,0.97962431,0.92944084,0.15821641
"2556",110,112,0.91987913,0,0.90839819,1.12609204,0.76390527,0.97962431,0.92944084,0.16239814
"2557",111,112,0.9106722,0,0.90530781,1.12609204,0.76390527,0.97962431,0.92944084,0.10530862
"2558",112,112,0.91717032,0.2354446,0.90244566,1.12609204,0.76390527,0.97962431,0.92944084,0.23307121
"2559",113,112,0,0,0,1.08774347,0.73789081,0.94626364,0.89778914,0.06295508
"2560",114,112,0.58482922,0,0.90294624,1.12609204,0.76390527,0.97962431,0.92944084,0.16341252
"2561",106,113,0.25956726,0,0.90213381,1.12171428,0.76093554,0.97581595,0.92582758,0.09029765
"2562",107,113,0.89808868,0.23452963,0.90065669,1.12171592,0.76093665,0.97581738,0.92582893,0.19773921
"2563",108,113,0.56948271,0,0.90151131,1.12171592,0.76093665,0.97581738,0.92582893,0.19205606
"2564",109,113,0.91622677,0,0.89893493,1.12171592,0.76093665,0.97581738,0.92582893,0.12312468
"2565",110,113,0.90451486,0,0.90144848,1.12171592,0.76093665,0.97581738,0.92582893,0.09529676
"2566",111,113,0.90677561,0,0.90098509,1.12171592,0.76093665,0.97581738,0.92582893,0.15932421
"2567",112,113,0.45748069,0.19857056,0.76284106,0.94972971,0.64426664,0.82620095,0.78387694,0.36264615
"2568",113,113,0.5065887,0,0.84575162,1.05140108,0.71323728,0.9146482,0.86779328,0.10056316
"2569",114,113,0.54537096,0,0.88449405,1.10192861,0.74751356,0.95860375,0.90949711,0.13753337
"2570",110,114,0.64683414,0,0.64338016,0.79977311,0.54254081,0.6957488,0.66010749,0.06568148
"2571",111,114,0.44156732,0,0.69106982,0.85874663,0.58254659,0.74705179,0.70878238,0.03742562
"2572",103,98,0.50447125,0,0.06175232,1.1894473,0.80487666,1.0320001,0.97913356,0.46452099
"2573",104,98,0.50572086,0,0.0618637,1.1894473,0.80487666,1.0320001,0.97913356,0.47200373
"2574",105,98,0.53887576,0,0.0618637,1.1894473,0.80487666,1.0320001,0.97913356,0.60987122
"2575",101,99,0.43365323,0.38646099,0.0490481,1.18520238,0.8020042,1.02831708,0.97563921,0.42877027
"2576",102,99,0.50362471,0,0,1.18520238,0.8020042,1.02831708,0.97563921,0.55107552
"2577",103,99,0.50400832,0,0.06153194,1.18520238,0.8020042,1.02831708,0.97563921,0.60056554
"2578",104,99,0.50290651,0,0.06164292,1.18520238,0.8020042,1.02831708,0.97563921,0.71682301
"2579",105,99,0.53740791,0,0.06153194,1.18520238,0.8020042,1.02831708,0.97563921,0.57155243
"2580",106,99,0.53046602,0.28503745,0.08700296,1.18520238,0.8020042,1.02831708,0.97563921,0.67964708
"2581",107,99,0.48877352,0.28498102,0.08700296,1.18520238,0.8020042,1.02831708,0.97563921,0.49145984
"2582",101,100,0.95209631,0.40881711,0.94381245,1.18094703,0.79912469,1.024625,0.97213627,0.23911761
"2583",102,100,0.4991434,0,0.06131101,1.18094703,0.79912469,1.024625,0.97213627,0.26297342
"2584",103,100,0.52894566,0,0.05207265,1.18094703,0.79912469,1.024625,0.97213627,0.60294828
"2585",104,100,0.53427391,0,0.0614216,1.18094703,0.79912469,1.024625,0.97213627,0.70494371
"2586",105,100,0.50031066,0.28396956,0.05957994,1.18094703,0.79912469,1.024625,0.97213627,0.690386
"2587",106,100,0.52699827,0.28392521,0.05957994,1.18094703,0.79912469,1.024625,0.97213627,0.65336335
"2588",101,101,0.56334356,0,1.08000003,1.17668069,0.79623773,1.0209234,0.96862429,0.24898826
"2589",102,101,0.52872266,0,0.05188453,1.17668069,0.79623773,1.0209234,0.96862429,0.16729493
"2590",103,101,0.52902395,0,0.05665073,1.17668069,0.79623773,1.0209234,0.96862429,0.42870776
"2591",104,101,0.51857754,0.28587239,0.05188453,1.17668069,0.79623773,1.0209234,0.96862429,0.50696137
"2592",100,102,0.48659014,0.41747818,0.90606935,1.17240446,0.79334409,1.01721321,0.96510417,0.27694173
"2593",101,102,0.40597513,0.42302326,0.0483964,1.17240446,0.79334409,1.01721321,0.96510417,0.1888105
"2594",102,102,0.52941546,0,0.05586763,1.17240446,0.79334409,1.01721321,0.96510417,0.19214611
"2595",103,102,0.94554557,0,0.0609773,1.17240446,0.79334409,1.01721321,0.96510417,0.22178135
"2596",104,102,1.35769025,0.37599705,0.03799372,1.17240446,0.79334409,1.01721321,0.96510417,0.05913327
"2597",102,94,0.05170135,0.3503526,0.08058285,1.20583759,0.81654712,1.0466421,0.99302549,0.12612132
"2598",103,94,0.05314073,0.335841,0.08112604,1.20583759,0.81654712,1.0466421,0.99302549,0.15961933
"2599",104,94,0.53745257,0.27716641,0.72548918,1.20583759,0.81654712,1.0466421,0.99302549,0.04977278
"2600",101,95,0.05009754,0.34594126,0.07915467,1.19065472,0.80626586,1.03346368,0.98052216,0.25217413
"2601",102,95,0.04918109,0.34913187,0.08054284,1.20163611,0.81370204,1.0429953,0.98956551,0.16510692
"2602",103,95,0.53091368,0.27461727,0.07964339,1.20163611,0.81370204,1.0429953,0.98956551,0.19666193
"2603",104,95,0.50863007,0.2806186,0.06022821,1.20163611,0.81370204,1.0429953,0.98956551,0.22958882
"2604",105,95,0.5184871,0.29604179,0.06022821,1.20163611,0.81370204,1.0429953,0.98956551,0.16214118
"2605",100,96,0.58050791,0,1.10885276,1.1974242,0.81084989,1.03933944,0.98609693,0.57960182
"2606",101,96,0.56552735,0.30145593,0.06219149,1.1974242,0.81084989,1.03933944,0.98609693,0.32901498
"2607",102,96,0.5378312,0.29128752,0.06219149,1.1974242,0.81084989,1.03933944,0.98609693,0.36410687
"2608",103,96,0.5085182,0,0.06219149,1.1974242,0.81084989,1.03933944,0.98609693,0.219595
"2609",104,96,0.50784853,0,0,1.1974242,0.81084989,1.03933944,0.98609693,0.22072304
"2610",105,96,0.50745059,0,0,1.1974242,0.81084989,1.03933944,0.98609693,0.32492696
"2611",106,96,0.54400733,0,0.06230366,1.1974242,0.81084989,1.03933944,0.98609693,0.58296009
"2612",107,96,0.54132828,0.28800563,0.06219149,1.1974242,0.81084989,1.03933944,0.98609693,0.39931586
"2613",108,96,0.51670697,0.28806474,0.06043556,1.1974242,0.81084989,1.03933944,0.98609693,0.16321366
"2614",100,97,0.55743005,0,1.14371572,1.19019682,0.80789354,1.04255344,0.98381014,0.55559453
"2615",101,97,0.53706823,0,0.06197219,1.19320185,0.80799068,1.03567454,0.98261977,0.37697708
"2616",102,97,0.53077565,0,0.06197219,1.19320185,0.80799068,1.03567454,0.98261977,0.37960943
"2617",103,97,0.50597232,0,0,1.19320185,0.80799068,1.03567454,0.98261977,0.4221282
"2618",104,97,0.50541492,0,0.05920772,1.19320185,0.80799068,1.03567454,0.98261977,0.47168833
"2619",105,97,0.50700646,0,0.06208397,1.19320185,0.80799068,1.03567454,0.98261977,0.70721603
"2620",106,97,0.54289183,0,0.06121694,1.19320185,0.80799068,1.03567454,0.98261977,0.54172563
"2621",107,97,0.50495699,0.286965,0.06022245,1.19320185,0.80799068,1.03567454,0.98261977,0.31591462
"2622",108,97,0.5333634,0.2870424,0.08762545,1.19320185,0.80799068,1.03567454,0.98261977,0.20842476
"2623",109,97,0.0551055,0.28704602,0.08762545,1.19320185,0.80799068,1.03567454,0.98261977,0.32903061
"2624",110,97,0.52132684,0.28695971,0.06022245,1.19188257,0.80764529,1.03567454,0.98261977,0.13276362
"2625",100,98,0.4622316,0.40977745,0.94756668,1.18896853,0.80512403,1.0320001,0.97913356,0.39028107
"2626",101,98,0.41209067,0.41577222,0.04922377,1.18896853,0.80512403,1.0320001,0.97913356,0.3789724
"2627",102,98,0.50541601,0,0.06175232,1.18896853,0.80512403,1.0320001,0.97913356,0.39708836
"2628",106,98,0.53906597,0.28597954,0.06175232,1.18896853,0.80512403,1.0320001,0.97913356,0.42171404
"2629",107,98,0.53121026,0.28604044,0.08731457,1.18896853,0.80512403,1.0320001,0.97913356,0.20658128
"2630",108,98,0.46765524,0.28601206,0.08731457,1.18896853,0.80512403,1.0320001,0.97913356,0.20699867
"2631",109,98,0.49763327,0.28505916,0.85566555,1.18896853,0.80512403,1.0320001,0.97913356,0.31134551
"2632",105,101,1.35526147,0.37594195,0.04935473,1.17509922,0.79618453,1.0209234,0.96862429,0.50075608
"2633",106,101,1.36867255,0,0.05936228,1.17509922,0.79618453,1.0209234,0.96862429,0.70734713
"2634",107,101,1.37457172,0.30368136,0.05936228,1.17509922,0.79618453,1.0209234,0.96862429,0.62691637
"2635",105,102,1.34741624,0.36658786,0.07963812,1.17082874,0.79329108,1.01721321,0.96510417,0.17905136
"2636",106,102,1.35006662,0.30257774,0.04917536,1.17082874,0.79329108,1.01721321,0.96510417,0.24418409
"2637",107,102,1.34687311,0.30257774,0.04917536,1.17082874,0.79329108,1.01721321,0.96510417,0.21967049
"2638",108,102,1.34010371,0.31461512,0.07963812,1.17082874,0.79329108,1.01721321,0.96510417,0.13218868
"2639",109,102,1.35222863,0.35109485,0.05732139,1.17082874,0.79329108,1.01721321,0.96510417,0.13959713
"2640",110,102,1.3857772,0.34032738,0.92192897,1.17082874,0.79329108,1.01721321,0.96510417,0.19992101
"2641",111,102,1.38325454,0.30114327,0.90243274,1.17082874,0.79329108,1.01721321,0.96510417,0.21739369
"2642",112,102,0.66811018,0,0.83819337,1.17082874,0.79329108,1.01721321,0.96510417,0.20891902
"2643",113,102,1.36698489,0.32231957,0.05732138,1.17082874,0.79329108,1.01721321,0.96510417,0.13833332
"2644",104,103,0.81765394,0,0.04899556,1.16462723,0.79086588,1.02022556,0.96274034,0.1134428
"2645",105,103,0.85455105,0.31406222,0.07934688,1.16654784,0.79039057,1.01349398,0.96157546,0.19461376
"2646",106,103,1.34381518,0.31406544,0.0571118,1.16654784,0.79039057,1.01349398,0.96157546,0.14110736
"2647",107,103,1.36806005,0.3264359,0.91855812,1.16654784,0.79039057,1.01349398,0.96157546,0.11525616
"2648",108,103,1.33067151,0.33787103,0.04899556,1.16654784,0.79039057,1.01349398,0.96157546,0.15302336
"2649",109,103,1.32451787,0.34435001,0,1.16654784,0.79039057,1.01349398,0.96157546,0.35786356
"2650",110,103,1.35163207,0,0.05824687,1.16654784,0.79039057,1.01349398,0.96157546,0.18280101
"2651",111,103,1.35649414,0.27855933,0.91855812,1.16654784,0.79039057,1.01349398,0.96157546,0.12509422
"2652",112,103,1.34143968,0.34951958,0.04899556,1.16654784,0.79039057,1.01349398,0.96157546,0.18553823
"2653",104,104,0.50785899,0.32277554,1.05715651,1.16225706,0.78748337,1.00976616,0.9580386,0.09047136
"2654",105,104,0.49648668,0.3227756,0.04881535,1.16225706,0.78748337,1.00976616,0.9580386,0.12407607
"2655",106,104,0.51880142,0.34434731,0.89405095,1.16225706,0.78748337,1.00976616,0.9580386,0.09275301
"2656",107,104,0.88371618,0.33213258,0.9151795,1.16225706,0.78748337,1.00976616,0.9580386,0.12006362
"2657",108,104,0.86341208,0,0,1.16225706,0.78748337,1.00976616,0.9580386,0.12632502
"2658",109,104,1.34635886,0,0.05398589,1.16225706,0.78748337,1.00976616,0.9580386,0.14154313
"2659",110,104,1.34190049,0.29159467,0.07905508,1.16225706,0.78748337,1.00976616,0.9580386,0.08096763
"2660",111,104,1.34605205,0.30313941,0.9383375,1.16074052,0.78740971,1.00976616,0.9580386,0.06798769
"2661",106,105,0.83583967,0,1.02387483,1.15644493,0.78449572,1.00602929,0.95449316,0.20147254
"2662",107,105,0.83629619,0,0.0486347,1.15795586,0.78456911,1.00602929,0.95449316,0.11793732
"2663",108,105,1.32585494,0,0.0569439,1.15795586,0.78456911,1.00602929,0.95449316,0.26883046
"2664",109,105,1.31302667,0.29051555,0.0486347,1.15795586,0.78456911,1.00602929,0.95449316,0.16681609
"2665",110,105,1.33416216,0.28063024,0.9107491,1.15795586,0.78456911,1.00602929,0.95449316,0.20018251
"2666",111,105,0.58618748,0,1.04198457,1.15795586,0.78456911,1.00602929,0.95449316,0.28163647
"2667",109,106,1.34762956,0.28943383,0.93099173,1.15213894,0.78157466,1.00228336,0.95093913,0.07071091
"2668",115,101,0.61410991,0,0.7958338,1.17696166,0.7961207,1.0209234,0.96862429,0.18917711
"2669",116,101,0.625264,0,0.79998642,1.17696166,0.7961207,1.0209234,0.96862429,0.13290283
"2670",117,101,0.6574327,0,0.80417017,1.17696166,0.7961207,1.0209234,0.96862429,0.0708006
"2671",118,101,0.64592272,0,0.84984195,1.17696166,0.7961207,1.0209234,0.96862429,0.15284688
"2672",119,101,0.64699464,0.32265101,0.8719468,1.17696166,0.7961207,1.0209234,0.96862429,0.08887583
"2673",114,102,1.36475908,0.33249823,0.03799914,1.17268441,0.79322748,1.01721321,0.96510417,0.18253155
"2674",115,102,1.362752,0.36742989,0.04852345,1.17268441,0.79322748,1.01721321,0.96510417,0.17078776
"2675",116,102,0.5990957,0.45434453,0.05122635,1.17268441,0.79322748,1.01721321,0.96510417,0.3786087
"2676",117,102,0.66174242,0,0.83057607,1.17268441,0.79322748,1.01721321,0.96510417,0.14513839
"2677",118,102,0.64576091,0,0.8467535,1.17268441,0.79322748,1.01721321,0.96510417,0.13079282
"2678",119,102,0.64194962,0,0.8467535,1.17268441,0.79322748,1.01721321,0.96510417,0.10810042
"2679",113,103,1.34458436,0.35028725,0,1.16839672,0.7903272,1.01349398,0.96157546,0.21330487
"2680",114,103,1.31919911,0.29267117,0,1.16839672,0.7903272,1.01349398,0.96157546,0.40503919
"2681",115,103,1.3490001,0.35319071,0.03786021,1.16839672,0.7903272,1.01349398,0.96157546,0.36930758
"2682",116,103,0.60272339,0,0.0575592,1.16839672,0.7903272,1.01349398,0.96157546,0.26257811
"2683",117,103,0.64102248,0,0.84365751,1.16839672,0.7903272,1.01349398,0.96157546,0.2883971
"2684",118,103,0.64240057,0,0.84365751,1.16839672,0.7903272,1.01349398,0.96157546,0.2128076
"2685",119,103,0.65306537,0,0.83485129,1.16839672,0.7903272,1.01349398,0.96157546,0.16599759
"2686",113,104,1.37824449,0.36354049,0.93727141,1.16409914,0.78742023,1.00976616,0.9580386,0.08468871
"2687",114,104,0.62925217,0,1.05184071,1.16409914,0.78742023,1.00976616,0.9580386,0.27826922
"2688",115,104,0.55791137,0.45101826,0.05845743,1.16409914,0.78742023,1.00976616,0.9580386,0.54805189
"2689",116,104,0.55936311,0,0.05845743,1.16409914,0.78742023,1.00976616,0.9580386,0.36309369
"2690",117,104,0.64425552,0,0.8624176,1.16409914,0.78742023,1.00976616,0.9580386,0.23242792
"2691",118,104,0.66725331,0,0.91003202,1.16409914,0.78742023,1.00976616,0.9580386,0.14711365
"2692",115,105,0.55822685,0,0.04950096,1.15979112,0.7845062,1.00602929,0.95449316,0.3807751
"2693",116,105,0.55941664,0,0.05476711,1.15979112,0.7845062,1.00602929,0.95449316,0.43142726
"2694",117,105,0.59329317,0,0.05746033,1.15979112,0.7845062,1.00602929,0.95449316,0.49098557
"2695",114,106,1.35381812,0.33092396,0.93102994,1.15547267,0.78158511,1.00228336,0.95093913,0.11708693
"2696",115,106,1.31202102,0.37721031,0.03744142,1.15547267,0.78158511,1.00228336,0.95093913,0.14454906
"2697",116,106,1.32425153,0.38153452,0.03744142,1.15366,0.78186714,1.00228336,0.95093913,0.0571368
"2698",118,106,1.3451132,0.33963044,0.04364368,1.15547267,0.78158511,1.00228336,0.95093913,0.13620531
"2699",112,96,0.51507758,0.32847119,0.05640191,1.19745689,0.81041662,1.03933944,0.98609693,0.22107151
"2700",111,97,0.54554045,0,0.85383428,1.19323443,0.80755894,1.03567454,0.98261977,0.40295455
"2701",112,97,0.46085523,0,0.05667996,1.19323443,0.80755894,1.03567454,0.98261977,0.32876784
"2702",113,97,0.32849487,0.38596218,0.05525446,1.19323443,0.80755894,1.03567454,0.98261977,0.10864885
"2703",114,97,0.46648369,0.29860565,0.05667995,1.19323443,0.80755894,1.03567454,0.98261977,0.16453762
"2704",110,98,0.46348072,0.27851448,0.05647886,1.18900099,0.80469382,1.0320001,0.97913356,0.11028538
"2705",111,98,0.46121688,0,0.05647886,1.18900099,0.80469382,1.0320001,0.97913356,0.2116017
"2706",112,98,0.46397102,0,0.05647886,1.18900099,0.80469382,1.0320001,0.97913356,0.2158134
"2707",113,98,0.02162066,0.38459284,0.05505842,1.18900099,0.80469382,1.0320001,0.97913356,0.12114183
"2708",114,98,0.02168153,0.38258379,0.05505842,1.18900099,0.80469382,1.0320001,0.97913356,0.1362374
"2709",108,99,0.49595888,0.28448724,0.84776862,1.18475766,0.80182202,1.02831708,0.97563921,0.15443664
"2710",109,99,0.46277165,0,0.0562773,1.18475766,0.80182202,1.02831708,0.97563921,0.27526029
"2711",110,99,0.46317111,0,0.0562773,1.18475766,0.80182202,1.02831708,0.97563921,0.22052641
"2712",111,99,0.46231038,0,0.0562773,1.18475766,0.80182202,1.02831708,0.97563921,0.20231288
"2713",112,99,0.46028133,0,0.05627731,1.18475766,0.80182202,1.02831708,0.97563921,0.1326575
"2714",113,99,0.02164209,0.36866471,0.05486194,1.18475766,0.80182202,1.02831708,0.97563921,0.09549811
"2715",114,99,0.02148043,0.3832203,0.05486193,1.18475766,0.80182202,1.02831708,0.97563921,0.0955188
"2716",115,99,0.02167488,0.42422077,0.05486193,1.18475766,0.80182202,1.02831708,0.97563921,0.12002061
"2717",107,100,0.49632234,0,0.84472478,1.1805039,0.79894315,1.024625,0.97213627,0.48870584
"2718",108,100,0.50025401,0,0.84472478,1.1805039,0.79894315,1.024625,0.97213627,0.57951829
"2719",109,100,0.47222931,0,0.05607524,1.1805039,0.79894315,1.024625,0.97213627,0.39276108
"2720",110,100,0.46972307,0,0.05607524,1.1805039,0.79894315,1.024625,0.97213627,0.37748151
"2721",111,100,0.49704204,0,0.84472478,1.1805039,0.79894315,1.024625,0.97213627,0.26415357
"2722",112,100,0.49911613,0,0.84472478,1.1805039,0.79894315,1.024625,0.97213627,0.1730927
"2723",113,100,0.49318641,0,0.84472478,1.1805039,0.79894315,1.024625,0.97213627,0.19532017
"2724",114,100,0.49254798,0,0.84472478,1.1805039,0.79894315,1.024625,0.97213627,0.20549079
"2725",115,100,0.02625748,0.35866103,0.05466495,1.1805039,0.79894315,1.024625,0.97213627,0.14308021
"2726",116,100,0.02691261,0.40084128,0.05546414,1.1805039,0.79894315,1.024625,0.97213627,0.11974249
"2727",108,101,0.89373417,0.30368136,0.03588923,1.17623916,0.79605686,1.0209234,0.96862429,0.53321278
"2728",109,101,0.47363528,0,0.05749602,1.17623916,0.79605686,1.0209234,0.96862429,0.49897862
"2729",110,101,0.47569642,0,0.05749602,1.17623916,0.79605686,1.0209234,0.96862429,0.2690922
"2730",111,101,0.47539611,0,0.05749602,1.17623916,0.79605686,1.0209234,0.96862429,0.20254464
"2731",112,101,0.47764954,0,0.05749602,1.17623916,0.79605686,1.0209234,0.96862429,0.18197319
"2732",113,101,0.4023376,0,0.05562131,1.17623916,0.79605686,1.0209234,0.96862429,0.16208908
"2733",114,101,0.42883581,0,0.72826025,1.17623916,0.79605686,1.0209234,0.96862429,0.21291944
"2734",107,89,0.57507497,0.2873497,0.82733105,1.22532946,0.83030962,1.06473788,1.01019427,0.1687714
"2735",107,90,0.52026132,0,0.05729412,1.22118583,0.8275018,1.06113731,1.00677815,0.21608681
"2736",108,90,0.50193502,0,0.0587257,1.22118583,0.8275018,1.06113731,1.00677815,0.17029716
"2737",109,90,0.50185332,0.20803232,0.07062961,1.22118583,0.8275018,1.06113731,1.00677815,0.09666626
"2738",110,90,0.93963488,0,0.9853713,1.22118583,0.8275018,1.06113731,1.00677815,0.08638318
"2739",107,91,0.51717492,0,0.0570992,1.21703122,0.82468655,1.05752721,1.00335299,0.11094473
"2740",108,91,0.49514818,0,0.05109261,1.21703122,0.82468655,1.05752721,1.00335299,0.06975922
"2741",109,91,0.49019083,0,0.05955831,1.21703122,0.82468655,1.05752721,1.00335299,0.1109072
"2742",110,91,0.50355415,0.14869329,0.0510914,1.21703122,0.82468655,1.05752721,1.00335299,0.18133395
"2743",106,92,0.50780021,0,0.05935448,1.2128662,0.82186424,1.05390805,0.99991923,0.11987389
"2744",107,92,0.48450886,0,0.05935448,1.2128662,0.82186424,1.05390805,0.99991923,0.07887789
"2745",108,92,0.5331393,0,0.08922186,1.2128662,0.82186424,1.05390805,0.99991923,0.08640208
"2746",109,92,0.53574542,0,0.08922186,1.2128662,0.82186424,1.05390805,0.99991923,0.03858169
"2747",110,92,0.4940447,0.16389985,0.05935448,1.2128662,0.82186424,1.05390805,0.99991923,0.10669367
"2748",106,93,0.51178632,0,0.05670789,1.20869075,0.81903487,1.05027984,0.99647688,0.12240246
"2749",107,93,0.50930514,0,0.05915015,1.20869075,0.81903487,1.05027984,0.99647688,0.15932149
"2750",108,93,0.51453332,0,0.05915014,1.20869075,0.81903487,1.05027984,0.99647688,0.13151349
"2751",109,93,0.48945541,0,0.05915014,1.20869075,0.81903487,1.05027984,0.99647688,0.2602964
"2752",110,93,0.49871612,0,0.05915015,1.20869075,0.81903487,1.05027984,0.99647688,0.09325709
"2753",111,93,0.52428966,0.1743985,0.0889147,1.20869075,0.81903487,1.05027984,0.99647688,0.06088723
"2754",105,94,0.50933074,0.28246604,0.05651148,1.20450434,0.81619807,1.0466421,0.99302549,0.10422301
"2755",106,94,0.50566928,0,0.05651148,1.20450434,0.81619807,1.0466421,0.99302549,0.07069363
"2756",107,94,0.51215776,0,0.0579235,1.20450434,0.81619807,1.0466421,0.99302549,0.30392733
"2757",108,94,0.51375389,0,0.0579235,1.20450434,0.81619807,1.0466421,0.99302549,0.42990884
"2758",109,94,0.50881828,0,0.05894527,1.20450434,0.81619807,1.0466421,0.99302549,0.42422361
"2759",110,94,0.50424681,0,0.05894527,1.20450434,0.81619807,1.0466421,0.99302549,0.33778906
"2760",111,94,0.50671404,0.1471628,0.05894527,1.20450434,0.81619807,1.0466421,0.99302549,0.25779918
"2761",106,95,0.52570485,0.28148185,0.06241025,1.2003075,0.8133542,1.0429953,0.98956551,0.29154754
"2762",107,95,0.53061423,0.28148185,0.06052052,1.2003075,0.8133542,1.0429953,0.98956551,0.43517455
"2763",108,95,0.50919957,0,0.05936912,1.2003075,0.8133542,1.0429953,0.98956551,0.1675201
"2764",109,95,0.5255411,0,0.08829807,1.2003075,0.8133542,1.0429953,0.98956551,0.28856755
"2765",110,95,0.4992183,0,0.06822229,1.2003075,0.8133542,1.0429953,0.98956551,0.20028874
"2766",111,95,0.49832562,0,0.0574936,1.2003075,0.8133542,1.0429953,0.98956551,0.28723598
"2767",112,95,0.49525426,0.50821211,0.05456386,1.2003075,0.8133542,1.0429953,0.98956551,0.28374681
"2768",109,96,0.52314527,0.2394183,0.0879866,1.1974242,0.81084989,1.03933944,0.98609693,0.21745472
"2769",110,96,0.50373999,0.14613601,0.08798851,1.19610025,0.81050327,1.03933944,0.98609693,0.26120948
"2770",111,96,0.52267427,0,0.0530068,1.19610025,0.81050327,1.03933944,0.98609693,0.38105332
"2771",102,89,0.61653179,0.27754763,0.87634994,1.22501969,0.83052045,1.06473788,1.01019427,0.14817413
"2772",103,89,0.53848787,0.2873497,0.05748853,1.22501969,0.83052045,1.06473788,1.01019427,0.13490872
"2773",104,89,0.53280504,0.2873497,0.05748853,1.22501969,0.83052045,1.06473788,1.01019427,0.13966946
"2774",103,90,0.57732371,0.26319492,0.73389931,1.2208771,0.82771192,1.06113731,1.00677815,0.26029878
"2775",104,90,0.5216356,0,0.05729412,1.2208771,0.82771192,1.06113731,1.00677815,0.23246779
"2776",105,90,0.54865196,0,0.08364871,1.2208771,0.82771192,1.06113731,1.00677815,0.07258382
"2777",106,90,0.51897125,0,0.05729412,1.2208771,0.82771192,1.06113731,1.00677815,0.0704317
"2778",101,91,0.58299928,0.2622995,0.81583171,1.21672355,0.82489596,1.05752721,1.00335299,0.10492057
"2779",102,91,0.63720707,0.2622995,0.81750549,1.21672355,0.82489596,1.05752721,1.00335299,0.07164421
"2780",103,91,0.60125551,0.26229957,0.78982415,1.21672355,0.82489596,1.05752721,1.00335299,0.17231335
"2781",104,91,0.56311691,0,0,1.21672355,0.82489596,1.05752721,1.00335299,0.2195221
"2782",105,91,0.54652576,0,0.07536912,1.21672355,0.82489596,1.05752721,1.00335299,0.22328117
"2783",106,91,0.52340138,0,0.07899554,1.21672355,0.82489596,1.05752721,1.00335299,0.1413496
"2784",101,92,0.05466045,0.33453315,0.05728046,1.21255958,0.82207293,1.05390805,0.99991923,0.03041602
"2785",102,92,0.58271194,0,0.81322967,1.21255958,0.82207293,1.05390805,0.99991923,0.04665842
"2786",103,92,0.58456352,0,0.77620561,1.21255958,0.82207293,1.05390805,0.99991923,0.0484289
"2787",104,92,0.54255928,0,0.05690379,1.21255958,0.82207293,1.05390805,0.99991923,0.06180877
"2788",105,92,0.51318838,0,0.05690379,1.21255958,0.82207293,1.05390805,0.99991923,0.06549875
"2789",101,93,0.51733885,0.33173584,0.80436496,1.20838519,0.81924284,1.05027984,0.99647688,0.0843837
"2790",102,93,0.05498395,0.30994006,0.07446403,1.20838519,0.81924284,1.05027984,0.99647688,0.07904468
"2791",103,93,0.58802672,0,0.81267972,1.20838519,0.81924284,1.05027984,0.99647688,0.12592388
"2792",104,93,0.53845793,0,0.72639012,1.20838519,0.81924284,1.05027984,0.99647688,0.11739599
"2793",105,93,0.52072117,0,0.05670789,1.20838519,0.81924284,1.05027984,0.99647688,0.08596166
"2794",109,86,0.54231817,0.35426172,0.93513324,1.23778021,0.83899184,1.07548335,1.02038929,0.08077405
"2795",110,86,0.541872,0.3680092,0.05149422,1.23778021,0.83899184,1.07548335,1.02038929,0.10083869
"2796",111,86,0.61687272,0.35539222,0.94077776,1.23778021,0.83899184,1.07548335,1.02038929,0.13538584
"2797",112,86,0.61897096,0,0.06976447,1.23778021,0.83899184,1.07548335,1.02038929,0.13663048
"2798",113,86,0.64993511,0,0.98967912,1.23778021,0.83899184,1.07548335,1.02038929,0.33826799
"2799",108,87,0.57633404,0.28223065,0.95848064,1.23366866,0.83620494,1.0719109,1.01699984,0.26381596
"2800",109,87,0.61377155,0.28223065,0.95872192,1.23366866,0.83620494,1.0719109,1.01699984,0.34857922
"2801",110,87,0.25040424,0,0.06232953,1.23366866,0.83620494,1.0719109,1.01699984,0.11921553
"2802",111,87,0.58411458,0.28928554,0.93248704,1.23366866,0.83620494,1.0719109,1.01699984,0.1031623
"2803",112,87,0.56350549,0.28223065,0.06414048,1.23366866,0.83620494,1.0719109,1.01699984,0.32714392
"2804",113,87,0.69399013,0,0.99427273,1.23366866,0.83620494,1.0719109,1.01699984,0.27880846
"2805",114,87,0.64399178,0,0.9799141,1.2355651,0.83637251,1.0719109,1.01699984,0.41183041
"2806",108,88,0.47014082,0.19438172,0.94987504,1.22954613,0.83341062,1.06832892,1.01360135,0.22552762
"2807",109,88,0.46974173,0.16118393,0.94799743,1.22954613,0.83341062,1.06832892,1.01360135,0.33478295
"2808",110,88,0.20798745,0.14914003,0.06016329,1.22954613,0.83341062,1.06832892,1.01360135,0.37569714
"2809",111,88,0.20818537,0.15814135,0.0601633,1.22954613,0.83341062,1.06832892,1.01360135,0.14786664
"2810",112,88,0.20815102,0.14836014,0.06016329,1.22954613,0.83341062,1.06832892,1.01360135,0.1609197
"2811",113,88,1.32028739,0.28576337,0.0659099,1.22954613,0.83341062,1.06832892,1.01360135,0.38829555
"2812",114,88,1.31490739,0,0.05455251,1.22954613,0.83341062,1.06832892,1.01360135,0.56275888
"2813",108,89,0.53308561,0.25607841,0.92214821,1.22541318,0.83060922,1.06473788,1.01019427,0.09828047
"2814",109,89,0.28920669,0.17169838,0.95323534,1.22541318,0.83060922,1.06473788,1.01019427,0.10277809
"2815",110,89,0.56449741,0.21493747,0.95329711,1.22541318,0.83060922,1.06473788,1.01019427,0.0926232
"2816",111,89,0.44415535,0.16785375,0.92214822,1.22541318,0.83060922,1.06473788,1.01019427,0.12958233
"2817",112,89,1.31603025,0.28480281,0.08392712,1.22541318,0.83060922,1.06473788,1.01019427,0.33326427
"2818",113,89,1.28767704,0.28480282,0.06635301,1.22541318,0.83060922,1.06473788,1.01019427,0.36586726
"2819",114,89,1.32507678,0,0.06117046,1.22541318,0.83060922,1.06473788,1.01019427,0.51828065
"2820",111,90,0.86008097,0.28383971,0.98066127,1.22126927,0.82780039,1.06113731,1.00677815,0.16243393
"2821",112,90,0.84654495,0.28383971,0.08364325,1.22126927,0.82780039,1.06113731,1.00677815,0.23269206
"2822",113,90,1.29792512,0.28383971,0.08364331,1.22126927,0.82780039,1.06113731,1.00677815,0.18173647
"2823",111,91,1.30850078,0.28287406,0.0562612,1.21711438,0.82498413,1.05752721,1.00335299,0.34544444
"2824",112,91,1.28695075,0.28287406,0.06602549,1.21711438,0.82498413,1.05752721,1.00335299,0.31095705
"2825",113,91,1.29967249,0.28287412,0.08335875,1.21711438,0.82498413,1.05752721,1.00335299,0.42633479
"2826",104,87,0.51584565,0.36568868,0.06232953,1.23423338,0.83590332,1.0719109,1.01699984,0.52170507
"2827",105,87,0.5133404,0.35945271,0.93765276,1.23423338,0.83590332,1.0719109,1.01699984,0.58238835
"2828",106,87,0.53812557,0.29286588,0.06232953,1.23423338,0.83590332,1.0719109,1.01699984,0.5464583
"2829",107,87,0.55329162,0.31618557,0.93248704,1.23423338,0.83590332,1.0719109,1.01699984,0.30394468
"2830",103,88,0.56704896,0.33502432,0.95427782,1.23010896,0.83311,1.06832892,1.01360135,0.18197533
"2831",104,88,0.53370663,0.28230274,0.06212124,1.23010896,0.83311,1.06832892,1.01360135,0.33175114
"2832",105,88,0.54171894,0.28831884,0.95994442,1.23010896,0.83311,1.06832892,1.01360135,0.32587069
"2833",106,88,0.54073674,0.28831884,0.95994442,1.23010896,0.83311,1.06832892,1.01360135,0.43855226
"2834",107,88,0.51382718,0.28831884,0.95956986,1.23010896,0.83311,1.06832892,1.01360135,0.2811494
"2835",105,89,0.52578651,0.2873497,0.92624702,1.22597412,0.83030962,1.06473788,1.01019427,0.18473774
"2836",106,89,0.52408944,0.2873497,0.92624702,1.22597412,0.83030962,1.06473788,1.01019427,0.21766783
"2837",137,93,0.32940219,0,0.0889106,1.2055525,0.81948365,1.05027984,0.99647688,0.098961
"2838",136,94,0.32352362,0,0.08860265,1.20137695,0.81664529,1.0466421,0.99302549,0.14835881
"2839",137,94,0.35241241,0,0.08860265,1.20137695,0.81664529,1.0466421,0.99302549,0.13560865
"2840",138,94,0.36475924,0,0.08860265,1.20137695,0.81664529,1.0466421,0.99302549,0.18212924
"2841",139,94,0,0.25970606,0,1.20137695,0.81664529,1.0466421,0.99302549,0.04100691
"2842",136,95,0.29358511,0,0.05610516,1.19652671,0.81372378,1.0429953,0.98956551,0.17489327
"2843",137,95,0.32304744,0,0.05327066,1.19719101,0.81379986,1.0429953,0.98956551,0.28461433
"2844",138,95,0.31309073,0,0.08829393,1.19719101,0.81379986,1.0429953,0.98956551,0.28367381
"2845",139,95,0.35380899,0,0.08829393,1.19719101,0.81379986,1.0429953,0.98956551,0.27166
"2846",140,95,0.34700804,0,0.08829393,1.19719101,0.81379986,1.0429953,0.98956551,0.30917138
"2847",141,95,0.3186784,0,0.06719712,1.19719101,0.81379986,1.0429953,0.98956551,0.22696975
"2848",142,95,0.32757509,0,0.05873662,1.19719101,0.81379986,1.0429953,0.98956551,0.17823887
"2849",143,95,0.30287033,0,0.05992442,1.17943523,0.81246288,1.04775004,0.98335845,0.06785432
"2850",138,96,0.23549422,0,0.05349654,1.19299468,0.81094737,1.03933944,0.98609693,0.45569634
"2851",139,96,0.22013325,0,0.08527853,1.19299468,0.81094737,1.03933944,0.98609693,0.37404479
"2852",140,96,0.30930669,0,0.08798445,1.19299468,0.81094737,1.03933944,0.98609693,0.37574002
"2853",141,96,0.3413481,0,0.08798445,1.19299468,0.81094737,1.03933944,0.98609693,0.4667389
"2854",142,96,0.28637492,0,0.06384063,1.19299468,0.81094737,1.03933944,0.98609693,0.23133349
"2855",143,96,0.31026974,0,0.08798445,1.19299468,0.81094737,1.03933944,0.98609693,0.15905968
"2856",144,96,0.34766534,0,0.08798445,1.19299468,0.81094737,1.03933944,0.98609693,0.13848665
"2857",145,96,0.33401997,0,0.05971437,1.19299468,0.81094737,1.03933944,0.98609693,0.11158876
"2858",139,97,0.2210633,0,0.0533079,1.18812831,0.80801227,1.03567454,0.98261977,0.22314148
"2859",140,97,0.23495057,0,0.0533079,1.18878796,0.80808782,1.03567454,0.98261977,0.35407812
"2860",141,97,0.25922837,0,0.0533079,1.18878796,0.80808782,1.03567454,0.98261977,0.40194027
"2861",142,97,0.23397512,0,0.05903341,1.18878796,0.80808782,1.03567454,0.98261977,0.23452675
"2862",143,97,0.28961419,0,0.05832435,1.18878796,0.80808782,1.03567454,0.98261977,0.23735902
"2863",144,97,0.32145704,0.4625904,0.0565696,1.18878796,0.80808782,1.03567454,0.98261977,0.20234648
"2864",141,98,0.21031798,0,0.05311877,1.18457029,0.80522083,1.0320001,0.97913356,0.17273977
"2865",146,96,0.34224971,0,0.05971437,1.19291296,0.81115318,1.03933944,0.98609693,0.14226813
"2866",145,97,0.31929299,0.4625904,0.05832435,1.18870652,0.8082929,1.03567454,0.98261977,0.27177292
"2867",146,97,0.32427499,0.4625904,0.05998309,1.18870652,0.8082929,1.03567454,0.98261977,0.22735546
"2868",147,97,0.2324293,0,0.05316937,1.18870652,0.8082929,1.03567454,0.98261977,0.3219272
"2869",148,97,0.32052235,0.4625904,0.05832435,1.18870652,0.8082929,1.03567454,0.98261977,0.20708846
"2870",149,97,0.32726506,0.4625904,0.05998309,1.18870652,0.8082929,1.03567454,0.98261977,0.12001999
"2871",152,97,0.3256208,0,0.05995153,1.18870652,0.8082929,1.03567454,0.98261977,0.319622
"2872",143,98,0.27584696,0,0.05532227,1.18405905,0.80545744,1.0320001,0.97913356,0.19155505
"2873",144,98,0.19856611,0,0.05532227,1.18448914,0.80542518,1.0320001,0.97913356,0.21098011
"2874",145,98,0.22828395,0,0.05532227,1.18448914,0.80542518,1.0320001,0.97913356,0.43609857
"2875",146,98,0.21314888,0,0.05363951,1.18448914,0.80542518,1.0320001,0.97913356,0.55417927
"2876",147,98,0.33125528,0.46094918,0.05869567,1.18448914,0.80542518,1.0320001,0.97913356,0.31313123
"2877",148,98,0.50485887,0.46094918,0.05659259,1.18448914,0.80542518,1.0320001,0.97913356,0.25643448
"2878",149,98,0.2983497,0.46094918,0.0541516,1.18448914,0.80542518,1.0320001,0.97913356,0.25467807
"2879",150,98,0.29244063,0.46094918,0.04985602,1.18448914,0.80542518,1.0320001,0.97913356,0.2982756
"2880",151,98,0.48038821,0.46094918,0.05783067,1.18448914,0.80542518,1.0320001,0.97913356,0.23547383
"2881",152,98,0.502165,0,0.05783067,1.18448914,0.80542518,1.0320001,0.97913356,0.19181651
"2882",153,98,0.69400234,0.42751691,0.05870489,1.18448914,0.80542518,1.0320001,0.97913356,0.29494507
"2883",143,99,0.26349638,0,0.05828508,1.18026192,0.80255076,1.02831708,0.97563921,0.23082085
"2884",144,99,0.26250263,0,0.05828508,1.18026192,0.80255076,1.02831708,0.97563921,0.14709983
"2885",145,99,0.22893104,0,0.05828508,1.18026192,0.80255076,1.02831708,0.97563921,0.18844978
"2886",146,99,0.23707014,0,0.0515931,1.18026192,0.80255076,1.02831708,0.97563921,0.15497
"2887",147,99,0.32398021,0.45930421,0.05395834,1.18026192,0.80255076,1.02831708,0.97563921,0.18051814
"2888",148,99,0.53088593,0.45930421,0.05955697,1.18026192,0.80255076,1.02831708,0.97563921,0.23106966
"2889",149,99,0.53233844,0.45930414,0.05731684,1.18026192,0.80255076,1.02831708,0.97563921,0.10813086
"2890",150,99,0.53201247,0.45930414,0.05639063,1.18026192,0.80255076,1.02831708,0.97563921,0.2450712
"2891",151,99,0.53136298,0.45930414,0.05905227,1.18026192,0.80255076,1.02831708,0.97563921,0.10475231
"2892",152,99,0.32195327,0.45930421,0.05639063,1.18026192,0.80255076,1.02831708,0.97563921,0.12156488
"2893",153,99,0.32022062,0,0.05639063,1.18026192,0.80255076,1.02831708,0.97563921,0.21473121
"2894",144,100,0.22591683,0.147877,0.05408324,1.1760243,0.79966928,1.024625,0.97213627,0.25392329
"2895",148,100,0.23342271,0,0.05140786,1.1760243,0.79966928,1.024625,0.97213627,0.27429588
"2896",149,100,0.23104527,0,0.05788727,1.1760243,0.79966928,1.024625,0.97213627,0.31259217
"2897",150,100,0.23321983,0,0.05788727,1.1760243,0.79966928,1.024625,0.97213627,0.07134305
"2898",151,100,0.23238931,0,0.05691724,1.1760243,0.79966928,1.024625,0.97213627,0.39881148
"2899",152,100,0.24100863,0,0.05140786,1.1760243,0.79966928,1.024625,0.97213627,0.11280043
"2900",153,100,0.6605547,0.37728567,0.0514381,1.1760243,0.79966928,1.024625,0.97213627,0.0720618
"2901",138,98,0.25423195,0,0.05985171,1.18405905,0.80545744,1.0320001,0.97913356,0.36948402
"2902",139,98,0.1832948,0,0.05840719,1.18405905,0.80545744,1.0320001,0.97913356,0.24592575
"2903",140,98,0.23318973,0,0.05673523,1.18457029,0.80522083,1.0320001,0.97913356,0.18772328
"2904",142,98,0.27150423,0,0.05531867,1.18405905,0.80545744,1.0320001,0.97913356,0.26486611
"2905",137,99,0.16796659,0,0.05963811,1.17983337,0.80258291,1.02831708,0.97563921,0.32319509
"2906",138,99,0.166218,0,0.05963811,1.17983337,0.80258291,1.02831708,0.97563921,0.57566839
"2907",139,99,0.18804192,0,0.05952343,1.17983337,0.80258291,1.02831708,0.97563921,0.24833476
"2908",140,99,0.23185479,0,0.05828162,1.17983337,0.80258291,1.02831708,0.97563921,0.1634599
"2909",141,99,0.23223652,0,0.05618695,1.17983337,0.80258291,1.02831708,0.97563921,0.10720497
"2910",142,99,0.23457377,0,0.05828162,1.17983337,0.80258291,1.02831708,0.97563921,0.15026078
"2911",137,100,0.16563219,0,0.06095675,1.17559729,0.79970132,1.024625,0.97213627,0.48127898
"2912",138,100,0.16374681,0,0.05930971,1.17559729,0.79970132,1.024625,0.97213627,0.44560503
"2913",139,100,0.21157081,0,0.05807237,1.17559729,0.79970132,1.024625,0.97213627,0.24787057
"2914",140,100,0.21188516,0,0.05807237,1.17559729,0.79970132,1.024625,0.97213627,0.23093295
"2915",141,100,0.24424033,0,0.05807237,1.17559729,0.79970132,1.024625,0.97213627,0.1464283
"2916",142,100,0.24391059,0,0.05807236,1.17559729,0.79970132,1.024625,0.97213627,0.05740151
"2917",138,101,0.16193844,0,0.05920931,1.17135027,0.79681228,1.0209234,0.96862429,0.1494597
"2918",139,101,0.21299676,0,0.05656868,1.17135027,0.79681228,1.0209234,0.96862429,0.12663451
"2919",140,101,0.24156093,0,0.05712577,1.17135027,0.79681228,1.0209234,0.96862429,0.05749779
"2920",141,101,0.2072113,0,0.05623096,1.17135027,0.79681228,1.0209234,0.96862429,0.1322133
"2921",142,101,0.23222941,0,0.05617865,1.17135027,0.79681228,1.0209234,0.96862429,0.07304184
"2922",137,101,0.16746523,0,0.0592093,1.17070003,0.79633349,1.0209234,0.96862429,0.37214734
"2923",134,102,0.16535651,0,0,1.16644553,0.7934395,1.01721321,0.96510417,0.2568226
"2924",135,102,0.16718988,0,0.05989813,1.16644553,0.7934395,1.01721321,0.96510417,0.28432586
"2925",136,102,0.18706107,0,0.05888069,1.16644553,0.7934395,1.01721321,0.96510417,0.18101324
"2926",137,102,0.18375958,0,0.05748593,1.16644553,0.7934395,1.01721321,0.96510417,0.31174372
"2927",138,102,0.15427083,0,0.05899414,1.16644553,0.7934395,1.01721321,0.96510417,0.22870973
"2928",139,102,0.23946433,0,0.05683875,1.16644553,0.7934395,1.01721321,0.96510417,0.08862068
"2929",140,102,0.24229591,0,0.05597449,1.16644553,0.7934395,1.01721321,0.96510417,0.1251617
"2930",141,102,0.20413829,0,0.05597449,1.16644553,0.7934395,1.01721321,0.96510417,0.13522724
"2931",142,102,0.22629535,0,0.05609072,1.16644553,0.7934395,1.01721321,0.96510417,0.09701462
"2932",136,103,0.18050824,0,0.05750902,1.16218066,0.79053845,1.01349398,0.96157546,0.13889141
"2933",137,103,0.18462656,0,0.05803055,1.16218066,0.79053845,1.01349398,0.96157546,0.1844709
"2934",138,103,0.20972769,0,0.05776539,1.16218066,0.79053845,1.01349398,0.96157546,0.11382974
"2935",139,103,0.24438661,0,0.05615702,1.16218066,0.79053845,1.01349398,0.96157546,0.2123973
"2936",140,103,0.20538146,0,0.05432668,1.16218066,0.79053845,1.01349398,0.96157546,0.15618964
"2937",141,103,0.23749217,0,0.05615702,1.16218066,0.79053845,1.01349398,0.96157546,0.11034466
"2938",136,104,0.20894989,0,0.05048717,1.15790594,0.7876307,1.00976616,0.9580386,0.12655053
"2939",137,104,0.21525069,0,0.05595046,1.15790594,0.7876307,1.00976616,0.9580386,0.07485186
"2940",134,98,0.2409224,0,0.05638818,1.18340175,0.80497346,1.0320001,0.97913356,0.19634365
"2941",135,98,0.24153187,0,0.05638819,1.18340175,0.80497346,1.0320001,0.97913356,0.16105095
"2942",136,98,0.19181484,0,0.05985171,1.18340175,0.80497346,1.0320001,0.97913356,0.29202405
"2943",137,98,0.23711827,0,0.05985171,1.18340175,0.80497346,1.0320001,0.97913356,0.4070374
"2944",133,99,0.23719806,0,0.05828162,1.17917841,0.80210066,1.02831708,0.97563921,0.16048053
"2945",134,99,0.20893006,0,0.06055198,1.17917841,0.80210066,1.02831708,0.97563921,0.18117138
"2946",135,99,0.16992445,0,0.06055198,1.17917841,0.80210066,1.02831708,0.97563921,0.42496103
"2947",136,99,0.16906079,0,0.06055198,1.17917841,0.80210066,1.02831708,0.97563921,0.24473987
"2948",131,100,0.20348908,0,0.05790479,1.17494468,0.79922079,1.024625,0.97213627,0.23329085
"2949",132,100,0.2044814,0,0.05930971,1.17494468,0.79922079,1.024625,0.97213627,0.16474302
"2950",133,100,0.21226419,0,0.06033457,1.17494468,0.79922079,1.024625,0.97213627,0.18489521
"2951",134,100,0.16936992,0,0.06033457,1.17494468,0.79922079,1.024625,0.97213627,0.26502879
"2952",135,100,0.16794438,0,0.06033457,1.17494468,0.79922079,1.024625,0.97213627,0.5005675
"2953",136,100,0.16635537,0,0.06095675,1.17494468,0.79922079,1.024625,0.97213627,0.2803776
"2954",130,101,0.26477175,0,0.05748999,1.17070003,0.79633349,1.0209234,0.96862429,0.08158707
"2955",131,101,0.27215203,0,0.05748999,1.17070003,0.79633349,1.0209234,0.96862429,0.08844419
"2956",132,101,0.22710455,0,0.05786258,1.17070003,0.79633349,1.0209234,0.96862429,0.20959933
"2957",133,101,0.21149535,0,0.06011661,1.17070003,0.79633349,1.0209234,0.96862429,0.26639513
"2958",134,101,0.16904972,0,0.06011661,1.17070003,0.79633349,1.0209234,0.96862429,0.1185898
"2959",135,101,0.16914409,0,0.06011661,1.17070003,0.79633349,1.0209234,0.96862429,0.30272003
"2960",136,101,0.16803999,0,0.0601166,1.17070003,0.79633349,1.0209234,0.96862429,0.23302397
"2961",128,102,0.19240855,0.37874025,0.05765736,1.16644553,0.7934395,1.01721321,0.96510417,0.14570313
"2962",129,102,0.27090655,0,0.05728106,1.16644553,0.7934395,1.01721321,0.96510417,0.13307872
"2963",130,102,0.22887443,0,0.05286702,1.16644553,0.7934395,1.01721321,0.96510417,0.20680621
"2964",131,102,0.23090955,0,0.05746495,1.16644553,0.7934395,1.01721321,0.96510417,0.15322846
"2965",132,102,0.23677522,0,0.05862635,1.16644553,0.7934395,1.01721321,0.96510417,0.251641
"2966",133,102,0.16710375,0,0.05989814,1.16644553,0.7934395,1.01721321,0.96510417,0.18741499
"2967",128,103,0.2143558,0,0.0574415,1.16218066,0.79053845,1.01349398,0.96157546,0.19196067
"2968",129,103,0.23774754,0,0.058412,1.16218066,0.79053845,1.01349398,0.96157546,0.14144231
"2969",130,103,0.23828122,0,0.05813926,1.16218066,0.79053845,1.01349398,0.96157546,0.183307
"2970",131,103,0.24076503,0,0.05841199,1.16218066,0.79053845,1.01349398,0.96157546,0.18098533
"2971",132,103,0.2408699,0,0.058412,1.16218066,0.79053845,1.01349398,0.96157546,0.17983
"2972",133,103,0.16646806,0,0.05967913,1.16218066,0.79053845,1.01349398,0.96157546,0.24088013
"2973",134,103,0.16580194,0,0.05967913,1.16218066,0.79053845,1.01349398,0.96157546,0.22387409
"2974",135,103,0.18146608,0,0.05727575,1.16218066,0.79053845,1.01349398,0.96157546,0.11661773
"2975",130,104,0.27439426,0,0.05048717,1.15790594,0.7876307,1.00976616,0.9580386,0.20270636
"2976",131,104,0.23481046,0,0.05819714,1.15790594,0.7876307,1.00976616,0.9580386,0.2285957
"2977",132,104,0.24091923,0,0,1.15790594,0.7876307,1.00976616,0.9580386,0.18630221
"2978",133,104,0.2417511,0,0.05819715,1.15790594,0.7876307,1.00976616,0.9580386,0.42055429
"2979",134,104,0.15718197,0,0.05706508,1.15790594,0.7876307,1.00976616,0.9580386,0.28167862
"2980",135,104,0.20275663,0,0.05755292,1.15790594,0.7876307,1.00976616,0.9580386,0.12937544
"2981",130,105,0.90067308,0,0.85535598,1.15362084,0.78471589,1.00602929,0.95449316,0.25181584
"2982",131,105,0.20831231,0,0.05701843,1.15362084,0.78471589,1.00602929,0.95449316,0.1222442
"2983",132,105,0.23801006,0,0.05798178,1.15362084,0.78471589,1.00602929,0.95449316,0.25077508
"2984",133,105,0.23604556,0,0.05798178,1.15362084,0.78471589,1.00602929,0.95449316,0.24742583
"2985",134,105,0.20276304,0,0.05535907,1.15362084,0.78471589,1.00602929,0.95449316,0.2676157
"2986",135,105,0.23025716,0,0.05047078,1.15362084,0.78471589,1.00602929,0.95449316,0.11638
"2987",136,105,0.19882002,0,0.05030033,1.15362084,0.78471589,1.00602929,0.95449316,0.06356245
"2988",137,105,0.22710409,0.14519321,0.05047077,1.15514759,0.78503043,1.00602929,0.95449316,0.1280293
"2989",130,106,0.64085451,0,0.05521283,1.14932536,0.78179402,1.00228336,0.95093913,0.09373519
"2990",131,106,0.17598715,0,0.05563805,1.14932536,0.78179402,1.00228336,0.95093913,0.07747411
"2991",132,106,0.18207496,0,0.05553585,1.14932536,0.78179402,1.00228336,0.95093913,0.05865393
"2992",133,106,0.17611142,0,0.05608276,1.14932536,0.78179402,1.00228336,0.95093913,0.02352299
"2993",134,106,0.1977417,0,0.05563804,1.14932536,0.78179402,1.00228336,0.95093913,0.12493535
"2994",135,106,0.19792529,0,0.05515293,1.14932536,0.78179402,1.00228336,0.95093913,0.12276225
"2995",136,106,0.18900564,0,0.05015675,1.14932536,0.78179402,1.00228336,0.95093913,0.11679016
"2996",137,106,0.21836603,0.14465259,0.05011304,1.14932536,0.78179402,1.00228336,0.95093913,0.08904323
"2997",130,107,0.23909281,0,0.05364801,1.14502005,0.77886546,0.99852885,0.94737696,0.10096141
"2998",131,107,0.20550773,0,0.05659333,1.14502005,0.77886546,0.99852885,0.94737696,0.06605522
"2999",132,107,0.19959052,0,0.05542962,1.14502005,0.77886546,0.99852885,0.94737696,0.1586724
"3000",133,107,0.2033494,0,0.05691243,1.14502005,0.77886546,0.99852885,0.94737696,0.11880711
"3001",134,107,0.20010648,0,0.05691243,1.14502005,0.77886546,0.99852885,0.94737696,0.16467426
"3002",135,107,0.19944007,0,0.05542963,1.14502005,0.77886546,0.99852885,0.94737696,0.17810441
"3003",136,107,0.19183701,0,0.05494634,1.14502005,0.77886546,0.99852885,0.94737696,0.09932147
"3004",129,108,0.20550076,0,0.05669792,1.14070434,0.77592983,0.99476529,0.94380619,0.08610423
"3005",130,108,0.23134455,0,0.05669792,1.14070434,0.77592983,0.99476529,0.94380619,0.068443
"3006",131,108,0.23217562,0,0.0552207,1.14070434,0.77592983,0.99476529,0.94380619,0.10960068
"3007",132,108,0.23010638,0,0.0552207,1.14070434,0.77592983,0.99476529,0.94380619,0.10156858
"3008",133,108,0.19564923,0,0.0552207,1.14070434,0.77592983,0.99476529,0.94380619,0.09484558
"3009",134,108,0.20157615,0,0.05669792,1.14070434,0.77592983,0.99476529,0.94380619,0.10636949
"3010",135,108,0.20400404,0,0.05473924,1.14070434,0.77592983,0.99476529,0.94380619,0.11193647
"3011",136,108,0.19986807,0,0.05475413,1.14070434,0.77592983,0.99476529,0.94380619,0.08630097
"3012",133,109,0.19779957,0,0.04954854,1.13637881,0.77298751,0.99099315,0.94022729,0.05280431
"3013",134,109,0.22657497,0,0.05453167,1.13637881,0.77298751,0.99099315,0.94022729,0.08395633
"3014",126,112,0.27784107,0.32631398,0.07124772,1.1272706,0.76403799,0.97962431,0.92944084,0.24908889
"3015",127,112,0.27990006,0.36345889,0.07265486,1.1272706,0.76403799,0.97962431,0.92944084,0.14684717
"3016",122,113,0.89283593,0,0.8817711,1.12765486,0.76143496,0.97581738,0.92582893,0.42636912
"3017",125,113,0.46821631,0,0.88004016,1.1228899,0.76106886,0.97581738,0.92582893,0.374005
"3018",126,113,0.18125313,0.32398663,0.04755521,1.1228899,0.76106886,0.97581738,0.92582893,0.15400249
"3019",127,113,0.24111753,0,0.07911245,1.1228899,0.76106886,0.97581738,0.92582893,0.13509778
"3020",128,113,0.2024633,0.35543769,0.07361907,1.1228899,0.76106886,0.97581738,0.92582893,0.10932173
"3021",121,114,0.43991362,0,0.87622305,1.11849933,0.75809303,0.97200187,0.92220888,0.15712988
"3022",122,114,0.46854546,0,0.90865339,1.11849933,0.75809303,0.97200187,0.92220888,0.23024028
"3023",123,114,0.44738755,0,0.89787916,1.11849933,0.75809303,0.97200187,0.92220888,0.2846753
"3024",124,114,0.47202037,0.29357978,0.89769398,1.11849933,0.75809303,0.97200187,0.92220888,0.33448975
"3025",125,114,0.44562932,0,0.89107259,1.11849933,0.75809303,0.97200187,0.92220888,0.20847971
"3026",126,114,0.24461336,0,0.07877803,1.11849933,0.75809303,0.97200187,0.92220888,0.1957189
"3027",127,114,0.24311145,0,0.07857604,1.11849933,0.75809303,0.97200187,0.92220888,0.15381027
"3028",128,114,0.24096199,0,0.07908089,1.11849933,0.75809303,0.97200187,0.92220888,0.12490269
"3029",117,115,0.4413994,0,0.81328695,1.00938492,0.6841378,0.87717892,0.83224345,0.06560905
"3030",118,115,0.54462554,0,0.88574845,1.11409889,0.75511051,0.96817779,0.91858069,0.11838622
"3031",119,115,0.5463677,0,0.89256493,1.11409889,0.75511051,0.96817779,0.91858069,0.09595292
"3032",120,115,0.44843476,0,0.87860432,1.11409889,0.75511051,0.96817779,0.91858069,0.18839056
"3033",121,115,0.47172288,0,0.89625301,1.11409889,0.75511051,0.96817779,0.91858069,0.23783363
"3034",122,115,0.45958299,0,0.89990357,1.11409889,0.75511051,0.96817779,0.91858069,0.11012359
"3035",123,115,0.4620944,0,0.90134511,1.11409889,0.75511051,0.96817779,0.91858069,0.14459243
"3036",124,115,0.46867315,0,0.90039205,1.11409889,0.75511051,0.96817779,0.91858069,0.06013205
"3037",125,115,0.46898535,0,0.89652038,1.11409889,0.75511051,0.96817779,0.91858069,0.22484267
"3038",126,115,0.24289034,0,0.07849389,1.11409889,0.75511051,0.96817779,0.91858069,0.10932968
"3039",127,115,0.2429983,0,0.07847268,1.11409889,0.75511051,0.96817779,0.91858069,0.2208523
"3040",128,115,0.22076321,0,0.05092048,1.11409889,0.75511051,0.96817779,0.91858069,0.38973023
"3041",117,116,0.47380035,0.22911568,0.88165545,1.09696875,0.7435001,0.9532913,0.9044568,0.11495246
"3042",118,116,0.47530731,0,0.89668037,1.10968857,0.7521213,0.96434512,0.91494436,0.10610008
"3043",119,116,0.4716967,0,0.89878122,1.10968857,0.7521213,0.96434512,0.91494436,0.11158216
"3044",120,116,0.46987756,0,0.89951018,1.10968857,0.7521213,0.96434512,0.91494436,0.061669
"3045",121,116,0.44435799,0,0.87318055,1.10968857,0.7521213,0.96434512,0.91494436,0.09972728
"3046",122,116,0.47067334,0,0.89163026,1.10968857,0.7521213,0.96434512,0.91494436,0.08887892
"3047",123,116,0.45555951,0,0.89684194,1.10968857,0.7521213,0.96434512,0.91494436,0.19181874
"3048",124,116,0.42583854,0,0.06408262,1.10968857,0.7521213,0.96434512,0.91494436,0.14422959
"3049",125,116,0.2409102,0,0.07827645,1.10968857,0.7521213,0.96434512,0.91494436,0.1770098
"3050",126,116,0.24141592,0,0.07908477,1.10968857,0.7521213,0.96434512,0.91494436,0.07889674
"3051",127,116,0.24212822,0,0.07816775,1.10968857,0.7521213,0.96434512,0.91494436,0.13142961
"3052",128,116,0.20305469,0,0.06572447,0.93301553,0.63237639,0.81081215,0.76927646,0.13627861
"3053",129,116,0.13182257,0,0.33989963,0.38014579,0.25765404,0.33035552,0.31343231,0.08006526
"3054",116,117,0.44162015,0,0.06409526,1.09901267,0.74488542,0.95506752,0.90614203,0.08325414
"3055",117,117,0.44662033,0.23084916,0.86727186,1.10526839,0.7491254,0.96050388,0.9112999,0.07073739
"3056",118,117,0.4740956,0,0.8941338,1.10526839,0.7491254,0.96050388,0.9112999,0.17922968
"3057",119,117,0.46933153,0,0.89241742,1.10526839,0.7491254,0.96050388,0.9112999,0.10405302
"3058",120,117,0.47327059,0,0.88819896,1.10526839,0.7491254,0.96050388,0.9112999,0.05657789
"3059",121,117,0.43664495,0,0.87035356,1.10526839,0.7491254,0.96050388,0.9112999,0.19771553
"3060",122,117,0.46354422,0,0.89351678,1.10526839,0.7491254,0.96050388,0.9112999,0.08538721
"3061",123,117,0.23976546,0,0.07803062,1.10526839,0.7491254,0.96050388,0.9112999,0.11211187
"3062",124,117,0.24038635,0,0.07785775,1.10526839,0.7491254,0.96050388,0.9112999,0.31243509
"3063",125,117,0.24110525,0,0.07785161,1.10526839,0.7491254,0.96050388,0.9112999,0.16249114
"3064",126,117,0.24054692,0,0.07788288,1.10526839,0.7491254,0.96050388,0.9112999,0.02228155
"3065",127,117,0.24141036,0,0.07786315,1.10526839,0.7491254,0.96050388,0.9112999,0.10153598
"3066",128,117,0.220366,0,0.07097434,1.00761191,0.6829361,0.87563813,0.83078159,0.04406284
"3067",129,117,0.3867935,0,0.98406872,1.10526839,0.7491254,0.96050388,0.9112999,0.12176693
"3068",130,117,0.19904288,0,0.50324486,0.56607106,0.3836699,0.49192889,0.46672872,0.07214949
"3069",116,118,0.42874598,0,0.84106768,1.07362348,0.72767721,0.93300372,0.8852085,0.01634936
"3070",117,118,0.441732,0,0.86529639,1.10083833,0.74612281,0.95665406,0.90764729,0.04721512
"3071",118,118,0.43948157,0,0.86238757,1.10083833,0.74612281,0.95665406,0.90764729,0.14221898
"3072",119,118,0.44670481,0,0.87099595,1.10083833,0.74612281,0.95665406,0.90764729,0.09183496
"3073",120,118,0.45806989,0,0.88773751,1.10083833,0.74612281,0.95665406,0.90764729,0.10280941
"3074",121,118,0.43377334,0,0.86979725,1.10083833,0.74612281,0.95665406,0.90764729,0.14384882
"3075",122,118,0.23928223,0,0.07758998,1.10083833,0.74612281,0.95665406,0.90764729,0.13178477
"3076",123,118,0.21436909,0,0.06940128,0.98515781,0.66771722,0.856125,0.81226806,0.05669198
"3077",124,118,0.21635133,0,0.06978474,0.99074062,0.67150113,0.86097659,0.81687112,0.19946945
"3078",125,118,0.13797192,0,0.04493671,0.63768245,0.43220645,0.55416085,0.52577271,0.12980699
"3079",126,118,0.12292052,0,0.04003986,0.56805521,0.38501471,0.49365316,0.46836466,0.09400435
"3080",130,118,0.26640801,0,0.67262978,0.76970011,0.52168497,0.66888726,0.63462199,0.06999025
"3081",131,118,0.15908912,0,0.40142187,0.46006998,0.31182481,0.39981149,0.37933024,0.06083748
"3082",117,119,0.43853349,0,0.06394283,1.09639895,0.7431139,0.95279613,0.903987,0.06965898
"3083",118,119,0.46751609,0,0.8875974,1.09639895,0.7431139,0.95279613,0.903987,0.10060317
"3084",119,119,0.47333671,0,0.88790607,1.09639895,0.7431139,0.95279613,0.903987,0.06115078
"3085",120,119,0.46340822,0,0.88750483,1.09639895,0.7431139,0.95279613,0.903987,0.12105768
"3086",121,119,0.23822259,0,0.07724831,1.09639895,0.7431139,0.95279613,0.903987,0.12814282
"3087",122,119,0.23840929,0,0.07725965,1.09639895,0.7431139,0.95279613,0.903987,0.0711856
"3088",123,119,0.23888985,0,0.07692183,1.09190308,0.74006671,0.94888912,0.90028013,0.06823846
"3089",116,120,0.43785986,0,0.06368335,1.0919497,0.7400983,0.94892963,0.90031857,0.04317117
"3090",117,120,0.45582777,0,0.8789493,1.0919497,0.7400983,0.94892963,0.90031857,0.15948691
"3091",118,120,0.45815403,0,0.88381458,1.0919497,0.7400983,0.94892963,0.90031857,0.05324484
"3092",119,120,0.47933245,0.29552641,0.88611853,1.0919497,0.7400983,0.94892963,0.90031857,0.10146225
"3093",120,120,0.23277668,0,0.07623764,1.07509706,0.72867597,0.9342843,0.88642347,0.28070407
"3094",121,120,0.23782282,0,0.07657968,1.08725202,0.73691432,0.94484724,0.8964453,0.12820783
"3095",122,120,0.19909145,0,0.06482527,0.92040319,0.62382804,0.79985174,0.75887752,0.05174541
"3096",123,120,0.15587103,0,0.05077889,0.72026149,0.48817661,0.62592395,0.59385958,0.03270507
"3097",128,93,0.60617455,0.1406206,0.8346974,1.20488355,0.81940703,1.05027984,0.99647688,0.03910031
"3098",126,94,0.58654657,0.14013355,0.83127379,1.20071033,0.81656893,1.0466421,0.99302549,0.05657844
"3099",127,94,0.62221775,0.14013355,0.83011166,1.20071033,0.81656893,1.0466421,0.99302549,0.04970279
"3100",128,94,0.60256656,0.14013355,0.83046028,1.20071033,0.81656893,1.0466421,0.99302549,0.12086913
"3101",129,94,0.58537354,0.14013355,0.83137743,1.20071033,0.81656893,1.0466421,0.99302549,0.09338626
"3102",130,94,0.50021242,0,0.05547788,1.20071033,0.81656893,1.0466421,0.99302549,0.16694542
"3103",131,94,0.31851708,0,0.08339459,1.20071033,0.81656893,1.0466421,0.99302549,0.14907771
"3104",133,94,0.30542493,0,0.05547788,1.20071033,0.81656893,1.0466421,0.99302549,0.11629102
"3105",134,94,0.32299323,0,0.07817878,1.20071033,0.81656893,1.0466421,0.99302549,0.11353927
"3106",124,95,0.02638082,0.33648215,0.06900724,1.19652671,0.81372378,1.0429953,0.98956551,0.11072959
"3107",125,95,0.50848693,0,0.05182642,1.19652671,0.81372378,1.0429953,0.98956551,0.04424359
"3108",126,95,0.51301741,0,0.04527648,1.19652671,0.81372378,1.0429953,0.98956551,0.18323213
"3109",127,95,0.50149117,0,0.04685004,1.19652671,0.81372378,1.0429953,0.98956551,0.1766818
"3110",128,95,0.23348623,0.26609814,0.04840841,1.19652671,0.81372378,1.0429953,0.98956551,0.23330687
"3111",129,95,0.2319939,0.23617406,0.05216722,1.19652671,0.81372378,1.0429953,0.98956551,0.11501343
"3112",130,95,0.31090561,0,0.05182643,1.19652671,0.81372378,1.0429953,0.98956551,0.17338927
"3113",131,95,0.28081794,0,0.05182644,1.19652671,0.81372378,1.0429953,0.98956551,0.10384367
"3114",132,95,0.29325489,0,0.05182643,1.19652671,0.81372378,1.0429953,0.98956551,0.19859908
"3115",133,95,0.29865086,0,0.05322686,1.19652671,0.81372378,1.0429953,0.98956551,0.07470701
"3116",134,95,0.29658714,0,0.05322686,1.19652671,0.81372378,1.0429953,0.98956551,0.08013189
"3117",135,95,0.29457955,0,0.05182643,1.19652671,0.81372378,1.0429953,0.98956551,0.10204647
"3118",124,96,0.50493668,0,0.05118574,1.19233271,0.81087155,1.03933944,0.98609693,0.12829039
"3119",125,96,0.28971215,0,0.05164477,1.19233271,0.81087155,1.03933944,0.98609693,0.19044883
"3120",126,96,0.28352686,0,0.04668582,1.19233271,0.81087155,1.03933944,0.98609693,0.22501901
"3121",127,96,0.23312111,0.24684724,0.04823874,1.19233271,0.81087155,1.03933944,0.98609693,0.14170098
"3122",128,96,0.26061486,0.31678598,0.07509089,1.19233271,0.81087155,1.03933944,0.98609693,0.15954629
"3123",129,96,0.53710763,0.19036721,0.0791565,1.19233271,0.81087155,1.03933944,0.98609693,0.20019622
"3124",130,96,0.5414689,0.1903672,0.0791565,1.19233271,0.81087155,1.03933944,0.98609693,0.11366497
"3125",131,96,0.52935081,0.19036721,0.0791565,1.19233271,0.81087155,1.03933944,0.98609693,0.12375761
"3126",132,96,0.23561271,0,0.05335752,1.19233271,0.81087155,1.03933944,0.98609693,0.05483648
"3127",133,96,0.23046092,0,0.05335752,1.19233271,0.81087155,1.03933944,0.98609693,0.15501559
"3128",134,96,0.32531831,0,0.05304029,1.19233271,0.81087155,1.03933944,0.98609693,0.0789856
"3129",135,96,0.32109017,0,0.0530403,1.19233271,0.81087155,1.03933944,0.98609693,0.10738923
"3130",136,96,0.23268661,0,0.05335752,1.19233271,0.81087155,1.03933944,0.98609693,0.20196764
"3131",137,96,0.19851034,0,0.05335752,1.19299468,0.81094737,1.03933944,0.98609693,0.20274299
"3132",124,97,0.31176671,0.33684092,0.05146266,1.18812831,0.80801227,1.03567454,0.98261977,0.23679473
"3133",125,97,0.56140931,0.13866512,0.79372667,1.18812831,0.80801227,1.03567454,0.98261977,0.17442272
"3134",126,97,0.56648425,0.13866512,0.79372667,1.18812831,0.80801227,1.03567454,0.98261977,0.25068497
"3135",127,97,0.60518092,0.13866512,0.82114139,1.18812831,0.80801227,1.03567454,0.98261977,0.27398036
"3136",128,97,0.27022631,0,0.052671,1.18812831,0.80801227,1.03567454,0.98261977,0.27287596
"3137",129,97,0.26994543,0,0.052671,1.18812831,0.80801227,1.03567454,0.98261977,0.33515758
"3138",130,97,0.23459818,0,0.06176028,1.18812831,0.80801227,1.03567454,0.98261977,0.26493361
"3139",131,97,0.26696092,0,0.06176028,1.18812831,0.80801227,1.03567454,0.98261977,0.22403444
"3140",132,97,0.23379155,0,0.06176028,1.18812831,0.80801227,1.03567454,0.98261977,0.14222525
"3141",133,97,0.26484898,0,0.06176028,1.18812831,0.80801227,1.03567454,0.98261977,0.22334951
"3142",134,97,0.23503732,0,0.05316937,1.18812831,0.80801227,1.03567454,0.98261977,0.16206825
"3143",135,97,0.2344112,0,0.05316937,1.18812831,0.80801227,1.03567454,0.98261977,0.26326577
"3144",136,97,0.25195843,0,0.05316937,1.18812831,0.80801227,1.03567454,0.98261977,0.30637875
"3145",137,97,0.25657662,0,0,1.18812831,0.80801227,1.03567454,0.98261977,0.17494754
"3146",138,97,0.26153978,0,0.0533079,1.18812831,0.80801227,1.03567454,0.98261977,0.28356446
"3147",125,98,0.61045925,0.13817315,0.81878848,1.18391299,0.80514554,1.0320001,0.97913356,0.13725146
"3148",126,98,0.53956755,0.13817315,0.79412644,1.18391299,0.80514554,1.0320001,0.97913356,0.06594111
"3149",127,98,0.26959417,0,0.05309298,1.18391299,0.80514554,1.0320001,0.97913356,0.1767952
"3150",128,98,0.26931119,0,0.05248413,1.18391299,0.80514554,1.0320001,0.97913356,0.15235183
"3151",129,98,0.27068632,0,0.74749687,1.18391299,0.80514554,1.0320001,0.97913356,0.21504476
"3152",130,98,0.20865206,0,0.05362278,1.18391299,0.80514554,1.0320001,0.97913356,0.19851031
"3153",131,98,0.27330867,0,0.74749687,1.18391299,0.80514554,1.0320001,0.97913356,0.14740717
"3154",132,98,0.25748329,0,0.05248413,1.18391299,0.80514554,1.0320001,0.97913356,0.20353985
"3155",133,98,0.28901359,0,0.05309298,1.18391299,0.80514554,1.0320001,0.97913356,0.17118033
"3156",124,99,0.5593098,0.22786298,0.78808762,1.17968782,0.80227213,1.02831708,0.97563921,0.15239165
"3157",125,99,0.23728489,0.35021657,0.07371325,1.17968782,0.80227213,1.02831708,0.97563921,0.09724506
"3158",126,99,0.53161031,0.18834832,0.07831703,1.17968782,0.80227213,1.02831708,0.97563921,0.19782738
"3159",127,99,0.53584007,0.18834833,0.07831703,1.17968782,0.80227213,1.02831708,0.97563921,0.14039101
"3160",128,99,0.23216187,0,0,1.17968782,0.80227213,1.02831708,0.97563921,0.13743583
"3161",129,99,0.26781473,0,0,1.17968782,0.80227213,1.02831708,0.97563921,0.12145376
"3162",130,99,0.26653721,0,0.74482919,1.17968782,0.80227213,1.02831708,0.97563921,0.14567457
"3163",131,99,0.25679209,0,0.05343141,1.17968782,0.80227213,1.02831708,0.97563921,0.14588036
"3164",132,99,0.2805787,0,0.05102424,1.17968782,0.80227213,1.02831708,0.97563921,0.16978588
"3165",124,100,0.69145382,0,0.77737407,1.17545226,0.79939164,1.024625,0.97213627,0.12360878
"3166",125,100,0.60260542,0,0.77000576,1.17545226,0.79939164,1.024625,0.97213627,0.20842123
"3167",126,100,0.59494374,0,0.79452583,1.17545226,0.79939164,1.024625,0.97213627,0.18405655
"3168",127,100,0.52377783,0.18767208,0.07803584,1.17545226,0.79939164,1.024625,0.97213627,0.15135534
"3169",128,100,0.52918522,0.18767208,0.07803584,1.17545226,0.79939164,1.024625,0.97213627,0.19187161
"3170",129,100,0.25553576,0,0.05084105,1.17545226,0.79939164,1.024625,0.97213627,0.17493536
"3171",130,100,0.24691957,0,0.05084105,1.17545226,0.79939164,1.024625,0.97213627,0.132751
"3172",128,101,0.49755834,0,0.05368882,1.17120577,0.79650373,1.0209234,0.96862429,0.14716801
"3173",129,101,0.27017675,0,0.05748999,1.17070003,0.79633349,1.0209234,0.96862429,0.06561938
"3174",128,120,0.08832637,0,0.02971063,0.40316535,0.27527764,0.35403673,0.33581368,0.02824258
"3175",130,120,0.11420297,0,0.03336886,0.57314561,0.39122395,0.50320324,0.47730225,0.0447216
"3176",131,120,0.1934164,0,0.0645409,0.88997694,0.60749011,0.78137086,0.74115197,0.0687264
"3177",132,120,0.2374232,0,0.07911619,1.07827531,0.73602085,0.94669072,0.89796245,0.11593754
"3178",133,120,0.23041452,0,0.07642396,1.04180659,0.71112764,0.91467236,0.86759215,0.07765341
"3179",134,120,0.23665083,0,0.07895211,1.0752481,0.73395451,0.94403292,0.89544145,0.05793581
"3180",135,120,0.22912054,0,0.07710243,1.04767202,0.71513133,0.91982202,0.87247674,0.23285563
"3181",136,120,0.08579679,0,0.02878513,0.39163314,0.2673252,0.34384119,0.32614292,0.03469114
"3182",116,121,0.45899901,0.35570553,0.05695133,1.07983648,0.73730254,0.94825059,0.89944202,0.05572667
"3183",117,121,0.45579258,0.31549514,0.04535146,1.07983648,0.73730254,0.94825059,0.89944202,0.14141827
"3184",118,121,0.47101341,0.33241457,0.87494926,1.07983648,0.73730254,0.94825059,0.89944202,0.04410323
"3185",119,121,0.45818311,0.29512189,0.06541743,1.07983648,0.73730254,0.94825059,0.89944202,0.07759651
"3186",120,121,0.02171773,0,0.0435434,1.06561828,0.72759448,0.93576497,0.88759907,0.18943043
"3187",121,121,0.20325074,0,0.06664979,0.9406048,0.64223642,0.82598529,0.78347,0.18319578
"3188",122,121,0.01698526,0,0.03925753,0.82814811,0.56545201,0.72723226,0.6898,0.22486721
"3189",123,121,0.01583007,0,0.04309777,0.90271173,0.61636337,0.79270977,0.75190724,0.18752258
"3190",126,121,0.11562569,0,0.03891911,0.52759943,0.3602401,0.46330762,0.43946014,0.03698826
"3191",127,121,0.10282042,0,0.03468112,0.46933092,0.32045489,0.41213955,0.39092581,0.05447078
"3192",128,121,0.19255874,0,0.06470218,0.87866494,0.59994444,0.77159325,0.73187764,0.07904666
"3193",130,121,0.13489196,0,0.04543595,0.61603967,0.42050304,0.54086284,0.51302342,0.04187953
"3194",131,121,0.18143984,0,0.06031584,0.82205852,0.56112962,0.7217407,0.6845911,0.05998034
"3195",132,121,0.12490255,0,0.04138495,0.56346103,0.38461334,0.49470049,0.46923716,0.04655744
"3196",134,121,0.14369662,0,0.04770157,0.64801877,0.44233168,0.56893945,0.53965487,0.04040695
"3197",135,121,0.18346587,0,0.06160721,0.8383313,0.57223727,0.73602766,0.69814269,0.11950134
"3198",136,121,0.22872983,0,0.07680413,1.04405821,0.71266457,0.91664921,0.86946724,0.13570499
"3199",137,121,0.12281408,0,0.0412273,0.56065386,0.38269719,0.49223589,0.46689941,0.04617363
"3200",138,121,0.0641575,0,0.02149894,0.29322745,0.20015437,0.25744418,0.24419296,0.04724236
"3201",115,122,0,0,0,0.99510665,0.67944978,0.8738457,0.82886692,0.29655185
"3202",116,122,0.40815084,0.34167744,0.04292177,1.07539949,0.734273,0.94435427,0.89574626,0.08200538
"3203",117,122,0.4044033,0.29311025,0.04136296,1.07539949,0.734273,0.94435427,0.89574626,0.05450057
"3204",118,122,0,0.04865137,0.04085731,1.07539949,0.734273,0.94435427,0.89574626,0.07326509
"3205",119,122,0.43117304,0.29666551,0.06698615,1.07539949,0.734273,0.94435427,0.89574626,0.10210886
"3206",120,122,0.02102765,0,0.04455154,1.02648309,0.70087333,0.90139869,0.8550017,0.15748689
"3207",121,122,0.00966444,0,0.02223485,0.46947741,0.32055491,0.41226818,0.39104783,0.02039896
"3208",122,122,0.008843,0,0.0240753,0.50427362,0.34431345,0.44282423,0.42003108,0.12061898
"3209",125,122,0.17149876,0,0.05698669,0.79117479,0.54020696,0.69476441,0.65900334,0.1172514
"3210",126,122,0.18860024,0,0.0636245,0.86576237,0.59113468,0.76026295,0.72113053,0.08075741
"3211",127,122,0.22854872,0,0.07683289,1.045752,0.71402997,0.91831954,0.8710516,0.18449343
"3212",128,122,0.12289326,0,0.0412054,0.5608306,0.38293004,0.49248933,0.46713981,0.08201818
"3213",129,122,0.10094686,0,0.03389257,0.4607597,0.31460254,0.4046128,0.38378648,0.04476081
"3214",134,122,0.09052242,0,0.0343977,0.60095861,0.41020885,0.52762216,0.50046427,0.02998461
"3215",135,122,0.23261723,0,0.0780118,1.0655657,0.72734539,0.93553209,0.88737818,0.12534651
"3216",136,122,0.21372797,0,0.07169679,0.97594426,0.66617062,0.85684738,0.81274354,0.13086341
"3217",152,122,0.13538816,0,0.04555579,0.6210083,0.42395039,0.54481653,0.51677362,0.12749468
"3218",153,122,0.21198883,0,0.07174258,0.97378351,0.66478323,0.85430961,0.8103364,0.05610036
"3219",154,122,0.19861065,0,0.06716375,0.91307772,0.62334056,0.80105184,0.75981993,0.09714022
"3220",116,123,0,0.04841096,0,1.07095269,0.73123677,0.94044935,0.89204233,0.11614984
"3221",117,123,0,0.0484502,0.03945293,1.07095269,0.73123677,0.94044935,0.89204233,0.03583232
"3222",118,123,0,0.0484502,0.03915826,1.07095269,0.73123677,0.94044935,0.89204233,0.0820134
"3223",119,123,0.02189343,0,0.04107951,1.07095269,0.73123677,0.94044935,0.89204233,0.18772195
"3224",120,123,0.0220468,0,0.04914209,1.07095269,0.73123677,0.94044935,0.89204233,0.12655017
"3225",121,123,0.02051071,0,0.04700382,0.99418037,0.67881733,0.87303229,0.82809538,0.08383227
"3226",123,123,0.01001988,0,0.02714387,0.57138507,0.39013654,0.50175766,0.47593108,0.08918607
"3227",124,123,0.02100144,0,0.04872869,1.02997638,0.70325852,0.9044663,0.85791141,0.0968007
"3228",125,123,0.23324463,0,0.07835764,1.07095269,0.73123677,0.94044935,0.89204233,0.1469266
"3229",126,123,0.23320123,0,0.07849742,1.07095269,0.73123677,0.94044935,0.89204233,0.16247906
"3230",127,123,0.23468394,0,0.07866267,1.07095269,0.73123677,0.94044935,0.89204233,0.11940228
"3231",128,123,0.2106546,0,0.07064301,0.96133093,0.65638803,0.84418579,0.80073367,0.18004127
"3232",131,123,0.16993513,0,0.05637238,0.76634646,0.52310108,0.67282731,0.6381954,0.09931879
"3233",132,123,0.20802891,0,0.06875446,0.93858012,0.64066619,0.82404287,0.78162756,0.0443597
"3234",133,123,0.21390102,0,0.07074094,0.96730815,0.66027569,0.84926515,0.80555159,0.09786023
"3235",134,123,0.23420243,0,0.07819278,1.07116642,0.73116839,0.94044935,0.89204233,0.24443227
"3236",135,123,0.23347809,0,0.07760491,1.07116642,0.73116839,0.94044935,0.89204233,0.1239012
"3237",136,123,0.22488468,0,0.07477366,1.02223482,0.69776813,0.89748898,0.85129323,0.1449435
"3238",137,123,0.15057333,0,0.05051487,0.68746242,0.46925556,0.60356969,0.57250262,0.05855018
"3239",138,123,0.08606309,0,0.02885278,0.39284011,0.26814906,0.34490086,0.32714805,0.08861319
"3240",152,123,0.11792026,0,0.04025212,0.55897418,0.3816009,0.49039341,0.46515177,0.06504043
"3241",153,123,0.08635617,0,0.02952093,0.40889153,0.27914236,0.35872446,0.34026011,0.04365101
"3242",114,124,0,0,0,0.83035572,0.56695934,0.72917086,0.69163881,0.29444524
"3243",115,124,0,0.04354754,0,0.96258339,0.6572432,0.84528563,0.8017769,0.17786832
"3244",116,124,0,0.04858352,0.03929924,1.06649664,0.72819422,0.9365363,0.88833069,0.12763113
"3245",117,124,0,0.04849216,0.03903968,1.06649664,0.72819422,0.9365363,0.88833069,0.04677828
"3246",118,124,0,0.04824861,0.03894776,1.06649664,0.72819422,0.9365363,0.88833069,0.14781439
"3247",119,124,0,0.04824861,0.0388869,1.06649664,0.72819422,0.9365363,0.88833069,0.12498027
"3248",120,124,0.02195007,0,0.04798116,1.06649664,0.72819422,0.9365363,0.88833069,0.17323429
"3249",121,124,0.01858016,0,0.04266666,0.90242802,0.61616966,0.79246063,0.75167092,0.10701865
"3250",122,124,0.0109055,0,0.02508305,0.52784502,0.36040778,0.46352328,0.43966471,0.080353
"3251",123,124,0.02160991,0,0.04840706,1.05098404,0.71760235,0.92291402,0.87540958,0.12410652
"3252",124,124,0.02188299,0,0.05033934,1.06649664,0.72819422,0.9365363,0.88833069,0.11550948
"3253",125,124,0.23199574,0,0.07806007,1.06649664,0.72819422,0.9365363,0.88833069,0.23811436
"3254",126,124,0.21030187,0,0.06046262,1.04901984,0.71626122,0.92118918,0.87377352,0.46012646
"3255",127,124,0.19899998,0,0.06728072,0.91374868,0.6238993,0.80240178,0.76110038,0.13703126
"3256",128,124,0.11697243,0,0.03922128,0.53381383,0.36448324,0.46876475,0.44463639,0.04518291
"3257",131,124,0.21593085,0,0.07140448,0.97436529,0.66509283,0.8554611,0.81142862,0.16193076
"3258",132,124,0.2351097,0,0.07807852,1.06670948,0.72812612,0.9365363,0.88833069,0.11928663
"3259",133,124,0.23284897,0,0.07734954,1.06670948,0.72812612,0.9365363,0.88833069,0.13051867
"3260",134,124,0.23208239,0,0.07726426,1.06283641,0.7254824,0.93313587,0.88510529,0.11923944
"3261",135,124,0.23596017,0,0.07798425,1.06670948,0.72812612,0.9365363,0.88833069,0.09095273
"3262",136,124,0.23568051,0,0.07815611,1.06670948,0.72812612,0.9365363,0.88833069,0.17600811
"3263",137,124,0.15002859,0,0.05031153,0.68471353,0.46737919,0.60115625,0.57021341,0.17738922
"3264",112,125,0,0,0,0.36198048,0.24715698,0.31787053,0.30150903,0.09428027
"3265",113,125,0,0.04455361,0,0.98482173,0.67242733,0.86481407,0.82030017,0.15640864
"3266",114,125,0,0.04778303,0.03893584,1.05658583,0.7214272,0.92783319,0.88007555,0.21768927
"3267",115,125,0,0.0480466,0.03913499,1.06203133,0.72514534,0.93261512,0.88461134,0.10672725
"3268",116,125,0,0.0480466,0.0391345,1.06203133,0.72514534,0.93261512,0.88461134,0.07226956
"3269",117,125,0,0.0480466,0.03928405,1.06203133,0.72514534,0.93261512,0.88461134,0.03369471
"3270",118,125,0,0.0480466,0.03913767,1.06203133,0.72514534,0.93261512,0.88461134,0.04564778
"3271",119,125,0,0.04894103,0.03909529,1.06203133,0.72514534,0.93261512,0.88461134,0.04898759
"3272",120,125,0.0218028,0,0.046023,1.06203133,0.72514534,0.93261512,0.88461134,0.1377853
"3273",121,125,0.02154037,0,0.04848344,1.04640709,0.71447726,0.91889481,0.87159725,0.11424805
"3274",122,125,0.01758318,0,0.0403114,0.8526398,0.58217471,0.74873946,0.71020018,0.29310118
"3275",124,125,0.10394626,0,0.03475071,0.47866397,0.32682741,0.4203353,0.39869971,0.05070909
"3276",125,125,0.16714859,0,0.0562915,0.76719552,0.52383413,0.67370719,0.63902998,0.03085656
"3277",126,125,0.12638027,0,0.0422409,0.58287454,0.39798144,0.51184705,0.48550115,0.06754666
"3278",130,125,0.09086152,0,0.03049235,0.41388137,0.28251163,0.36337441,0.34467072,0.11344835
"3279",131,125,0.23176717,0,0.07808426,1.06224328,0.72507754,0.93261512,0.88461134,0.14474549
"3280",132,125,0.23116306,0,0.07647446,1.06224328,0.72507754,0.93261512,0.88461134,0.11698813
"3281",133,125,0.23148244,0,0.07786883,1.06224328,0.72507754,0.93261512,0.88461134,0.11649167
"3282",134,125,0.23049947,0,0.07725428,1.05522317,0.72028567,0.92645169,0.87876516,0.13046306
"3283",135,125,0.23420149,0,0.0775041,1.06224328,0.72507754,0.93261512,0.88461134,0.16814176
"3284",136,125,0.2343468,0,0.07788875,1.06224328,0.72507754,0.93261512,0.88461134,0.36268279
"3285",137,125,0.18250751,0,0.06122574,0.83278231,0.56844958,0.73115584,0.69352162,0.4013187
"3286",138,125,0,0,0.02623046,0.44672847,0.30497291,0.39191917,0.37174622,0.30739881
"3287",139,125,0.09541295,0,0.03705331,0.63572675,0.4339984,0.55772917,0.52902162,0.30651363
"3288",113,126,0,0.04761594,0.03804987,1.05251205,0.71864566,0.92425583,0.87668233,0.13930824
"3289",114,126,0,0.04815581,0,1.05755621,0.72208978,0.92868533,0.88088383,0.03391347
"3290",115,126,0,0.04799021,0,1.05755621,0.72208978,0.92868533,0.88088383,0.06156497
"3291",116,126,0,0.04784414,0,1.05755621,0.72208978,0.92868533,0.88088383,0.04258561
"3292",117,126,0,0.04784414,0,1.05755621,0.72208978,0.92868533,0.88088383,0.07615756
"3293",118,126,0,0.04784414,0,1.05755621,0.72208978,0.92868533,0.88088383,0.09672687
"3294",119,126,0,0.04784414,0.03957161,1.05755621,0.72208978,0.92868533,0.88088383,0.12155028
"3295",120,126,0.01835445,0,0.04845309,1.04666521,0.7146535,0.91912147,0.87181225,0.09777156
"3296",121,126,0.02114376,0,0.04907581,1.03571049,0.70717372,0.90950167,0.8626876,0.2736486
"3297",122,126,0.0200966,0,0.04690481,0.99276256,0.67799303,0.87173926,0.8268689,0.15068345
"3298",123,126,0.01648811,0,0.04488679,0.940289,0.64215696,0.82566251,0.78316383,0.12061369
"3299",130,126,0.09674155,0,0.0324945,0.44327007,0.30257209,0.38917673,0.36914494,0.12263115
"3300",131,126,0.11506235,0,0.03842573,0.52961538,0.36151061,0.46498512,0.4410513,0.09464109
"3301",132,126,0.20945346,0,0.07022188,0.9641012,0.65808665,0.84644955,0.80288092,0.17113326
"3302",133,126,0.2297419,0,0.07709686,1.05776727,0.72202225,0.92868533,0.88088383,0.17300525
"3303",134,126,0.17847157,0,0.06019119,0.82222846,0.56124562,0.72188989,0.68473262,0.24447478
"3304",135,126,0.20778314,0,0.07042373,0.96398102,0.65809125,0.84570979,0.80217923,0.17535966
"3305",136,126,0.19303815,0,0.05593284,0.96822109,0.66098587,0.84942965,0.80570762,0.27274006
"3306",137,126,0.23067865,0,0.07765606,1.05856055,0.72265888,0.92868533,0.88088383,0.3405264
"3307",138,126,0.23162378,0,0.07814407,1.05856055,0.72265888,0.92868533,0.88088383,0.65020795
"3308",139,126,0,0,0.04120017,0.71642669,0.48909069,0.62852801,0.59617628,0.46902673
"3309",113,127,0,0,0,0.26807558,0.18307839,0.23539567,0.22327933,0.05166474
"3310",114,127,0,0.04241618,0,0.93762709,0.64033905,0.82332511,0.78094674,0.10641867
"3311",115,127,0,0.04764127,0.03895265,1.05312982,0.71921999,0.92474741,0.87714861,0.0552981
"3312",116,127,0,0.04764127,0,1.05312982,0.71921999,0.92474741,0.87714861,0.03798477
"3313",117,127,0,0.04764127,0,1.05312982,0.71921999,0.92474741,0.87714861,0.04011148
"3314",118,127,0,0.04764127,0,1.05312982,0.71921999,0.92474741,0.87714861,0.07841677
"3315",119,127,0,0.04764127,0.03880287,1.05307184,0.71902789,0.92474741,0.87714861,0.06642199
"3316",120,127,0.02140866,0,0.04018476,1.04768402,0.71550085,0.91996548,0.87261281,0.0764175
"3317",121,127,0.02166884,0,0.04260541,1.05312982,0.71921999,0.92474741,0.87714861,0.07952689
"3318",122,127,0.02170376,0,0.04687618,1.05312982,0.71921999,0.92474741,0.87714861,0.17994765
"3319",123,127,0.01940401,0,0.04500599,0.95294667,0.65080134,0.83677715,0.79370637,0.14244053
"3320",124,127,0.20595825,0,0.06932371,0.94359242,0.64441298,0.82856323,0.78591524,0.10324162
"3321",125,127,0.10777181,0,0.03616877,0.49191654,0.33594738,0.43194917,0.40971578,0.04005293
"3322",127,127,0.11321595,0,0.03796026,0.52064696,0.35556841,0.45717718,0.43364526,0.07386882
"3323",133,127,0.15747445,0,0.05313083,0.72286253,0.49341934,0.63464983,0.601983,0.27075451
"3324",134,127,0.08029844,0,0.02734101,0.36986912,0.25246927,0.32473308,0.30801835,0.1551457
"3325",135,127,0.13105606,0,0.03530031,0.65165035,0.44486913,0.5716991,0.54227248,0.24358211
"3326",136,127,0.21005532,0,0.05440772,1.05407192,0.71959458,0.92474741,0.87714861,0.24886606
"3327",137,127,0.22583043,0,0.0774897,1.05407192,0.71959458,0.92474741,0.87714861,0.25843363
"3328",138,127,0.22523881,0,0.07729676,1.05407192,0.71959458,0.92474741,0.87714861,0.35399032
"3329",139,127,0.07798426,0,0.0268148,0.36612718,0.24994797,0.32120689,0.30467365,0.22776361
"3330",112,128,0,0,0.01016172,0.27881089,0.19040992,0.24482228,0.23222073,0.12399544
"3331",113,128,0,0.02479711,0.02019705,0.54815043,0.37435152,0.48132783,0.45655282,0.06845894
"3332",114,128,0,0.04775565,0,1.04863594,0.71615096,0.92080136,0.87340567,0.04883818
"3333",115,128,0,0.04789612,0.03878643,1.04863594,0.71615096,0.92080136,0.87340567,0.05436804
"3334",116,128,0,0.04743797,0,1.04863594,0.71615096,0.92080136,0.87340567,0.04296342
"3335",117,128,0,0.04743797,0.03863911,1.04863594,0.71615096,0.92080136,0.87340567,0.23842202
"3336",118,128,0,0.04743797,0.0386371,1.04863594,0.71615096,0.92080136,0.87340567,0.18463743
"3337",119,128,0,0.04743797,0,1.04863594,0.71615096,0.92080136,0.87340567,0.08579405
"3338",120,128,0.018388,0,0.04022127,1.04863594,0.71615096,0.92080136,0.87340567,0.06858277
"3339",121,128,0.02050951,0,0.0382931,0.9983652,0.68181927,0.87665891,0.83153533,0.15599312
"3340",122,128,0.02154281,0,0.03711929,0.90094308,0.61528622,0.79111308,0.75039274,0.07536529
"3341",123,128,0.024517,0,0.04585566,1.02876802,0.70258245,0.90335545,0.85685774,0.181675
"3342",124,128,0.22499982,0,0.0754413,1.02685274,0.70127443,0.90167365,0.8552625,0.29826521
"3343",125,128,0.12739496,0,0.0427634,0.58147003,0.39710666,0.51058558,0.48430461,0.18022456
"3344",136,128,0.09161439,0,0.02619039,0.45747338,0.31230826,0.40134578,0.38068762,0.18303207
"3345",137,128,0.16865851,0,0.05752668,0.79212619,0.54076928,0.6949399,0.6591698,0.18073079
"3346",138,128,0.14427908,0,0.04940397,0.67765496,0.46262198,0.5945132,0.56391228,0.17646711
"3347",139,128,0.59098484,0,0.04027165,0.58087226,0.3965503,0.50960481,0.48337432,0.1648318
"3348",113,129,0,0.04622541,0.03693869,1.02183171,0.69784539,0.89726471,0.8510805,0.09215971
"3349",114,129,0,0.04723426,0,1.04413281,0.71307561,0.91684719,0.86965502,0.02279884
"3350",115,129,0,0.04723426,0.03847565,1.04413281,0.71307561,0.91684719,0.86965502,0.0606547
"3351",116,129,0,0.04766415,0.03847345,1.04413281,0.71307561,0.91684719,0.86965502,0.10512717
"3352",117,129,0,0.04723426,0.03847714,1.04413281,0.71307561,0.91684719,0.86965502,0.05388247
"3353",118,129,0,0.04723426,0,1.04413281,0.71307561,0.91684719,0.86965502,0.11820031
"3354",119,129,0,0.04723426,0,1.04413281,0.71307561,0.91684719,0.86965502,0.02038718
"3355",120,129,0.02514379,0,0.04531126,1.03888088,0.70948888,0.91223549,0.86528071,0.1311131
"3356",121,129,0.02494803,0,0.04575323,1.04393948,0.71294358,0.91667743,0.869494,0.17755885
"3357",122,129,0.02493886,0,0.0469348,1.04413281,0.71307561,0.91684719,0.86965502,0.08486945
"3358",123,129,0.02502417,0,0.04923971,1.04413281,0.71307561,0.91684719,0.86965502,0.11097496
"3359",124,129,0.2288273,0,0.07669732,1.04413281,0.71307561,0.91684719,0.86965502,0.27742056
"3360",125,129,0.20244893,0,0.06788317,0.92391238,0.63097278,0.8112823,0.7695238,0.31433554
"3361",126,129,0.15814708,0,0.05320135,0.72408904,0.49450628,0.63581854,0.60309154,0.1545936
"3362",127,129,0.19518229,0,0.06597476,0.89519667,0.6113618,0.78606719,0.74560657,0.15198866
"3363",128,129,0.15762973,0,0.04566257,0.78703161,0.53749201,0.69108806,0.65551622,0.13798798
"3364",112,130,0,0.01509005,0.01205845,0.33357169,0.22780803,0.29290744,0.27783084,0.00939108
"3365",113,130,0,0.04703013,0.03758175,1.03962042,0.70999394,0.91288488,0.86589667,0.04644354
"3366",114,130,0,0.04703013,0,1.03962042,0.70999394,0.91288488,0.86589667,0.03412115
"3367",115,130,0,0.04479234,0.03787757,0.97965125,0.66903885,0.86022629,0.81594853,0.22083804
"3368",116,130,0,0.04468263,0.03824544,0.98772792,0.67455469,0.86731837,0.82267556,0.08296316
"3369",117,130,0,0.04653742,0.03983166,1.02872882,0.70255567,0.90332102,0.85682508,0.07808065
"3370",118,130,0,0.04703013,0,1.03962042,0.70999394,0.91288488,0.86589667,0.04707433
"3371",119,130,0.01822991,0,0.03987548,1.03962042,0.70999394,0.91288488,0.86589667,0.05674387
"3372",120,130,0.02103288,0,0.04085898,1.03962042,0.70999394,0.91288488,0.86589667,0.2312035
"3373",121,130,0.02466602,0,0.04422354,1.03962042,0.70999394,0.91288488,0.86589667,0.13103412
"3374",122,130,0.02482011,0,0.04569933,1.03962042,0.70999394,0.91288488,0.86589667,0.05550223
"3375",123,130,0.02466745,0,0.04525679,1.03962042,0.70999394,0.91288488,0.86589667,0.13169551
"3376",124,130,0.06756082,0,0.07557508,1.03962042,0.70999394,0.91288488,0.86589667,0.27604733
"3377",125,130,0.22526969,0,0.07551125,1.03962042,0.70999394,0.91288488,0.86589667,0.08349962
"3378",126,130,0.22559631,0,0.07463111,1.03962042,0.70999394,0.91288488,0.86589667,0.13980375
"3379",127,130,0.22573752,0,0.0747551,1.03962042,0.70999394,0.91288488,0.86589667,0.05074554
"3380",128,130,0.22604784,0,0.07571669,1.03962042,0.70999394,0.91288488,0.86589667,0.06075371
"3381",129,130,0.13336487,0,0.04470897,0.61360842,0.41905512,0.53880613,0.51107258,0.1341484
"3382",113,131,0,0.03457011,0.02925762,0.76418647,0.52189025,0.67102787,0.63648858,0.1486318
"3383",114,131,0,0.02572605,0.02188618,0.56868492,0.38837525,0.49935905,0.47365593,0.02585271
"3384",115,131,0,0.0307458,0.02572154,0.67964857,0.4641563,0.59679561,0.56607722,0.11356255
"3385",116,131,0,0.03165584,0.02564333,0.69976536,0.47789477,0.61446006,0.58283243,0.10814545
"3386",117,131,0,0.0465155,0.03841682,1.01876136,0.69574854,0.89456866,0.84852323,0.10095065
"3387",118,131,0,0.03994279,0.03412622,0.88295178,0.60299933,0.77531503,0.73540784,0.1924258
"3388",119,131,0.01679971,0,0.03207468,0.83034534,0.56707251,0.7291216,0.6915921,0.10845383
"3389",120,131,0.02065804,0,0.03978912,1.01876136,0.69574854,0.89456866,0.84852323,0.08705002
"3390",121,131,0.02094231,0,0.04030666,1.03509877,0.70690594,0.90891445,0.8621306,0.04336329
"3391",122,131,0.0209423,0,0.04002,1.03507028,0.70676433,0.90891445,0.8621306,0.11511989
"3392",123,131,0.02090983,0,0.03928429,1.02417897,0.69932756,0.89935059,0.85305902,0.10684046
"3393",124,131,0.02450631,0,0.04331746,1.03509877,0.70690594,0.90891445,0.8621306,0.066955
"3394",125,131,0.22257148,0,0.0751406,1.02965297,0.70318681,0.90413252,0.85759481,0.07093153
"3395",126,131,0.08480879,0,0.02813659,0.39169419,0.26750196,0.34394448,0.32624089,0.02163547
"3396",113,132,0,0.02315784,0.01930332,0.51189943,0.34953401,0.44950841,0.42637121,0.08314407
"3397",114,132,0,0.04428092,0.03788119,0.97882105,0.66835636,0.85952095,0.8152795,0.07578864
"3398",115,132,0,0.03849779,0.03270348,0.85098601,0.58106833,0.74726663,0.70880316,0.04961144
"3399",116,132,0,0.04250758,0.03547203,0.93962162,0.64159029,0.8250992,0.78262951,0.16399128
"3400",117,132,0,0.03895522,0.03193393,0.8611212,0.58809044,0.75614571,0.71722521,0.14969965
"3401",118,132,0,0.03570076,0.02960433,0.78917998,0.53895921,0.69297453,0.65730559,0.07971172
"3402",119,132,0.01692329,0,0.03200111,0.83429944,0.56967445,0.73261385,0.69490458,0.13518178
"3403",120,132,0.02101027,0,0.04014258,1.03054004,0.70367101,0.90493636,0.85835728,0.07342561
"3404",121,132,0.02095982,0,0.04005133,1.03054004,0.70367101,0.90493636,0.85835728,0.0580595
"3405",122,132,0.02092754,0,0.04007984,1.03054004,0.70367101,0.90493636,0.85835728,0.06464355
"3406",123,132,0.02075123,0,0.03970115,1.01964874,0.69623423,0.8953725,0.84928569,0.08459885
"3407",124,132,0.0242168,0,0.04269669,1.02509439,0.69995262,0.90015443,0.85382148,0.10594672
"3408",125,132,0.1980407,0,0.06608255,0.92085753,0.62877785,0.80862211,0.76700054,0.11139507
"3409",114,133,0,0.04115237,0.03492575,0.90966509,0.62113544,0.79879382,0.75767812,0.07054355
"3410",115,133,0,0.04567655,0.03904181,1.00967121,0.6894214,0.88661105,0.84097521,0.14243107
"3411",116,133,0,0.0336661,0.02846157,0.74418262,0.50814108,0.65348059,0.61984449,0.08136392
"3412",117,133,0,0.0187611,0.01531034,0.41471034,0.28317157,0.36416486,0.34542048,0.03303297
"3413",118,133,0,0.00448164,0.00384129,0.09906566,0.06764379,0.0869914,0.08251376,0.01326466
"3414",119,133,0.01694117,0,0.03247964,0.83193385,0.56805918,0.73053658,0.69293424,0.12387425
"3415",120,133,0.02084943,0,0.03935414,1.026,0.70057099,0.90094967,0.85457579,0.10803953
"3416",121,133,0.02003261,0,0.03797638,0.99008048,0.6760445,0.86940807,0.8246577,0.04811421
"3417",122,133,0.02075879,0,0.03955983,1.026,0.70057099,0.90094967,0.85457579,0.12182714
"3418",123,133,0.02406377,0,0.04147553,1.026,0.70057099,0.90094967,0.85457579,0.18643239
"3419",124,133,0.04484569,0,0.06226946,1.026,0.70057099,0.90094967,0.85457579,0.0982312
"3420",125,133,0.05536806,0,0.0599546,0.83567175,0.57061148,0.73381889,0.6960476,0.0609531
"3421",115,134,0,0.02991164,0.02518192,0.66119089,0.45147286,0.58060401,0.55071903,0.07824112
"3422",116,134,0,0.03117172,0.02602826,0.68904485,0.47049204,0.60506309,0.57391915,0.10075964
"3423",117,134,0,0,0.03090311,0.85484643,0.5837043,0.75065654,0.71201858,0.05814252
"3424",118,134,0,0.03736948,0.02986192,0.82604493,0.56403812,0.7253654,0.68802923,0.04200019
"3425",119,134,0.01814261,0,0.03512025,0.89826407,0.61335063,0.78878237,0.74818199,0.08424845
"3426",120,134,0.01934317,0,0.03741744,0.95742454,0.65374645,0.84073228,0.79745792,0.0687773
"3427",121,134,0.01524925,0,0.03482882,0.76222461,0.52046047,0.66932359,0.63487202,0.07688833
"3428",122,134,0.01844509,0,0.04117469,0.91532203,0.62499811,0.80376128,0.7623899,0.17919493
"3429",123,134,0.22001988,0,0.07301224,1.02070193,0.69695337,0.89629733,0.85016291,0.42000911
"3430",124,134,0.21558177,0,0.07122665,0.99966864,0.68259147,0.87782761,0.83264387,0.20589584
"3431",125,134,0.2210774,0,0.07321223,1.02145125,0.69746502,0.89695532,0.85078704,0.08893121
"3432",126,134,0.09626059,0,0.03192264,0.44539605,0.30412431,0.39111054,0.37097922,0.13214924
"3433",121,135,0.01288319,0,0.025588,0.6446971,0.44021061,0.5661205,0.53698102,0.21941931
"3434",122,135,0.0441235,0,0.06171676,1.01689324,0.69435273,0.89295285,0.84699058,0.09977513
"3435",123,135,0.21786171,0,0.06874951,1.01689324,0.69435273,0.89295285,0.84699058,0.10554364
"3436",124,135,0.2187245,0,0.07336331,1.01689324,0.69435273,0.89295285,0.84699058,0.05781658
"3437",125,135,0.21830201,0,0.07306573,1.01689324,0.69435273,0.89295285,0.84699058,0.02937769
"3438",126,135,0.21564671,0,0.07178596,0.99605109,0.68012134,0.87465097,0.82963075,0.11047864
"3439",129,135,0.02647422,0,0.03096987,0.53834679,0.36759273,0.47273232,0.44839973,0.08892307
"3440",130,135,0.03832152,0,0.04497595,0.78488124,0.53593082,0.68921881,0.65374318,0.03597644
"3441",122,136,0.02388221,0,0.03719779,0.59769404,0.40811609,0.52484625,0.49783124,0.11232431
"3442",123,136,0.04047545,0,0.06300262,1.01232597,0.69123411,0.88894224,0.84318641,0.11649844
"3443",124,136,0.21906332,0,0.07166529,1.01232597,0.69123411,0.88894224,0.84318641,0.08876666
"3444",125,136,0.21693676,0,0.07272775,1.01232597,0.69123411,0.88894224,0.84318641,0.06824096
"3445",126,136,0.21662058,0,0.07380794,1.01232597,0.69123411,0.88894224,0.84318641,0.089177
"3446",123,137,0.01573169,0,0.02448249,0.39338463,0.26860999,0.34543835,0.32765787,0.11012879
"3447",124,137,0.02360343,0,0.03672707,0.59013058,0.40295162,0.51820463,0.49153148,0.05412417
"3448",125,137,0.15868138,0,0.05253618,0.73385494,0.50108916,0.64441166,0.61124236,0.09100014
"3449",126,137,0.03705827,0,0.04337421,0.75618102,0.51633381,0.66401661,0.6298382,0.14454978
"3450",222,137,0.00954967,0.28213634,0.0663496,0.99794406,0.68814632,0.87691871,0.83089952,0.0151018
"3451",223,137,0.00963662,0.24722479,0.06633461,0.99794406,0.68814632,0.87691871,0.83089952,0.01325503
"3452",224,137,0.00961352,0.21922042,0.0662506,0.99794406,0.68814632,0.87691871,0.83089952,0.00999411
"3453",226,137,0,0.21380869,0.05306412,0.99794406,0.68814632,0.87691871,0.83089952,0.00520278
"3454",227,137,0.00945792,0.24272541,0.06598597,0.99276548,0.68457536,0.87236816,0.82658778,0.00907262
"3455",221,138,0.00961114,0.26168,0.0660308,0.99340397,0.68501564,0.87292922,0.8271194,0.00656585
"3456",222,138,0,0.26849306,0,0.99340397,0.68501564,0.87292922,0.8271194,0.00434239
"3457",223,138,0.00972511,0.20850545,0.06584556,0.99340397,0.68501564,0.87292922,0.8271194,0.02353278
"3458",224,138,0.00959086,0.26290078,0.06631688,0.99340397,0.68501564,0.87292922,0.8271194,0.01162285
"3459",225,138,0,0.26280433,0,0.99340397,0.68501564,0.87292922,0.8271194,0.02598364
"3460",226,138,0,0.23274379,0,0.99340397,0.68501564,0.87292922,0.8271194,0.03674315
"3461",227,138,0,0.27463082,0,0.99340397,0.68501564,0.87292922,0.8271194,0.0144462
"3462",228,138,0,0.2285724,0,0.82193941,0.56677985,0.72225897,0.68435606,0.0152723
"3463",229,138,0,0.03039919,0,0.12454247,0.08588,0.10943862,0.10369547,0
"3464",230,138,0,0.00060304,0,0.00244342,0.00168489,0.00214709,0.00203442,0
"3465",196,139,0,0.09542357,0,0.44043225,0.30370623,0.38701897,0.36670888,0
"3466",210,139,0,0.1621463,0,0.79331246,0.54703973,0.69710374,0.66052094,0.01982476
"3467",218,139,0,0.23058927,0,0.98757658,0.68144148,0.86637819,0.82162409,0.00382123
"3468",219,139,0,0.24506959,0,0.98885472,0.68187864,0.86893168,0.82333164,0.00653796
"3469",220,139,0,0.2686732,0,0.98885472,0.68187864,0.86893168,0.82333164,0.0208037
"3470",221,139,0.00956437,0.27599177,0.06576851,0.98885472,0.68187864,0.86893168,0.82333164,0.05844306
"3471",222,139,0,0.26057259,0,0.98885472,0.68187864,0.86893168,0.82333164,0.01439063
"3472",223,139,0,0.2625265,0,0.98885472,0.68187864,0.86893168,0.82333164,0.01789393
"3473",224,139,0,0.27673971,0,0.98885472,0.68187864,0.86893168,0.82333164,0.03201659
"3474",225,139,0,0.28021018,0,0.98885472,0.68187864,0.86893168,0.82333164,0.06980934
"3475",226,139,0.00951764,0.26392029,0.06606539,0.98885472,0.68187864,0.86893168,0.82333164,0.03367275
"3476",227,139,0.00954829,0.2876903,0.06599353,0.98885472,0.68187864,0.86893168,0.82333164,0.01704887
"3477",228,139,0.00954733,0.26417792,0.06601339,0.98885472,0.68187864,0.86893168,0.82333164,0.01257959
"3478",229,139,0,0.30379795,0,0.95355328,0.65753603,0.8379114,0.79393926,0.00695225
"3479",230,139,0,0.08279682,0,0.40953013,0.28239725,0.3598645,0.34097943,0
"3480",196,140,0,0.08243008,0,0.38047878,0.26236448,0.33433634,0.31679094,0
"3481",197,140,0,0.08794615,0,0.40616295,0.28007536,0.35690567,0.33817588,0.01476582
"3482",211,140,0,0.36282434,0,0.98429685,0.67873569,0.86492656,0.8195367,0.00636929
"3483",212,140,0,0.31440913,0,0.98429685,0.67873569,0.86492656,0.8195367,0.00659706
"3484",213,140,0,0.29107099,0,0.98429685,0.67873569,0.86492656,0.8195367,0.02672869
"3485",214,140,0,0.31207708,0,0.98429685,0.67873569,0.86492656,0.8195367,0.01075291
"3486",215,140,0,0.25667203,0,0.98429685,0.67873569,0.86492656,0.8195367,0.02349038
"3487",216,140,0,0.26405485,0,0.98429685,0.67873569,0.86492656,0.8195367,0.01525725
"3488",217,140,0,0.27280772,0,0.98429685,0.67873569,0.86492656,0.8195367,0.03047708
"3489",218,140,0,0.26490266,0,0.98429685,0.67873569,0.86492656,0.8195367,0.01379798
"3490",219,140,0,0.27155632,0,0.98429685,0.67873569,0.86492656,0.8195367,0.04810475
"3491",220,140,0,0.23625004,0,0.89098598,0.61439188,0.78293194,0.74184502,0
"3492",221,140,0,0.27880931,0,0.98429685,0.67873569,0.86492656,0.8195367,0.0296698
"3493",222,140,0,0.25707221,0,0.98429685,0.67873569,0.86492656,0.8195367,0.04148969
"3494",223,140,0,0.23315637,0,0.98429685,0.67873569,0.86492656,0.8195367,0.01304624
"3495",224,140,0,0.25539336,0,0.98429685,0.67873569,0.86492656,0.8195367,0.00396764
"3496",225,140,0,0.27726896,0,0.98429685,0.67873569,0.86492656,0.8195367,0.00378641
"3497",226,140,0,0.27212946,0,0.98429685,0.67873569,0.86492656,0.8195367,0.04260816
"3498",227,140,0,0.28657919,0,0.98429685,0.67873569,0.86492656,0.8195367,0.01638965
"3499",228,140,0,0.28172411,0,0.98423753,0.67869479,0.86487443,0.81948731,0.04531589
"3500",229,140,0,0.09439139,0,0.38330076,0.26431041,0.33681608,0.31914055,0.01040651
"3501",230,140,0,0.0009998,0,0.00653806,0.00450841,0.00574516,0.00544367,0
"3502",195,141,0,0.10726878,0,0.50827141,0.35048568,0.44663095,0.42319253,0
"3503",196,141,0,0.19006273,0,0.87908006,0.60618198,0.77246991,0.73193202,0.00433889
"3504",197,141,0,0.19747436,0,0.91120793,0.62833621,0.80070148,0.75868204,0.00565252
"3505",198,141,0,0.15411595,0,0.67937898,0.4684753,0.59698751,0.56565863,0.05567171
"3506",199,141,0,0.15390971,0,0.72174481,0.49768926,0.63421544,0.60093291,0.01676953
"3507",200,141,0,0.11487452,0,0.54565388,0.37626329,0.47947988,0.4543176,0
"3508",208,141,0,0.11434426,0,0.50293644,0.34680688,0.44194299,0.41875058,0.00398324
"3509",211,141,0,0.21181894,0,0.84675213,0.5838898,0.74406253,0.70501541,0.00761686
"3510",212,141,0,0.22566827,0,0.9797298,0.67558642,0.86091338,0.81573413,0.01079984
"3511",213,141,0,0.27527726,0,0.9797298,0.67558642,0.86091338,0.81573413,0
"3512",214,141,0,0.24852325,0,0.9797298,0.67558642,0.86091338,0.81573413,0.00396077
"3513",215,141,0,0.26918025,0,0.9797298,0.67558642,0.86091338,0.81573413,0.00860575
"3514",216,141,0,0.24853721,0,0.9797298,0.67558642,0.86091338,0.81573413,0.00831286
"3515",217,141,0,0.27236116,0,0.9797298,0.67558642,0.86091338,0.81573413,0.02656341
"3516",218,141,0,0.27672536,0,0.9797298,0.67558642,0.86091338,0.81573413,0.00297972
"3517",219,141,0,0.20789059,0,0.75975446,0.52389934,0.66761548,0.63258017,0.01918887
"3518",220,141,0,0.06557113,0,0.28557547,0.19692257,0.25094239,0.23777337,0
"3519",221,141,0,0.25425353,0,0.9797298,0.67558642,0.86091338,0.81573413,0.01845714
"3520",222,141,0,0.26107697,0,0.9797298,0.67558642,0.86091338,0.81573413,0.05408
"3521",223,141,0,0.27141506,0,0.9797298,0.67558642,0.86091338,0.81573413,0.0426462
"3522",224,141,0,0.26536271,0,0.9797298,0.67558642,0.86091338,0.81573413,0.04449374
"3523",225,141,0,0.28051876,0,0.9797298,0.67558642,0.86091338,0.81573413,0.02118416
"3524",226,141,0,0.27339564,0,0.9797298,0.67558642,0.86091338,0.81573413,0.01844764
"3525",227,141,0,0.26481482,0,0.9797298,0.67558642,0.86091338,0.81573413,0.00313837
"3526",228,141,0,0.18019198,0,0.71131271,0.49049565,0.62504848,0.59224702,0.00217571
"3527",195,142,0,0.12642946,0,0.60053987,0.41411069,0.52770958,0.50001629,0.00251625
"3528",196,142,0,0.19436351,0,0.84039418,0.57950559,0.73847564,0.69972171,0.00737283
"3529",197,142,0,0.22669435,0,0.96381228,0.66461027,0.84692625,0.80248102,0.0075122
"3530",198,142,0,0.23080097,0,0.97515466,0.67243157,0.85689309,0.81192482,0.01476665
"3531",199,142,0,0.22284258,0,0.97515466,0.67243157,0.85689309,0.81192482,0.00418167
"3532",200,142,0,0.21940207,0,0.97515466,0.67243157,0.85689309,0.81192482,0.01313704
"3533",201,142,0,0.22657567,0,0.94180482,0.64943472,0.82758774,0.78415736,0.00253552
"3534",202,142,0,0.13967036,0,0.66343395,0.45748018,0.58297621,0.55238262,0.00695487
"3535",206,142,0,0.17933972,0,0.81417128,0.56142322,0.71543291,0.67788823,0
"3536",207,142,0.00950808,0.22884949,0.06437612,0.97123474,0.66972853,0.85344855,0.80866104,0.01051052
"3537",208,142,0.00954646,0.33817389,0.06463594,0.97515466,0.67243157,0.85689309,0.81192482,0.00918258
"3538",209,142,0,0.25977258,0,0.92803843,0.63994191,0.81549086,0.77269531,0.02607983
"3539",210,142,0,0.21175036,0,0.70916912,0.48901751,0.62316486,0.59046224,0.09415195
"3540",211,142,0.00902651,0.36648601,0.06111558,0.92204341,0.63580796,0.81022288,0.76770378,0.11840094
"3541",212,142,0.00954646,0.37572914,0.06463594,0.97515466,0.67243157,0.85689309,0.81192482,0.01679891
"3542",213,142,0,0.35546082,0,0.97515466,0.67243157,0.85689309,0.81192482,0.00851189
"3543",214,142,0.00954646,0.22761451,0.06463599,0.97515466,0.67243157,0.85689309,0.81192482,0
"3544",215,142,0,0.35728795,0.05170875,0.97515466,0.67243157,0.85689309,0.81192482,0
"3545",216,142,0,0.24949845,0,0.97515466,0.67243157,0.85689309,0.81192482,0.01595149
"3546",217,142,0,0.24223594,0,0.97515466,0.67243157,0.85689309,0.81192482,0.09428376
"3547",218,142,0,0.27329069,0,0.97515466,0.67243157,0.85689309,0.81192482,0.01815493
"3548",219,142,0,0.20539987,0,0.88672578,0.6114542,0.77918839,0.73829793,0
"3549",220,142,0,0.16600195,0,0.63118313,0.43524118,0.5546366,0.52553022,0
"3550",221,142,0,0.31945322,0,0.97515466,0.67243157,0.85689309,0.81192482,0.00651282
"3551",222,142,0.00941327,0.249566,0.06472401,0.97515466,0.67243157,0.85689309,0.81192482,0.00877486
"3552",223,142,0,0.25270449,0,0.97515466,0.67243157,0.85689309,0.81192482,0.02597617
"3553",224,142,0,0.27235266,0,0.97515466,0.67243157,0.85689309,0.81192482,0.21397157
"3554",225,142,0,0.28749202,0,0.97515466,0.67243157,0.85689309,0.81192482,0.02403276
"3555",226,142,0,0.27879318,0,0.97515466,0.67243157,0.85689309,0.81192482,0.00462678
"3556",227,142,0,0.21029034,0,0.66939824,0.46159294,0.58821718,0.55734855,0
"3557",228,142,0,0.0595397,0,0.18834198,0.12987385,0.16550087,0.15681567,0
"3558",229,142,0,0.00414062,0,0.0270771,0.01867139,0.02379333,0.0225447,0
"3559",198,143,0,0.11532087,0,0.48688141,0.3357359,0.42783502,0.40538298,0
"3560",199,143,0,0.16786509,0,0.69474753,0.4790729,0.61049224,0.57845466,0.00619974
"3561",200,143,0,0.13421362,0,0.61331508,0.42292002,0.53893549,0.51065308,0.01367986
"3562",201,143,0,0.18027373,0,0.70577552,0.48667741,0.62018282,0.58763669,0.00655751
"3563",202,143,0,0.15773157,0,0.69449785,0.47890073,0.61027284,0.57824677,0.02689276
"3564",203,143,0,0.17959316,0,0.8184455,0.56437057,0.71918878,0.68144699,0.01691349
"3565",205,143,0,0.16321729,0,0.75181484,0.51842447,0.66063873,0.62596955,0.01710217
"3566",206,143,0,0.22404613,0,0.9652958,0.66563325,0.84822985,0.80371621,0.00666353
"3567",207,143,0.00950158,0.31335858,0.06433208,0.97057036,0.6692704,0.85286475,0.80810788,0.0190802
"3568",208,143,0.00950158,0.28304801,0.06433213,0.97057036,0.6692704,0.85286475,0.80810788,0.00375154
"3569",209,143,0,0.24063756,0,0.97057036,0.6692704,0.85286475,0.80810788,0
"3570",210,143,0,0.28728828,0,0.97057036,0.6692704,0.85286475,0.80810788,0.02306753
"3571",211,143,0.00950158,0.24734095,0.06433208,0.97057036,0.6692704,0.85286475,0.80810788,0.01185488
"3572",212,143,0.00950158,0.26295787,0.06433213,0.97057036,0.6692704,0.85286475,0.80810788,0.02119739
"3573",213,143,0.00950158,0.27184361,0.06433208,0.97057036,0.6692704,0.85286475,0.80810788,0.01328414
"3574",214,143,0.00950158,0.28205881,0.06433208,0.97057036,0.6692704,0.85286475,0.80810788,0.03349859
"3575",215,143,0.00950158,0.32407904,0.06433208,0.97057036,0.6692704,0.85286475,0.80810788,0
"3576",216,143,0,0.25649123,0,0.97057036,0.6692704,0.85286475,0.80810788,0.02010901
"3577",217,143,0,0.24684511,0,0.97057036,0.6692704,0.85286475,0.80810788,0.05107211
"3578",218,143,0,0.24295914,0,0.97057036,0.6692704,0.85286475,0.80810788,0.00934633
"3579",219,143,0,0.24766019,0,0.97057036,0.6692704,0.85286475,0.80810788,0.04460679
"3580",220,143,0,0.22661618,0,0.97057036,0.6692704,0.85286475,0.80810788,0.01553482
"3581",221,143,0,0.2499385,0,0.97057036,0.6692704,0.85286475,0.80810788,0.01386549
"3582",222,143,0.00930945,0.23177978,0.06566374,0.97057036,0.6692704,0.85286475,0.80810788,0.00217926
"3583",223,143,0,0.22967757,0,0.97057036,0.6692704,0.85286475,0.80810788,0.03217158
"3584",224,143,0,0.26486442,0,0.97057036,0.6692704,0.85286475,0.80810788,0.01280345
"3585",225,143,0,0.29199327,0,0.97057036,0.6692704,0.85286475,0.80810788,0.00375639
"3586",226,143,0,0.28361333,0,0.96961478,0.66861147,0.85202505,0.80731225,0.01826024
"3587",227,143,0,0.06812936,0,0.24782467,0.17089098,0.21776981,0.20634163,0.00322623
"3588",199,144,0,0.188029,0,0.84659736,0.58378308,0.74392653,0.70488655,0.00359069
"3589",200,144,0,0.09128306,0,0.4130936,0.28485449,0.36299581,0.34394641,0.00937519
"3590",205,144,0,0.16577144,0,0.73422505,0.50629518,0.64518214,0.61132409,0.00457617
"3591",206,144,0,0.21205049,0,0.93257905,0.64307296,0.81948082,0.77647588,0.01607107
"3592",207,144,0.00945662,0.26225857,0.06402768,0.96597797,0.66610366,0.8488293,0.8042842,0.01555276
"3593",208,144,0.00945662,0.22329913,0.06402768,0.96597797,0.66610366,0.8488293,0.8042842,0
"3594",209,144,0.00945662,0.25897733,0.06402768,0.96597797,0.66610366,0.8488293,0.8042842,0.00411416
"3595",210,144,0.00945662,0.27803457,0.06402774,0.96597797,0.66610366,0.8488293,0.8042842,0.00509785
"3596",211,144,0.00945662,0.22946968,0.06402768,0.96597797,0.66610366,0.8488293,0.8042842,0
"3597",212,144,0,0.22812923,0,0.96597797,0.66610366,0.8488293,0.8042842,0.02387378
"3598",213,144,0,0.24855064,0,0.96597797,0.66610366,0.8488293,0.8042842,0.01646675
"3599",214,144,0.00945662,0.22119835,0.06402768,0.96597797,0.66610366,0.8488293,0.8042842,0.00884113
"3600",215,144,0.00945662,0.19089034,0.06402774,0.96597797,0.66610366,0.8488293,0.8042842,0
"3601",216,144,0,0.2238874,0,0.96597797,0.66610366,0.8488293,0.8042842,0.06195784
"3602",217,144,0,0.23335521,0,0.96597797,0.66610366,0.8488293,0.8042842,0.0180413
"3603",218,144,0,0.22712006,0,0.96597797,0.66610366,0.8488293,0.8042842,0.01577434
"3604",219,144,0,0.23193391,0,0.96597797,0.66610366,0.8488293,0.8042842,0.02540753
"3605",220,144,0,0.26750569,0,0.96597797,0.66610366,0.8488293,0.8042842,0.00793988
"3606",221,144,0,0.24682769,0,0.96597797,0.66610366,0.8488293,0.8042842,0.03170657
"3607",222,144,0,0.23098586,0,0.96597797,0.66610366,0.8488293,0.8042842,0.07974474
"3608",223,144,0,0.2602484,0,0.96597797,0.66610366,0.8488293,0.8042842,0.055506
"3609",224,144,0,0.2618354,0,0.96597797,0.66610366,0.8488293,0.8042842,0.02212258
"3610",225,144,0,0.25089496,0,0.88657047,0.6113471,0.77905192,0.73816862,0.01447864
"3611",226,144,0,0.12801196,0,0.43788907,0.30195255,0.38478421,0.3645914,0.00433139
"3612",227,144,0,0,0,0.00114432,0.00078908,0.00100555,0.00095278,0
"3613",197,145,0,0.09104487,0,0.39069356,0.26940822,0.34331232,0.32529588,0
"3614",198,145,0,0.15110146,0,0.64061059,0.44174201,0.56292074,0.53337963,0.00484348
"3615",199,145,0,0.23560855,0,0.96137641,0.66293059,0.84478579,0.80045289,0.00191213
"3616",200,145,0,0.22518941,0,0.96137641,0.66293059,0.84478579,0.80045289,0.03416884
"3617",201,145,0,0.17866865,0,0.81174512,0.55975023,0.71330099,0.67586818,0.0105294
"3618",205,145,0,0.20743065,0,0.94452434,0.65131,0.82997745,0.78642166,0.0602916
"3619",206,145,0,0.21541223,0,0.96137641,0.66293059,0.84478579,0.80045289,0.02351547
"3620",207,145,0.00941157,0.24634197,0.06372268,0.96137641,0.66293059,0.84478579,0.80045289,0.02496173
"3621",208,145,0.00941157,0.28516933,0.06372268,0.96137641,0.66293059,0.84478579,0.80045289,0.01957903
"3622",209,145,0.00941157,0.24215568,0.06372268,0.96137641,0.66293059,0.84478579,0.80045289,0.00871873
"3623",210,145,0.00941157,0.2244504,0.06372268,0.96137641,0.66293059,0.84478579,0.80045289,0.0300521
"3624",211,145,0.00941157,0.22994248,0.06372268,0.96137641,0.66293059,0.84478579,0.80045289,0.00379817
"3625",212,145,0,0.23464516,0,0.96137641,0.66293059,0.84478579,0.80045289,0.02456997
"3626",213,145,0,0.22003794,0,0.96137641,0.66293059,0.84478579,0.80045289,0.03820419
"3627",214,145,0.00941157,0.24939426,0.06372273,0.96137641,0.66293059,0.84478579,0.80045289,0.00622608
"3628",215,145,0.00941157,0.26409472,0.06372268,0.96137641,0.66293059,0.84478579,0.80045289,0.00398019
"3629",216,145,0,0.2527124,0,0.96137641,0.66293059,0.84478579,0.80045289,0.02327756
"3630",217,145,0,0.271846,0,0.96137641,0.66293059,0.84478579,0.80045289,0.05461781
"3631",218,145,0,0.23597193,0,0.96137641,0.66293059,0.84478579,0.80045289,0.03861899
"3632",219,145,0,0.22738436,0,0.96137641,0.66293059,0.84478579,0.80045289,0.04273465
"3633",220,145,0,0.27133308,0,0.96137641,0.66293059,0.84478579,0.80045289,0.02353114
"3634",221,145,0,0.25015407,0,0.96137641,0.66293059,0.84478579,0.80045289,0.02016663
"3635",222,145,0,0.22627068,0,0.96137641,0.66293059,0.84478579,0.80045289,0.00741838
"3636",223,145,0,0.24040107,0,0.96137641,0.66293059,0.84478579,0.80045289,0.01145552
"3637",224,145,0,0.25428572,0,0.96137641,0.66293059,0.84478579,0.80045289,0.00787316
"3638",225,145,0,0.23527182,0,0.86227761,0.59459561,0.75770516,0.7179421,0.02910453
"3639",226,145,0,0.11550665,0,0.29060358,0.20038978,0.25536073,0.24195984,0.00433174
"3640",227,145,0,0.02340025,0,0.05887278,0.04059655,0.051733,0.04901814,0.00030651
"3641",228,145,0,0,0,0.00021625,0.00014912,0.00019002,0.00018005,0
"3642",230,145,0,0.00053279,0,0.0022962,0.00158337,0.00201773,0.00191184,9.917e-05
"3643",199,146,0,0.09463514,0,0.38835746,0.26779733,0.34125953,0.32335082,0
"3644",205,146,0,0.20904443,0,0.93914192,0.64759848,0.82524778,0.7819402,0.01501822
"3645",206,146,0,0.24682985,0,0.95676676,0.65975194,0.84073518,0.79661484,0
"3646",207,146,0,0.27963594,0,0.95676676,0.65975194,0.84073518,0.79661484,0
"3647",208,146,0,0.26423907,0,0.95676676,0.65975194,0.84073518,0.79661484,0.02349079
"3648",209,146,0.00936644,0.25918839,0.06341714,0.95676676,0.65975194,0.84073518,0.79661484,0.02426968
"3649",210,146,0.00936644,0.23644257,0.06341714,0.95676676,0.65975194,0.84073518,0.79661484,0.01322591
"3650",211,146,0,0.24177764,0,0.95676676,0.65975194,0.84073518,0.79661484,0.00874814
"3651",212,146,0,0.23868091,0,0.95676676,0.65975194,0.84073518,0.79661484,0.04848751
"3652",213,146,0,0.23507858,0,0.95676676,0.65975194,0.84073518,0.79661484,0.02458748
"3653",214,146,0,0.263789,0,0.95676676,0.65975194,0.84073518,0.79661484,0.02051057
"3654",215,146,0,0.26268382,0,0.95676676,0.65975194,0.84073518,0.79661484,0.00301864
"3655",216,146,0,0.282591,0,0.95676676,0.65975194,0.84073518,0.79661484,0.00813191
"3656",217,146,0,0.32924301,0,0.95676676,0.65975194,0.84073518,0.79661484,0.00424351
"3657",218,146,0,0.22553505,0,0.95676676,0.65975194,0.84073518,0.79661484,0.03395476
"3658",219,146,0,0.2146102,0,0.95676676,0.65975194,0.84073518,0.79661484,0.05400284
"3659",220,146,0,0.21497616,0,0.95676676,0.65975194,0.84073518,0.79661484,0.02866446
"3660",221,146,0,0.22058267,0,0.95676676,0.65975194,0.84073518,0.79661484,0.04779406
"3661",222,146,0,0.22823188,0,0.95676676,0.65975194,0.84073518,0.79661484,0.02306912
"3662",223,146,0,0.23170855,0,0.95676676,0.65975194,0.84073518,0.79661484,0.01447289
"3663",224,146,0,0.24806847,0,0.95676676,0.65975194,0.84073518,0.79661484,0
"3664",225,146,0,0.23483572,0,0.95676676,0.65975194,0.84073518,0.79661484,0
"3665",226,146,0,0.30403323,0,0.95676676,0.65975194,0.84073518,0.79661484,0.00602156
"3666",227,146,0,0.32292493,0,0.95580633,0.65908966,0.83989122,0.79581518,0.0241379
"3667",228,146,0,0.28263561,0,0.92587004,0.63844667,0.81358544,0.77088988,0.00839629
"3668",229,146,0,0.27653514,0,0.9053062,0.62426659,0.79551548,0.7537682,0.00398977
"3669",230,146,0,0.22953327,0,0.67657533,0.46654201,0.59452387,0.56332428,0.00488903
"3670",231,146,0,0.00186226,0,0.00759826,0.00523949,0.00667678,0.0063264,0
"3671",205,147,0,0.08887371,0,0.3838891,0.26471611,0.33733307,0.31963041,0
"3672",206,147,0,0.13451993,0,0.58037077,0.4002028,0.50998649,0.48322327,0.00701557
"3673",207,147,0,0.22390731,0,0.77448775,0.53405889,0.68056199,0.64484727,0
"3674",208,147,0,0.18141667,0,0.82033186,0.56567133,0.72084637,0.68301759,0.00657971
"3675",209,147,0,0.2602412,0,0.95214849,0.65656734,0.83667698,0.79276961,0.08551755
"3676",210,147,0,0.23938006,0,0.95214849,0.65656734,0.83667698,0.79276961,0.06305837
"3677",211,147,0,0.25656843,0,0.95214849,0.65656734,0.83667698,0.79276961,0.05369877
"3678",212,147,0,0.24357542,0,0.95214849,0.65656734,0.83667698,0.79276961,0.0455319
"3679",213,147,0,0.22235709,0,0.95214849,0.65656734,0.83667698,0.79276961,0.02379067
"3680",214,147,0,0.21592947,0,0.95214849,0.65656734,0.83667698,0.79276961,0.02857568
"3681",215,147,0,0.22261727,0,0.95214849,0.65656734,0.83667698,0.79276961,0.015652
"3682",216,147,0,0.19842094,0,0.95214849,0.65656734,0.83667698,0.79276961,0.00472232
"3683",217,147,0,0.22751916,0,0.95214849,0.65656734,0.83667698,0.79276961,0.00768507
"3684",218,147,0,0.24036086,0,0.95214849,0.65656734,0.83667698,0.79276961,0.04127528
"3685",219,147,0,0.25585736,0,0.95214849,0.65656734,0.83667698,0.79276961,0.09041834
"3686",220,147,0,0.21364618,0,0.95214849,0.65656734,0.83667698,0.79276961,0.02674492
"3687",221,147,0,0.20826281,0,0.95214849,0.65656734,0.83667698,0.79276961,0.02198708
"3688",222,147,0,0.21352423,0,0.95214849,0.65656734,0.83667698,0.79276961,0.04573758
"3689",223,147,0,0.2317316,0,0.95214849,0.65656734,0.83667698,0.79276961,0.00691493
"3690",224,147,0,0.25385259,0,0.95214849,0.65656734,0.83667698,0.79276961,0
"3691",225,147,0,0.23829528,0,0.95214849,0.65656734,0.83667698,0.79276961,0.00738254
"3692",226,147,0,0.24745652,0,0.95214849,0.65656734,0.83667698,0.79276961,0.06935446
"3693",227,147,0,0.25181121,0,0.95214849,0.65656734,0.83667698,0.79276961,0.02603487
"3694",228,147,0,0.23140483,0,0.95214849,0.65656734,0.83667698,0.79276961,0.09305205
"3695",229,147,0,0.23969251,0,0.95214849,0.65656734,0.83667698,0.79276961,0.07597566
"3696",230,147,0,0.24046739,0,0.95214849,0.65656734,0.83667698,0.79276961,0.1411427
"3697",231,147,0,0.13870751,0,0.56693926,0.39094092,0.49818388,0.47204005,0.09778903
"3698",232,147,0,0.03643809,0,0.15654576,0.10794833,0.13756073,0.13034178,0.01232237
"3699",209,148,0,0.11142644,0,0.36876268,0.25428548,0.3240411,0.30703598,0.0976196
"3700",210,148,0,0.23340255,0,0.79304283,0.5468538,0.69686681,0.66029644,0.07546931
"3701",211,148,0,0.21798505,0,0.69278514,0.47771971,0.60876784,0.57682075,0.23845363
"3702",212,148,0,0.20332061,0,0.78730234,0.54289537,0.69182249,0.65551684,0.31075595
"3703",213,148,0,0.23190714,0,0.94235325,0.6498129,0.82806966,0.78461399,0.28541061
"3704",214,148,0,0.23668395,0,0.92758653,0.6396303,0.81509376,0.77231905,0.08797786
"3705",215,148,0,0.24986194,0,0.94752158,0.65337679,0.8326112,0.7889172,0.05403388
"3706",216,148,0,0.25499565,0,0.9371612,0.64623265,0.82350727,0.78029103,0.0468106
"3707",217,148,0,0.28881438,0,0.94752158,0.65337679,0.8326112,0.7889172,0.02056624
"3708",218,148,0,0.25685212,0,0.94752158,0.65337679,0.8326112,0.7889172,0.00980784
"3709",219,148,0,0.29417204,0,0.94752158,0.65337679,0.8326112,0.7889172,0.00351284
"3710",220,148,0,0.22333592,0,0.94752158,0.65337679,0.8326112,0.7889172,0.02111498
"3711",221,148,0,0.22076029,0,0.94752158,0.65337679,0.8326112,0.7889172,0.04396329
"3712",222,148,0,0.24422214,0,0.94752158,0.65337679,0.8326112,0.7889172,0.09758874
"3713",223,148,0,0.26011831,0,0.94752158,0.65337679,0.8326112,0.7889172,0.02259829
"3714",224,148,0,0.23068756,0,0.92657486,0.63893269,0.81420479,0.77147672,0.02134088
"3715",225,148,0,0.19253711,0,0.68650215,0.47338718,0.60324681,0.57158946,0.06474798
"3716",226,148,0,0.15648938,0,0.60931912,0.42016454,0.53542414,0.507326,0.05738993
"3717",227,148,0,0.15535882,0,0.65233208,0.44982473,0.57322071,0.54313908,0.15191351
"3718",228,148,0,0.14998506,0,0.63171269,0.43560634,0.55510193,0.52597114,0.07969084
"3719",229,148,0,0.12486392,0,0.51671739,0.35630973,0.45405265,0.43022475,0.03984686
"3720",230,148,0,0.11075589,0,0.45063409,0.31074105,0.39598358,0.37520304,0.05732759
"3721",231,148,0,0.13530522,0,0.46965401,0.32385651,0.41269687,0.39103925,0.01162272
"3722",232,148,0,0.17766697,0,0.63028957,0.43462501,0.5538514,0.52478623,0.14458753
"3723",233,148,0,0.01398662,0,0.05929233,0.04088586,0.05210167,0.04936746,0.03261364
"3724",217,149,0,0.22525896,0,0.57014574,0.39315199,0.50100149,0.4747098,0.00661134
"3725",218,149,0,0.28806978,0,0.73146077,0.50438903,0.6427531,0.60902252,0.04224875
"3726",219,149,0,0.23771161,0,0.63302904,0.43651405,0.55625864,0.52706715,0.02237891
"3727",220,149,0,0.16620608,0,0.63251188,0.43615744,0.5558042,0.52663656,0.00303199
"3728",221,149,0,0.15175492,0,0.48511801,0.33451993,0.42628547,0.40391475,0.01638274
"3729",222,149,0,0.08502722,0,0.27244325,0.18786707,0.23940278,0.22683934,0.00171663
"3730",10,43,0.13917912,0,0.37067618,0.45358728,0.31017088,0.39332175,0.37650488,0.04011912
"3731",15,43,0.02210241,0,0.09272278,1.39197466,0.95185653,1.207031,1.15542318,0
"3732",16,43,0.42582698,0,1.14086194,1.39197466,0.95185653,1.207031,1.15542318,0
"3733",17,43,0.01717628,0.30839773,0.09366964,1.39197466,0.95185653,1.207031,1.15542318,0.01449894
"3734",18,43,0,0.33633615,0.07180371,1.39197466,0.95185653,1.207031,1.15542318,0
"3735",19,43,0,0.33650458,0.0717419,1.39197466,0.95185653,1.207031,1.15542318,0.02977008
"3736",20,43,0.02039162,0.30480252,0.09463622,1.39197466,0.95185653,1.207031,1.15542318,0.005368
"3737",11,44,0.0214502,0,0.09086888,1.3829209,0.94566541,1.19918017,1.14790802,0.07457712
"3738",12,44,0.42400107,0,1.13541846,1.38838753,0.94940359,1.20392047,1.15244564,0.16900946
"3739",13,44,0.42392411,0,1.13223338,1.38838753,0.94940359,1.20392047,1.15244564,0.05109972
"3740",15,44,0.42644504,0,1.14406933,1.38838753,0.94940359,1.20392047,1.15244564,0
"3741",16,44,0.02159724,0,0.09134232,1.38838753,0.94940359,1.20392047,1.15244564,0.01193752
"3742",17,44,0,0.33490032,0.06591745,1.38838753,0.94940359,1.20392047,1.15244564,0.01737995
"3743",18,44,0,0.33583295,0.06416772,1.38838753,0.94940359,1.20392047,1.15244564,0
"3744",19,44,0,0.30890768,0.07151401,1.38838753,0.94940359,1.20392047,1.15244564,0
"3745",20,44,0.02235674,0.2552038,0.0873674,1.38838753,0.94940359,1.20392047,1.15244564,0
"3746",21,44,0.02235674,0.2552038,0.0873674,1.38838753,0.94940359,1.20392047,1.15244564,0
"3747",11,45,0.01784489,0,0.07562139,1.15082053,0.78695113,0.99791763,0.95525066,0.41124162
"3748",12,45,0.02083255,0,0.08856265,1.34672002,0.92091062,1.16778909,1.11785909,0.08489361
"3749",13,45,0.02158135,0,0.09111208,1.38478843,0.94694246,1.20079957,1.14945818,0.00430384
"3750",14,45,0.02181384,0,0.09107177,1.38478843,0.94694246,1.20079957,1.14945818,0.01436242
"3751",15,45,0,0.41018956,0,1.38478843,0.94694246,1.20079957,1.14945818,0.00656231
"3752",16,45,0,0.41018956,0,1.38478843,0.94694246,1.20079957,1.14945818,0.03795417
"3753",17,45,0,0.41018948,0,1.38478843,0.94694246,1.20079957,1.14945818,0.05234882
"3754",18,45,0,0.28814044,0.07132862,1.38478843,0.94694246,1.20079957,1.14945818,0.01896152
"3755",19,45,0.02444334,0.6136917,0.08773315,1.38478843,0.94694246,1.20079957,1.14945818,0
"3756",20,45,0,0.25454224,0.06911083,1.38478843,0.94694246,1.20079957,1.14945818,0.01257709
"3757",21,45,0,0.30649706,0.06585942,1.38478843,0.94694246,1.20079957,1.14945818,0.01301382
"3758",22,45,0.31386884,0.25454224,1.134794,1.38478843,0.94694246,1.20079957,1.14945818,0.00425078
"3759",11,46,0.01800759,0,0.07622989,1.1583559,0.79210395,1.00445182,0.96150548,0.15022582
"3760",12,46,0.02138656,0,0.09081608,1.38117737,0.94447316,1.19766829,1.14646078,0.08163922
"3761",13,46,0.02139407,0,0.09079831,1.38117737,0.94447316,1.19766829,1.14646078,0.00672492
"3762",14,46,0.02153803,0,0.09077431,1.38117737,0.94447316,1.19766829,1.14646078,0
"3763",15,46,0.02162832,0,0.09102361,1.38117737,0.94447316,1.19766829,1.14646078,0.0245093
"3764",16,46,0,0.40911992,0,1.38117737,0.94447316,1.19766829,1.14646078,0.06070866
"3765",17,46,0,0.33411904,0,1.38117737,0.94447316,1.19766829,1.14646078,0
"3766",18,46,0,0.33505143,0,1.38117737,0.94447316,1.19766829,1.14646078,0
"3767",19,46,0,0.33520595,0,1.38117737,0.94447316,1.19766829,1.14646078,0
"3768",20,46,0,0.33530717,0,1.38117737,0.94447316,1.19766829,1.14646078,0.02067837
"3769",21,46,0,0.29583681,0,1.38117737,0.94447316,1.19766829,1.14646078,0.0186919
"3770",22,46,0,0.2995977,0.06568768,1.38117737,0.94447316,1.19766829,1.14646078,0.09340155
"3771",9,47,0.00697076,0,0.02973325,0.45228805,0.30928245,0.39219515,0.37542645,0.03117351
"3772",10,47,0.01224621,0,0.05184156,0.78814442,0.53894689,0.68342821,0.65420755,0.12769818
"3773",11,47,0.01970412,0,0.08344511,1.26813323,0.8671716,1.09964367,1.0526273,0.12830963
"3774",12,47,0.02140788,0,0.09064551,1.37755489,0.94199604,1.19452711,1.1434539,0.02510712
"3775",13,47,0.02166434,0,0.09087743,1.37755489,0.94199604,1.19452711,1.1434539,0.00580126
"3776",14,47,0.0210284,0,0.09078245,1.37755489,0.94199604,1.19452711,1.1434539,0.00705354
"3777",15,47,0.02184286,0,0.09104589,1.37755489,0.94199604,1.19452711,1.1434539,0.01860409
"3778",16,47,0.02204305,0,0.09127402,1.37755489,0.94199604,1.19452711,1.1434539,0
"3779",17,47,0,0.30211241,0.07095603,1.37755489,0.94199604,1.19452711,1.1434539,0.00712201
"3780",18,47,0,0.33358781,0,1.37755489,0.94199604,1.19452711,1.1434539,0.03482537
"3781",19,47,0,0.33377418,0,1.37755489,0.94199604,1.19452711,1.1434539,0.01885172
"3782",20,47,0,0.29727369,0.07095603,1.37755489,0.94199604,1.19452711,1.1434539,0.02704284
"3783",21,47,0.2030443,0.30162119,1.15383069,1.37755489,0.94199604,1.19452711,1.1434539,0.01999284
"3784",9,48,0.00920427,0,0.03843012,0.57830645,0.39545603,0.50147021,0.48002934,0.02341032
"3785",10,48,0.02029404,0,0.08564367,1.30189828,0.89026073,1.12892255,1.08065433,0.03893597
"3786",11,48,0.02139857,0,0.09031009,1.3739199,0.93951037,1.19137508,1.14043664,0.00579416
"3787",12,48,0.0212565,0,0.09034509,1.3739199,0.93951037,1.19137508,1.14043664,0.04317391
"3788",13,48,0.02111146,0,0.09036526,1.3739199,0.93951037,1.19137508,1.14043664,0.01717344
"3789",14,48,0.02118862,0,0.0903761,1.3739199,0.93951037,1.19137508,1.14043664,0.03810073
"3790",15,48,0.02181397,0,0.0908668,1.3739199,0.93951037,1.19137508,1.14043664,0.00729713
"3791",16,48,0.02137504,0,0.09037752,1.3739199,0.93951037,1.19137508,1.14043664,0.00374868
"3792",17,48,0,0.31121059,0.0707688,1.3739199,0.93951037,1.19137508,1.14043664,0.00377722
"3793",18,48,0,0.29995273,0.0707688,1.3739199,0.93951037,1.19137508,1.14043664,0
"3794",19,48,0,0.29077788,0.0707688,1.3739199,0.93951037,1.19137508,1.14043664,0.0253965
"3795",20,48,0.02316923,0.29651978,0.09951014,1.3739199,0.93951037,1.19137508,1.14043664,0.00895927
"3796",21,48,0.20426016,0.30669668,1.14061773,1.3739199,0.93951037,1.19137508,1.14043664,0.07222213
"3797",8,49,0.00815736,0,0.03453109,0.52497424,0.35898654,0.45522394,0.43576038,0.02724509
"3798",9,49,0.01992752,0,0.08500772,1.29305607,0.88421428,1.12125516,1.07331477,0.00668013
"3799",10,49,0.02128969,0,0.09095256,1.37027295,0.93701652,1.18821267,1.13740945,0.01490005
"3800",11,49,0.02134043,0,0.09006831,1.37027295,0.93701652,1.18821267,1.13740945,0.01086247
"3801",12,49,0.0211218,0,0.09012397,1.37027295,0.93701652,1.18821267,1.13740945,0.1127941
"3802",13,49,0.02122188,0,0.09034287,1.37027295,0.93701652,1.18821267,1.13740945,0.049474
"3803",14,49,0.02116257,0,0.09013549,1.37027295,0.93701652,1.18821267,1.13740945,0.01475128
"3804",15,49,0.02133409,0,0.09035936,1.37027295,0.93701652,1.18821267,1.13740945,0.01545836
"3805",16,49,0.02172272,0,0.09085936,1.37027295,0.93701652,1.18821267,1.13740945,0
"3806",17,49,0,0.30577669,0.07058095,1.37027295,0.93701652,1.18821267,1.13740945,0
"3807",18,49,0,0.2876904,0.07058096,1.37027295,0.93701652,1.18821267,1.13740945,0.03349827
"3808",19,49,0,0.28817445,0.07058095,1.37027295,0.93701652,1.18821267,1.13740945,0
"3809",20,49,0.02310772,0.29587031,0.099246,1.37027295,0.93701652,1.18821267,1.13740945,0.01078435
"3810",21,49,0,0.30313551,0.07058095,1.37027295,0.93701652,1.18821267,1.13740945,0.0157784
"3811",22,49,0.18868327,0.28284724,1.12018522,1.37027295,0.93701652,1.18821267,1.13740945,0
"3812",8,50,0.01047592,0,0.04424097,0.67374668,0.46071972,0.58422984,0.5592505,0.01485478
"3813",9,50,0.02122086,0,0.08983233,1.36645958,0.93440887,1.18490597,1.13424412,0.03911382
"3814",10,50,0.02104849,0,0.08988031,1.36661457,0.93451486,1.18504037,1.13437277,0.00670435
"3815",11,50,0.02124084,0,0.08996241,1.36661457,0.93451486,1.18504037,1.13437277,0.01838875
"3816",12,50,0.02096681,0,0.08985854,1.36661457,0.93451486,1.18504037,1.13437277,0.00814904
"3817",13,50,0.02117885,0,0.09011656,1.36661457,0.93451486,1.18504037,1.13437277,0.03066485
"3818",14,50,0.02137303,0,0.09025588,1.36661457,0.93451486,1.18504037,1.13437277,0.01474015
"3819",15,50,0.0214229,0,0.09055715,1.36661457,0.93451486,1.18504037,1.13437277,0.016316
"3820",16,50,0.02186163,0,0.09067875,1.36661457,0.93451486,1.18504037,1.13437277,0.0098887
"3821",17,50,0,0.29352394,0.0703925,1.36661457,0.93451486,1.18504037,1.13437277,0.0137399
"3822",18,50,0,0.28980558,0.07039251,1.36661457,0.93451486,1.18504037,1.13437277,0.09804928
"3823",19,50,0,0.29727738,0.07039251,1.36661457,0.93451486,1.18504037,1.13437277,0.02273116
"3824",20,50,0,0.28368584,0.07039251,1.36661457,0.93451486,1.18504037,1.13437277,0.00290995
"3825",21,50,0.02247049,0.29562085,0.0970034,1.36661457,0.93451486,1.18504037,1.13437277,0.00783604
"3826",10,51,0.01733081,0,0.07332451,1.11466315,0.76222609,0.96656428,0.92523785,0.01630267
"3827",11,51,0.01802884,0,0.07644789,1.16322485,0.79543342,1.00867386,0.965547,0.0754014
"3828",12,51,0.01968981,0,0.08333434,1.2666056,0.86612698,1.09831901,1.05135927,0.05609049
"3829",13,51,0.02121929,0,0.08968612,1.36294369,0.93200465,1.18185721,1.13132572,0.26154177
"3830",14,51,0,0.4037189,0,1.36294369,0.93200465,1.18185721,1.13132572,0.06416177
"3831",15,51,0.02118194,0,0.08965613,1.36294369,0.93200465,1.18185721,1.13132572,0.00526669
"3832",16,51,0.02125333,0,0.08978448,1.36294369,0.93200465,1.18185721,1.13132572,0.00993003
"3833",17,51,0.02241013,0.29540103,0.09674284,1.36294369,0.93200465,1.18185721,1.13132572,0.036308
"3834",18,51,0.02241013,0.28467381,0.09674291,1.36294369,0.93200465,1.18185721,1.13132572,0.01490238
"3835",19,51,0.02241013,0.28954249,0.09674284,1.36294369,0.93200465,1.18185721,1.13132572,0
"3836",20,51,0.02241013,0.29664156,0.09674284,1.36294369,0.93200465,1.18185721,1.13132572,0.01260392
"3837",21,51,0.19742844,0.30193978,1.11139685,1.36294369,0.93200465,1.18185721,1.13132572,0.00318451
"3838",14,52,0,0.32649313,0,1.10223164,0.75372521,0.95578447,0.91491895,0.5140655
"3839",15,52,0.02131918,0.40262817,0.08633916,1.35926139,0.92948662,1.17866416,1.12826919,0.06766615
"3840",16,52,0.02126072,0,0.09113274,1.35926139,0.92948662,1.17866416,1.12826919,0.16046502
"3841",17,52,0.02192099,0,0.09202413,1.35926139,0.92948662,1.17866416,1.12826919,0
"3842",18,52,0.02206147,0,0.09040432,1.35926139,0.92948662,1.17866416,1.12826919,0
"3843",19,52,0,0.29329145,0.07001375,1.35926139,0.92948662,1.17866416,1.12826919,0.0247704
"3844",20,52,0,0.40262817,0,1.35926139,0.92948662,1.17866416,1.12826919,0.01492094
"3845",14,53,0,0.19765469,0,0.66727668,0.45629542,0.57861947,0.55388001,0.0901669
"3846",15,53,0,0.37738702,0,1.27404797,0.87121621,1.10477256,1.05753689,0.03823423
"3847",16,53,0,0.40153404,0,1.35556766,0.92696079,1.1754612,1.12520317,0.01429764
"3848",17,53,0.01920148,0.30126628,0.09379254,1.35556766,0.92696079,1.1754612,1.12520317,0.00741723
"3849",18,53,0.02228885,0.29170112,0.09621928,1.35556766,0.92696079,1.1754612,1.12520317,0.01955912
"3850",19,53,0.021173,0.39986741,0.08574714,1.34994115,0.92311329,1.17058225,1.12053283,0.02401218
"3851",20,53,0,0.21819621,0,0.73662427,0.50371651,0.63875325,0.61144271,0.02307718
"3852",21,53,0.00654505,0.15125617,0.03442275,0.51063659,0.3491822,0.44279125,0.42385927,0.01933863
"3853",16,54,0,0.18988904,0,0.64106005,0.43836804,0.5558861,0.53211863,0.02961486
"3854",17,54,0,0.21311785,0,0.71947989,0.49199289,0.62388674,0.59721184,0.02318228
"3855",18,54,0,0.16421823,0,0.55439623,0.3791058,0.4807368,0.46018241,0.01845683
"3856",23,49,0.22121805,0,1.12920615,1.37358719,0.93714167,1.18821267,1.13740945,0.02428543
"3857",22,50,0.19591043,0.27577362,1.15732921,1.36661457,0.93451486,1.18504037,1.13437277,0
"3858",23,50,0.21477982,0,1.17809977,1.36991996,0.93463967,1.18504037,1.13437277,0
"3859",24,50,0.21220087,0,1.16919329,1.36991996,0.93463967,1.18504037,1.13437277,0.01215722
"3860",25,50,0.21222946,0,1.09233519,1.36991996,0.93463967,1.18504037,1.13437277,0.00193224
"3861",26,50,0.21616895,0,1.10333364,1.36991996,0.93463967,1.18504037,1.13437277,0
"3862",27,50,0.21741019,0,1.10713257,1.36991996,0.93463967,1.18504037,1.13437277,0.00572781
"3863",28,50,0.24713792,0,1.15092576,1.36991996,0.93463967,1.18504037,1.13437277,0.01035813
"3864",29,50,0.20410435,0,1.13166125,1.36991996,0.93463967,1.18504037,1.13437277,0.02324481
"3865",30,50,0.23915967,0,1.11729333,1.36991996,0.93463967,1.18504037,1.13437277,0.03671014
"3866",31,50,0.22796569,0,1.13478309,1.36991996,0.93463967,1.18504037,1.13437277,0.00744153
"3867",22,51,0.20542728,0.29451207,1.14314513,1.3662402,0.93212912,1.18185721,1.13132572,0.00423784
"3868",23,51,0.21439634,0,1.177371,1.3662402,0.93212912,1.18185721,1.13132572,0
"3869",24,51,0.20797615,0,1.15410163,1.3662402,0.93212912,1.18185721,1.13132572,0.00964038
"3870",25,51,0.20264807,0,1.13743584,1.3662402,0.93212912,1.18185721,1.13132572,0.02986929
"3871",26,51,0.18028663,0,1.09815106,1.3662402,0.93212912,1.18185721,1.13132572,0.01925817
"3872",27,51,0.19614171,0,1.11023624,1.3662402,0.93212912,1.18185721,1.13132572,0.00648513
"3873",28,51,0.19961705,0,1.12333881,1.3662402,0.93212912,1.18185721,1.13132572,0.05905049
"3874",29,51,0.19703516,0,1.11129418,1.3662402,0.93212912,1.18185721,1.13132572,0.31026132
"3875",30,51,0.20495222,0,1.14500406,1.3662402,0.93212912,1.18185721,1.13132572,0.07674823
"3876",31,51,0.19648996,0,1.11119461,1.3662402,0.93212912,1.18185721,1.13132572,0
"3877",32,51,0.19721756,0,1.11311305,1.3662402,0.93212912,1.18185721,1.13132572,0
"3878",33,51,0.17761753,0,1.09748505,1.3662402,0.93212912,1.18185721,1.13132572,0
"3879",34,51,0.23863616,0,1.12639537,1.3662402,0.93212912,1.18185721,1.13132572,0
"3880",35,51,0.22914932,0,1.10119815,1.3662402,0.93212912,1.18185721,1.13132572,0
"3881",21,52,0.01769121,0.40262817,0.09168795,1.36254899,0.92961076,1.17866416,1.12826919,0.0094587
"3882",22,52,0.20974635,0,1.15846169,1.36254899,0.92961076,1.17866416,1.12826919,0
"3883",23,52,0.19654563,0,1.1082893,1.36254899,0.92961076,1.17866416,1.12826919,0
"3884",24,52,0.22344745,0,1.20993595,1.36254899,0.92961076,1.17866416,1.12826919,0
"3885",25,52,0.20469691,0,1.14157129,1.36254899,0.92961076,1.17866416,1.12826919,0.00594543
"3886",26,52,0.20397707,0,1.14015673,1.36254899,0.92961076,1.17866416,1.12826919,0.01326736
"3887",27,52,0.21761479,0,1.09744843,1.36254899,0.92961076,1.17866416,1.12826919,0.03342958
"3888",28,52,0.21777428,0,1.09783948,1.36254899,0.92961076,1.17866416,1.12826919,0.13341456
"3889",29,52,0.0179602,0,0.09321433,1.36254899,0.92961076,1.17866416,1.12826919,0.26488034
"3890",30,52,0.21693253,0,1.09571868,1.36254899,0.92961076,1.17866416,1.12826919,0.06079596
"3891",31,52,0.21682713,0,1.09535912,1.36254899,0.92961076,1.17866416,1.12826919,0.02190158
"3892",32,52,0.20760098,0,1.04910217,1.30593791,0.89098737,1.12969311,1.08139195,0.0529698
"3893",33,52,0.18814108,0,0.95080286,1.18261031,0.80684605,1.02300937,0.97926958,0.03348881
"3894",34,52,0.16384048,0,0.82877053,1.03208628,0.70414974,0.89279954,0.85462699,0.01565929
"3895",35,52,0.1229492,0,0.6465475,0.7781239,0.53088172,0.67311102,0.64433149,0.02682739
"3896",36,52,0.09366821,0,0.48249874,0.57468327,0.3920826,0.49712603,0.47587091,0.01563551
"3897",22,53,0.00779873,0,0.04031632,0.59246224,0.40421246,0.51250561,0.49059292,0.00789553
"3898",23,53,0.00769303,0,0.03899536,0.55098125,0.37591169,0.47662275,0.45624426,0.03262271
"3899",24,53,0.0068941,0,0.03536671,0.52404103,0.3575315,0.45331829,0.43393621,0.01684639
"3900",25,53,0.0069929,0,0.03558057,0.51213006,0.34940513,0.44301478,0.42407324,0.00605212
"3901",26,53,0.00918139,0,0.04652486,0.67045518,0.45742381,0.5799729,0.55517558,0
"3902",27,53,0.00795216,0,0.04150713,0.61694164,0.42091374,0.53368136,0.51086328,0.06717905
"3903",28,53,0.1552118,0,0.78399479,0.97533456,0.66543039,0.84370682,0.80763329,0.20068594
"3904",29,53,0.13464638,0,0.68013026,0.8462589,0.57736741,0.73205076,0.7007512,0.22090309
"3905",30,53,0.07365384,0,0.37250021,0.46462025,0.31699116,0.40191673,0.38473238,0.09015108
"3906",31,53,0.0668474,0,0.33769672,0.41998448,0.28653802,0.36330485,0.34777138,0
"3907",39,49,0.21900732,0,1.20284054,1.37334169,0.93729184,1.18821267,1.13740945,0.05102572
"3908",40,49,0.21526404,0,1.16442828,1.37334169,0.93729184,1.18821267,1.13740945,0
"3909",35,50,0.25231738,0,1.14760794,1.36967512,0.93478945,1.18504037,1.13437277,0
"3910",36,50,0.20648201,0,1.13737067,1.36967512,0.93478945,1.18504037,1.13437277,0.00574635
"3911",37,50,0.22365611,0,1.11298677,1.36967512,0.93478945,1.18504037,1.13437277,0.02075861
"3912",38,50,0.21669086,0,1.10865763,1.36967512,0.93478945,1.18504037,1.13437277,0
"3913",39,50,0.21551153,0,1.18729051,1.36967512,0.93478945,1.18504037,1.13437277,0.03007682
"3914",40,50,0.2062515,0,1.1416092,1.36967512,0.93478945,1.18504037,1.13437277,0.00314514
"3915",36,51,0.20290481,0,1.15034822,1.36599602,0.93227849,1.18185721,1.13132572,0.00889097
"3916",37,51,0.23039476,0,1.25179657,1.36599602,0.93227849,1.18185721,1.13132572,0.00015101
"3917",38,51,0.22915049,0,1.22820895,1.36599602,0.93227849,1.18185721,1.13132572,0.05425972
"3918",39,51,0.22601375,0,1.21006064,1.36599602,0.93227849,1.18185721,1.13132572,0.08543006
"3919",40,51,0.22346688,0,1.2116428,1.36599602,0.93227849,1.18185721,1.13132572,0.04617869
"3920",41,51,0.22931802,0,1.22654936,1.36599602,0.93227849,1.18185721,1.13132572,0.01317373
"3921",42,51,0.22579109,0,1.23043058,1.36599602,0.93227849,1.18185721,1.13132572,0
"3922",43,51,0.22194139,0,1.1616014,1.36599602,0.93227849,1.18185721,1.13132572,0.01877384
"3923",37,52,0.09223324,0,0.47329778,0.55910706,0.38158493,0.48373839,0.46305567,0.02469357
"3924",38,52,0.09208171,0,0.50268709,0.55510965,0.37885673,0.48027984,0.45974499,0.03170766
"3925",39,52,0.1426161,0,0.80266542,0.835411,0.57015957,0.72279604,0.69189217,0.19874029
"3926",40,52,0.19477302,0,1.08813549,1.15678748,0.78949578,1.00085038,0.95805802,0.29082453
"3927",41,52,0.21338704,0,1.21062198,1.23502321,0.84289088,1.06853978,1.02285329,0.23390461
"3928",42,52,0.21820102,0,1.17416622,1.3474408,0.91961475,1.16580327,1.11595818,0.0810846
"3929",43,52,0.1433111,0,0.75582319,0.89687273,0.61210659,0.77597262,0.74279513,0.12255684
"3930",44,52,0.08868964,0,0.47640085,0.54238159,0.37016996,0.46926754,0.44920354,0.07506307
"3931",48,47,0.7481621,0,1.2382053,1.38606962,0.94266284,1.19452711,1.1434539,0.00751284
"3932",46,48,0.94164801,0,1.29525696,1.38241217,0.94017541,1.19137508,1.14043664,0.05336767
"3933",48,48,0.31833034,0.30882159,1.26847996,1.3765329,0.93963585,1.19137508,1.14043664,0.00378987
"3934",49,48,0.34085809,0.30495142,1.13313768,1.38241217,0.94017541,1.19137508,1.14043664,0.01905711
"3935",46,49,0.02988789,0,0.09405933,1.37874267,0.93767979,1.18821267,1.13740945,0.01826092
"3936",47,49,0.3365125,0,1.1179418,1.37874267,0.93767979,1.18821267,1.13740945,0.18438543
"3937",48,49,0.33620945,0,1.11632372,1.37874267,0.93767979,1.18821267,1.13740945,0.09246034
"3938",49,49,0.3363638,0,1.11687306,1.37874267,0.93767979,1.18821267,1.13740945,0.03088009
"3939",50,49,0.33622743,0.31472911,1.11615217,1.37874267,0.93767979,1.18821267,1.13740945,0.03308183
"3940",45,50,0.53898593,0,1.44659983,1.37506168,0.93517636,1.18504037,1.13437277,0.03171892
"3941",46,50,0.02901618,0,0.09249735,1.37506168,0.93517636,1.18504037,1.13437277,0.06501568
"3942",47,50,0.02983501,0.31985149,0.09377957,1.37506168,0.93517636,1.18504037,1.13437277,0.01273592
"3943",48,50,0.02996285,0,0.09857291,1.37506168,0.93517636,1.18504037,1.13437277,0.10490168
"3944",49,50,0.02995995,0,0.09857766,1.37506168,0.93517636,1.18504037,1.13437277,0.10528304
"3945",50,50,0.02889045,0,0.09171798,1.37506168,0.93517636,1.18504037,1.13437277,0.08181001
"3946",51,50,0.02932058,0,0.09418265,1.37506168,0.93517636,1.18504037,1.13437277,0.06439887
"3947",44,51,0.23470098,0,1.17891191,1.37136811,0.93266437,1.18185721,1.13132572,0.01575245
"3948",45,51,0.02898546,0,0.09265818,1.37136811,0.93266437,1.18185721,1.13132572,0.16978307
"3949",46,51,0.02987647,0,0.09831832,1.37136811,0.93266437,1.18185721,1.13132572,0.37869958
"3950",47,51,0.02987813,0,0.09831542,1.37136811,0.93266437,1.18185721,1.13132572,0.1070688
"3951",48,51,0.02937539,0,0.0951122,1.37136811,0.93266437,1.18185721,1.13132572,0.07871831
"3952",49,51,0.02723388,0,0.0854138,1.3073451,0.88912246,1.12668161,1.07850921,0.08893908
"3953",50,51,0.02455294,0,0.07854775,1.15875186,0.78806454,0.99862264,0.95592553,0.0811413
"3954",51,51,0.02548571,0,0.08162124,1.19886351,0.81534438,1.03319122,0.98901609,0.1795087
"3955",52,51,0.02921382,0,0.09411193,1.37132434,0.9326346,1.18181949,1.13128961,0.23065725
"3956",46,52,0.01749868,0,0.05758535,0.80321407,0.54626409,0.69221702,0.66262058,0.11203794
"3957",47,52,0.01786083,0,0.05554868,0.86582915,0.58884846,0.74617925,0.7142756,0.03799301
"3958",48,52,0.01080954,0,0.03423007,0.51343445,0.34918562,0.44248237,0.42356359,0.02264884
"3959",53,44,1.4151818,0,0,1.39666307,0.94986007,1.20392047,1.15244564,0.05631837
"3960",54,44,1.22500729,0,0,1.39666307,0.94986007,1.20392047,1.15244564,0.11220485
"3961",55,44,1.51995282,0,0.06962635,1.39666307,0.94986007,1.20392047,1.15244564,0.00502093
"3962",53,45,1.37405499,0,0,1.39304252,0.94739776,1.20079957,1.14945818,0.0824602
"3963",54,45,1.27796997,0,0.06944586,1.39304252,0.94739776,1.20079957,1.14945818,0.03256512
"3964",55,45,1.48915927,0,0,1.39304252,0.94739776,1.20079957,1.14945818,0.00265666
"3965",51,46,0.95048135,0,1.28293718,1.38940994,0.94492727,1.19766829,1.14646078,0.05162635
"3966",52,46,0.93558057,0,0.0961723,1.38940994,0.94492727,1.19766829,1.14646078,0.02449472
"3967",53,46,0.94560216,0,0.09593152,1.38940994,0.94492727,1.19766829,1.14646078,0.01316363
"3968",54,46,0.9379267,0,0.09562733,1.38940994,0.94492727,1.19766829,1.14646078,0.02695177
"3969",55,46,0.96136065,0,0.09562733,1.38940994,0.94492727,1.19766829,1.14646078,0.01957712
"3970",49,47,0.3197697,0,1.1633226,1.38606962,0.94266284,1.19452711,1.1434539,0.01590372
"3971",50,47,0.88277111,0,1.16648058,1.38576586,0.94244896,1.19452711,1.1434539,0
"3972",51,47,0.88467595,0,1.16679859,1.38576586,0.94244896,1.19452711,1.1434539,0.0393272
"3973",52,47,0.88789661,0,1.16593379,1.38576586,0.94244896,1.19452711,1.1434539,0.02157587
"3974",53,47,0.88224019,0,1.16686613,1.38576586,0.94244896,1.19452711,1.1434539,0.02247362
"3975",54,47,0.92184092,0,1.16871701,1.38576586,0.94244896,1.19452711,1.1434539,0.00910509
"3976",55,47,0.90819694,0,1.16895841,1.38576586,0.94244896,1.19452711,1.1434539,0
"3977",56,47,0.87306535,0,1.24192687,1.38576586,0.94244896,1.19452711,1.1434539,0.02741728
"3978",50,48,0.08073875,0.30467817,0.09438744,1.38210921,0.93996209,1.19137508,1.14043664,0
"3979",51,48,0.33738124,0.30892025,1.12077283,1.38210921,0.93996209,1.19137508,1.14043664,0.01161921
"3980",52,48,0.33820631,0.30724009,1.12474903,1.38210921,0.93996209,1.19137508,1.14043664,0.00404041
"3981",53,48,0.84885918,0,1.18119531,1.38210921,0.93996209,1.19137508,1.14043664,0.11154515
"3982",54,48,0.85269708,0,1.17820897,1.38210921,0.93996209,1.19137508,1.14043664,0.18596579
"3983",55,48,0.82935772,0,1.18193917,1.38210921,0.93996209,1.19137508,1.14043664,0.05019832
"3984",56,48,0.83871478,0,1.16155692,1.38210921,0.93996209,1.19137508,1.14043664,0
"3985",57,48,0.66206043,0,1.15785038,1.38210921,0.93996209,1.19137508,1.14043664,0
"3986",58,48,0.26397223,0,1.15111295,1.38210921,0.93996209,1.19137508,1.14043664,0
"3987",51,49,0.03004858,0.31257123,0.09390705,1.37844052,0.93746704,1.18821267,1.13740945,0.0232534
"3988",52,49,0.02981118,0.30635325,0.09411208,1.37844052,0.93746704,1.18821267,1.13740945,0.01275532
"3989",53,49,0.84074799,0,1.13139166,1.37844052,0.93746704,1.18821267,1.13740945,0.04630726
"3990",54,49,0.83523941,0,1.06133358,1.37844052,0.93746704,1.18821267,1.13740945,0.02164035
"3991",55,49,0.61138783,0,1.10651191,1.37844052,0.93746704,1.18821267,1.13740945,0
"3992",56,49,0.63887323,0,1.17616256,1.37844052,0.93746704,1.18821267,1.13740945,0
"3993",57,49,0.63483443,0,1.16692692,1.37844052,0.93746704,1.18821267,1.13740945,0
"3994",58,49,0.62410474,0.38146281,1.13068183,1.37844052,0.93746704,1.18821267,1.13740945,0
"3995",52,50,0.02916817,0,0.09380027,1.37476034,0.93496418,1.18504037,1.13437277,0.0130951
"3996",53,50,0.02852631,0,0.08954756,1.37476034,0.93496418,1.18504037,1.13437277,0.01324334
"3997",54,50,0.02960527,0,0.09628217,1.37476034,0.93496418,1.18504037,1.13437277,0.01889986
"3998",55,50,0.02851673,0.31570911,0.0898389,1.3727545,0.93446494,1.19783883,1.13575692,0
"3999",53,51,0.02838534,0.3020603,0.08880447,1.37106757,0.93245276,1.18185721,1.13132572,0.04919375
"4000",54,51,0.02766696,0.30202379,0.08404479,1.37106757,0.93245276,1.18185721,1.13132572,0.01493224
"4001",46,44,0,0,0.08579463,1.39161164,0.94969523,1.20392047,1.15244564,0
"4002",47,44,0.43542392,0,0.0853826,1.39102805,0.94953039,1.20392047,1.15244564,0
"4003",48,44,0.43661408,0,0.08819902,1.39161164,0.94969523,1.20392047,1.15244564,0
"4004",51,44,0.47004971,0,0.07962566,1.39161164,0.94969523,1.20392047,1.15244564,0
"4005",52,44,0.66861461,0,0.06860319,1.39161164,0.94969523,1.20392047,1.15244564,0.01131774
"4006",45,45,0,0,0.08596587,1.38800419,0.94723335,1.20079957,1.14945818,0.00641438
"4007",46,45,0,0,0.08335829,1.38800419,0.94723335,1.20079957,1.14945818,0
"4008",47,45,0.34014049,0,1.14582592,1.38800419,0.94723335,1.20079957,1.14945818,0.00363679
"4009",48,45,0.02576098,0,0.10352207,1.38800419,0.94723335,1.20079957,1.14945818,0.00985291
"4010",49,45,0.02776227,0,0.10598676,1.38800419,0.94723335,1.20079957,1.14945818,0
"4011",50,45,0.03094494,0,0.08574459,1.38800419,0.94723335,1.20079957,1.14945818,0
"4012",51,45,0.07509781,0,0.06698751,1.38800419,0.94723335,1.20079957,1.14945818,0.04359912
"4013",52,45,1.26755313,0,0,1.38800419,0.94723335,1.20079957,1.14945818,0.09217884
"4014",46,46,0.02995134,0,0.08393877,1.38438474,0.94476328,1.19766829,1.14646078,0.02083763
"4015",47,46,0.07494617,0,0.06681283,1.38438474,0.94476328,1.19766829,1.14646078,0.03768836
"4016",48,46,0.68279186,0,0.06681283,1.38438474,0.94476328,1.19766829,1.14646078,0.02862649
"4017",49,46,0.67140313,0,0.06792495,1.38438474,0.94476328,1.19766829,1.14646078,0.1692244
"4018",50,46,0.87392768,0,1.33189309,1.38438474,0.94476328,1.19766829,1.14646078,0.0571451
"4019",46,47,0.85350037,0,1.35156266,1.38075385,0.9422854,1.19452711,1.1434539,0.05721441
"4020",47,47,0.8144551,0,1.24930735,1.38075385,0.9422854,1.19452711,1.1434539,0.03153157
"4021",57,32,0.02398181,0,0.10406964,1.43487216,0.97846172,1.24055314,1.18751205,0.00524138
"4022",58,32,0.58164799,0,0.10676719,1.43487216,0.97846172,1.24055314,1.18751205,0
"4023",59,32,0.07603989,0.07552647,0.09511465,1.43487216,0.97846172,1.24055314,1.18751205,0.00539747
"4024",54,33,0.62827681,0,0.1199623,1.43140858,0.97609985,1.23755862,1.18464556,0
"4025",55,33,0.0237711,0,0.10930025,1.43140858,0.97609985,1.23755862,1.18464556,0
"4026",56,33,0.07648189,0,0.07672923,1.43140858,0.97609985,1.23755862,1.18464556,0
"4027",57,33,0.07624741,0,0.07667428,1.43140858,0.97609985,1.23755862,1.18464556,0.01502103
"4028",58,33,0.08095919,0,0.06720659,1.43140858,0.97609985,1.23755862,1.18464556,0.0021902
"4029",59,33,0.08089461,0,0,1.43140858,0.97609985,1.23755862,1.18464556,0.0044289
"4030",60,33,0.80716498,0,1.27595166,1.43140858,0.97609985,1.23755862,1.18464556,0
"4031",53,34,0.49451096,0,0.10823593,1.427933,0.9737298,1.23455373,1.18176914,0
"4032",54,34,0.02858922,0,0.09802701,1.427933,0.9737298,1.23455373,1.18176914,0
"4033",55,34,0.57997777,0,0.1002223,1.427933,0.9737298,1.23455373,1.18176914,0
"4034",56,34,0.07597106,0,0.07613348,1.427933,0.9737298,1.23455373,1.18176914,0.00842652
"4035",57,34,0.07650871,0,0.07606737,1.427933,0.9737298,1.23455373,1.18176914,0.0297581
"4036",58,34,0.5804787,0,0.10450556,1.427933,0.9737298,1.23455373,1.18176914,0
"4037",59,34,0.82187306,0,0.11660227,1.427933,0.9737298,1.23455373,1.18176914,0
"4038",60,34,0.0311663,0,0.09548854,1.427933,0.9737298,1.23455373,1.18176914,0.00271022
"4039",61,34,0.03151101,0,0.09734279,1.427933,0.9737298,1.23455373,1.18176914,0
"4040",54,35,0.02189905,0,0.1082554,1.41709461,0.97081901,1.23153751,1.17888189,0.00731145
"4041",55,35,0.58008482,0,0.10418384,1.42444432,0.97135082,1.23153751,1.17888189,0
"4042",56,35,0.0758244,0,0.0759222,1.42444432,0.97135082,1.23153751,1.17888189,0.01208291
"4043",57,35,0.81720052,0,0.11131017,1.42444432,0.97135082,1.23153751,1.17888189,0.00459739
"4044",58,35,0.81687652,0,0.11345265,1.42444432,0.97135082,1.23153751,1.17888189,0.0046501
"4045",59,35,0.81984108,0,0.11631739,1.42444432,0.97135082,1.23153751,1.17888189,0
"4046",60,35,0.03109359,0,0.0962962,1.42444432,0.97135082,1.23153751,1.17888189,0
"4047",61,35,0.77283704,0,1.26891811,1.42444432,0.97135082,1.23153751,1.17888189,0
"4048",55,36,0.03046949,0,0.07590618,1.4209442,0.96896403,1.22851139,1.17598515,0.01583894
"4049",56,36,0.0308695,0,0.09778002,1.4209442,0.96896403,1.22851139,1.17598515,0.00108773
"4050",57,36,0.60898529,0,0.10969403,1.4209442,0.96896403,1.22851139,1.17598515,0.0046364
"4051",58,36,0.81567283,0,0.11229689,1.4209442,0.96896403,1.22851139,1.17598515,0.0166507
"4052",59,36,0.8088657,0,0.10272157,1.4209442,0.96896403,1.22851139,1.17598515,0.03296866
"4053",60,36,0.81029282,0,0.11407746,1.4209442,0.96896403,1.22851139,1.17598515,0.00670625
"4054",61,36,0.08040658,0,0.06902791,1.4209442,0.96896403,1.22851139,1.17598515,0
"4055",62,36,0.7532303,0.06616532,0,1.4209442,0.96896403,1.22851139,1.17598515,0.00911869
"4056",63,36,0.07233549,0.08499573,0.10377753,1.4209442,0.96896403,1.22851139,1.17598515,0
"4057",64,36,0.07057288,0.08274281,0.102919,1.4209442,0.96896403,1.22851139,1.17598515,0
"4058",54,37,0.48115391,0,0.07778718,1.41743153,0.96656868,1.22547443,1.17307804,0
"4059",55,37,0.02975335,0,0.07640212,1.41743153,0.96656868,1.22547443,1.17307804,0.00585062
"4060",56,37,0.03062578,0,0.07608118,1.41743153,0.96656868,1.22547443,1.17307804,0.01368791
"4061",57,37,0.05889288,0,0.10721153,1.41743153,0.96656868,1.22547443,1.17307804,0
"4062",58,37,0.07234597,0,0.07744029,1.41743153,0.96656868,1.22547443,1.17307804,0.00128784
"4063",59,37,0.82775468,0,0,1.41743153,0.96656868,1.22547443,1.17307804,0
"4064",60,37,0.82720832,0,0.06836401,1.41743153,0.96656868,1.22547443,1.17307804,0.03129682
"4065",61,37,0.07554376,0,0.05436459,1.41743153,0.96656868,1.22547443,1.17307804,0.03510228
"4066",62,37,1.16112119,0,0,1.41743153,0.96656868,1.22547443,1.17307804,0.01915656
"4067",63,37,1.16024047,0,0,1.41743153,0.96656868,1.22547443,1.17307804,0.00985703
"4068",64,37,0.91857007,0,0.07026183,1.41743153,0.96656868,1.22547443,1.17307804,0.00415458
"4069",65,37,0.9243728,0,0.0701725,1.41743153,0.96656868,1.22547443,1.17307804,0
"4070",53,38,0.61961085,0,0.07598471,1.41390631,0.96416478,1.22242662,1.17016054,0
"4071",54,38,0.07139778,0,0.07770738,1.41390631,0.96416478,1.22242662,1.17016054,0.00143585
"4072",55,38,0.07556826,0,0.06819399,1.41390631,0.96416478,1.22242662,1.17016054,0.00916585
"4073",56,38,0.07358287,0,0.0759526,1.41390631,0.96416478,1.22242662,1.17016054,0
"4074",57,38,0.07225741,0,0.07706689,1.41390631,0.96416478,1.22242662,1.17016054,0
"4075",58,38,0.07542171,0,0.06819398,1.41390631,0.96416478,1.22242662,1.17016054,0.00218108
"4076",59,38,0.82520714,0,0.05422938,1.41390631,0.96416478,1.22242662,1.17016054,0.00549767
"4077",60,38,0.02704677,0,0.06819399,1.41390631,0.96416478,1.22242662,1.17016054,0.04184943
"4078",61,38,1.23968264,0,0,1.41390631,0.96416478,1.22242662,1.17016054,0.00975944
"4079",62,38,1.15833721,0,0,1.41390631,0.96416478,1.22242662,1.17016054,0
"4080",63,38,1.15768875,0,0,1.41390631,0.96416478,1.22242662,1.17016054,0.01525886
"4081",64,38,1.20335663,0,0,1.41390631,0.96416478,1.22242662,1.17016054,0.00285962
"4082",51,39,0.82435263,0,0.06802339,1.4103691,0.9617527,1.21936843,1.16723311,0.00619241
"4083",52,39,0.07513703,0,0.06802339,1.4103691,0.9617527,1.21936843,1.16723311,0.01002746
"4084",53,39,0.06943194,0,0.06802339,1.4103691,0.9617527,1.21936843,1.16723311,0.01164072
"4085",54,39,0.07503952,0,0.06802339,1.4103691,0.9617527,1.21936843,1.16723311,0.00605871
"4086",55,39,0.07548139,0,0.06802338,1.4103691,0.9617527,1.21936843,1.16723311,0.0034371
"4087",56,39,0.02732324,0,0.06802339,1.4103691,0.9617527,1.21936843,1.16723311,0.00282295
"4088",57,39,0.02744608,0,0.06802339,1.4103691,0.9617527,1.21936843,1.16723311,0.00277439
"4089",58,39,0.0756408,0,0.06802339,1.4103691,0.9617527,1.21936843,1.16723311,0.00377129
"4090",59,39,1.27684394,0,0,1.4103691,0.9617527,1.21936843,1.16723311,0.01199398
"4091",60,39,1.17955261,0,0,1.4103691,0.9617527,1.21936843,1.16723311,0.01384988
"4092",61,39,1.15884483,0,0,1.4103691,0.9617527,1.21936843,1.16723311,0.0305575
"4093",62,39,1.1569505,0,0,1.4103691,0.9617527,1.21936843,1.16723311,0.00548939
"4094",63,39,1.15405303,0,0,1.4103691,0.9617527,1.21936843,1.16723311,0.01246488
"4095",64,39,1.15410764,0,0,1.4103691,0.9617527,1.21936843,1.16723311,0
"4096",65,39,1.28294018,0,0,1.4103691,0.9617527,1.21936843,1.16723311,0.00519735
"4097",52,40,0.82281454,0,0.0678522,1.40681988,0.95933243,1.21629987,1.16429575,0
"4098",53,40,0.07481215,0,0.0678522,1.40681988,0.95933243,1.21629987,1.16429575,0.00128551
"4099",54,40,0.02678862,0,0.0678522,1.40681988,0.95933243,1.21629987,1.16429575,0.01179495
"4100",55,40,0.02723732,0,0.0678522,1.40681988,0.95933243,1.21629987,1.16429575,0.01333091
"4101",56,40,1.17884388,0,0,1.40681988,0.95933243,1.21629987,1.16429575,0.01952388
"4102",57,40,1.17889258,0,0,1.40681988,0.95933243,1.21629987,1.16429575,0.00836045
"4103",58,40,0.07155767,0,0.05395759,1.40681988,0.95933243,1.21629987,1.16429575,0.00667782
"4104",59,40,1.24466431,0,0,1.40681988,0.95933243,1.21629987,1.16429575,0.00691084
"4105",60,40,1.24672207,0,0,1.40681988,0.95933243,1.21629987,1.16429575,0.04202729
"4106",61,40,1.2311523,0,0.07330059,1.40681988,0.95933243,1.21629987,1.16429575,0.0274389
"4107",62,40,1.23657302,0,0,1.40681988,0.95933243,1.21629987,1.16429575,0
"4108",63,40,1.15253168,0,0,1.40681988,0.95933243,1.21629987,1.16429575,0.00336055
"4109",64,40,1.16870078,0,0,1.40681988,0.95933243,1.21629987,1.16429575,0.00212414
"4110",65,40,1.18610838,0,0,1.40681988,0.95933243,1.21629987,1.16429575,0.00237122
"4111",52,41,0.60905926,0,0.09040308,1.40325866,0.95690399,1.21322094,1.16134846,0
"4112",53,41,0.07093462,0,0.07712147,1.40325866,0.95690399,1.21322094,1.16134846,0
"4113",54,41,0.02716229,0,0.06768044,1.40325866,0.95690399,1.21322094,1.16134846,0.00315559
"4114",55,41,1.17707712,0,0,1.40325866,0.95690399,1.21322094,1.16134846,0.00943931
"4115",56,41,1.24538006,0,0,1.40325866,0.95690399,1.21322094,1.16134846,0.01321277
"4116",57,41,1.24900858,0,0,1.40325866,0.95690399,1.21322094,1.16134846,0.06146977
"4117",58,41,1.2340024,0,0,1.40325866,0.95690399,1.21322094,1.16134846,0.22004247
"4118",59,41,1.23486594,0,0,1.40325866,0.95690399,1.21322094,1.16134846,0.09193839
"4119",60,41,1.23751632,0,0.07311504,1.40325866,0.95690399,1.21322094,1.16134846,0.0149673
"4120",61,41,1.23717132,0,0.07311504,1.40325866,0.95690399,1.21322094,1.16134846,0.00716162
"4121",62,41,1.23803423,0,0,1.40325866,0.95690399,1.21322094,1.16134846,0.00540103
"4122",63,41,1.14961416,0,0,1.40325866,0.95690399,1.21322094,1.16134846,0.00645895
"4123",64,41,1.16866939,0,0,1.40325866,0.95690399,1.21322094,1.16134846,0.00263055
"4124",65,41,1.1597703,0,0,1.40325866,0.95690399,1.21322094,1.16134846,0.01766613
"4125",53,42,0.48355872,0,0.09772775,1.3996849,0.95446698,1.21013116,1.15839079,0
"4126",54,42,0.0751542,0,0.06750808,1.3996849,0.95446698,1.21013116,1.15839079,0.00864733
"4127",55,42,1.24249246,0,0,1.3996849,0.95446698,1.21013116,1.15839079,0.003532
"4128",56,42,1.23247481,0,0,1.3996849,0.95446698,1.21013116,1.15839079,0.0329616
"4129",57,42,1.22734871,0,0,1.3996849,0.95446698,1.21013116,1.15839079,0.10596233
"4130",58,42,1.22715622,0,0,1.3996849,0.95446698,1.21013116,1.15839079,0.12249913
"4131",59,42,1.23888452,0,0,1.3996849,0.95446698,1.21013116,1.15839079,0.02981168
"4132",60,42,1.23338471,0,0,1.3996849,0.95446698,1.21013116,1.15839079,0.00886654
"4133",61,42,1.15361916,0,0,1.3996849,0.95446698,1.21013116,1.15839079,0.00200151
"4134",62,42,1.15372052,0,0,1.3996849,0.95446698,1.21013116,1.15839079,0.00563437
"4135",63,42,1.16522263,0,0,1.3996849,0.95446698,1.21013116,1.15839079,0.01184749
"4136",64,42,1.15728249,0,0,1.3996849,0.95446698,1.21013116,1.15839079,0.01231708
"4137",65,42,1.15241259,0,0,1.3996849,0.95446698,1.21013116,1.15839079,0.00647012
"4138",53,43,0.69033302,0,0.06733513,1.39609914,0.9520218,1.207031,1.15542318,0.02678354
"4139",54,43,1.42805276,0,0,1.39609914,0.9520218,1.207031,1.15542318,0.01748655
"4140",55,43,1.30058248,0,0.07250967,1.40027158,0.95231419,1.207031,1.15542318,0.03335404
"4141",56,43,1.15306942,0,0,1.39609914,0.9520218,1.207031,1.15542318,0.02707006
"4142",57,43,1.24233744,0,0,1.39609914,0.9520218,1.207031,1.15542318,0
"4143",58,43,1.24132785,0,0,1.39609914,0.9520218,1.207031,1.15542318,0
"4144",59,43,1.23614917,0,0,1.39609914,0.9520218,1.207031,1.15542318,0.04016253
"4145",60,43,1.14374875,0,0,1.39609914,0.9520218,1.207031,1.15542318,0.00440002
"4146",61,43,1.14482048,0,0,1.39609914,0.9520218,1.207031,1.15542318,0.0069191
"4147",62,43,1.17322255,0,0,1.39609914,0.9520218,1.207031,1.15542318,0.00751857
"4148",63,43,1.20297667,0,0,1.39609914,0.9520218,1.207031,1.15542318,0.00486766
"4149",64,43,1.16829181,0,0,1.39609914,0.9520218,1.207031,1.15542318,0.01011094
"4150",65,43,1.13145205,0,0,1.39609914,0.9520218,1.207031,1.15542318,0.02397416
"4151",66,43,0.76578288,0,1.29322188,1.39609914,0.9520218,1.207031,1.15542318,0.0071209
"4152",67,43,0.79987918,0,1.34774016,1.39609914,0.9520218,1.207031,1.15542318,0.00929209
"4153",56,44,1.21033911,0,0,1.39250138,0.94956843,1.20392047,1.15244564,0.00724313
"4154",57,44,1.17522637,0,0,1.39250138,0.94956843,1.20392047,1.15244564,0.01260933
"4155",58,44,1.24315048,0,0,1.39250138,0.94956843,1.20392047,1.15244564,0.00218201
"4156",59,44,1.18712773,0,0,1.39250138,0.94956843,1.20392047,1.15244564,0.0040361
"4157",60,44,1.14357712,0,0,1.39250138,0.94956843,1.20392047,1.15244564,0.004826
"4158",61,44,1.14317325,0,0,1.39250138,0.94956843,1.20392047,1.15244564,0.0290981
"4159",62,44,0.76819405,0,1.35530737,1.39250138,0.94956843,1.20392047,1.15244564,0
"4160",63,44,0.79186914,0,1.37652694,1.39250138,0.94956843,1.20392047,1.15244564,0
"4161",64,44,0.80042171,0,1.33292071,1.39250138,0.94956843,1.20392047,1.15244564,0.01904325
"4162",65,44,0.80029782,0,1.35577594,1.39250138,0.94956843,1.20392047,1.15244564,0.01335191
"4163",66,44,0.79114306,0,1.3181791,1.39250138,0.94956843,1.20392047,1.15244564,0.00439428
"4164",67,44,0.81677999,0,1.38516715,1.39250138,0.94956843,1.20392047,1.15244564,0.00245769
"4165",56,45,0.70787348,0,1.24108762,1.38889162,0.94710687,1.20079957,1.14945818,0.00973692
"4166",57,45,0.78360806,0,1.31468276,1.38889162,0.94710687,1.20079957,1.14945818,0
"4167",58,45,0.28236192,0,1.40694067,1.38889162,0.94710687,1.20079957,1.14945818,0.00140968
"4168",59,45,0.76482178,0,1.34133214,1.38889162,0.94710687,1.20079957,1.14945818,0.00200532
"4169",60,45,0.26787979,0,1.32009662,1.38889162,0.94710687,1.20079957,1.14945818,0
"4170",61,45,0.51990608,0,1.34690467,1.38889162,0.94710687,1.20079957,1.14945818,0.00436625
"4171",62,45,0.50675902,0,1.30349684,1.38889162,0.94710687,1.20079957,1.14945818,0
"4172",63,45,0.5249363,0,1.35401968,1.38889162,0.94710687,1.20079957,1.14945818,0
"4173",64,45,0.26472665,0,1.26612667,1.38889162,0.94710687,1.20079957,1.14945818,0
"4174",65,45,0.78405774,0,1.33303339,1.38889162,0.94710687,1.20079957,1.14945818,0.00072882
"4175",66,45,0.53098031,0,1.3687192,1.38889162,0.94710687,1.20079957,1.14945818,0.00105955
"4176",67,45,0.3418625,0,1.4169805,1.38889162,0.94710687,1.20079957,1.14945818,0
"4177",56,46,0.26512959,0,1.35807917,1.38526986,0.94463714,1.19766829,1.14646078,0
"4178",57,46,0.31717783,0,1.40957568,1.38526986,0.94463714,1.19766829,1.14646078,0.00148902
"4179",58,46,0.28421192,0,1.34660143,1.38526986,0.94463714,1.19766829,1.14646078,0
"4180",59,46,0.28024317,0,1.33390197,1.38526986,0.94463714,1.19766829,1.14646078,0
"4181",60,46,0.28705398,0,1.37208959,1.38526986,0.94463714,1.19766829,1.14646078,0
"4182",61,46,0.30999207,0,1.42517925,1.38526986,0.94463714,1.19766829,1.14646078,0
"4183",62,46,0.34183456,0,1.41827682,1.38526986,0.94463714,1.19766829,1.14646078,0
"4184",63,46,0.29934295,0,1.30039564,1.38526986,0.94463714,1.19766829,1.14646078,0
"4185",64,46,0.47227533,0,1.24967152,1.38526986,0.94463714,1.19766829,1.14646078,0.00245987
"4186",65,46,0.59053614,0,1.39083133,1.38526986,0.94463714,1.19766829,1.14646078,0
"4187",66,46,0.29581631,0,1.31953791,1.38526986,0.94463714,1.19766829,1.14646078,0
"4188",67,46,0.28040064,0,1.3565508,1.38526986,0.94463714,1.19766829,1.14646078,0
"4189",57,47,0.84509298,0,1.30436048,1.38163665,0.94215959,1.19452711,1.1434539,0
"4190",58,47,0.52952801,0,1.39046447,1.38163665,0.94215959,1.19452711,1.1434539,0.00268978
"4191",59,47,0.49902074,0,1.30078193,1.38163665,0.94215959,1.19452711,1.1434539,0
"4192",60,47,0.59077946,0,1.38193284,1.38163665,0.94215959,1.19452711,1.1434539,0.02052702
"4193",61,47,0.55640394,0,1.27506222,1.38163665,0.94215959,1.19452711,1.1434539,0.0096043
"4194",62,47,0.30157208,0,1.43092363,1.38163665,0.94215959,1.19452711,1.1434539,0.00208086
"4195",63,47,0.27358169,0,1.30896742,1.38163665,0.94215959,1.19452711,1.1434539,0
"4196",64,47,0.27221394,0,1.31835241,1.38163665,0.94215959,1.19452711,1.1434539,0
"4197",65,47,0,0,1.31934957,1.38163665,0.94215959,1.19452711,1.1434539,0
"4198",66,47,0,0,1.11721002,1.38163665,0.94215959,1.19452711,1.1434539,0
"4199",67,47,0,0,1.0689893,1.38163665,0.94215959,1.19452711,1.1434539,0.00817114
"4200",59,48,0.26383615,0,1.27162821,1.37799089,0.93967349,1.19137508,1.14043664,0
"4201",60,48,0,0,1.2476318,1.37799089,0.93967349,1.19137508,1.14043664,0.00635804
"4202",61,48,0,0,1.0684032,1.37799089,0.93967349,1.19137508,1.14043664,0.00838235
"4203",62,48,0,0,1.06539056,1.37799089,0.93967349,1.19137508,1.14043664,0.00351785
"4204",42,32,1.1711188,0,0,1.43673536,0.97886676,1.24055314,1.18751205,0.16916745
"4205",43,32,1.16940123,0,0,1.43673536,0.97886676,1.24055314,1.18751205,0.0672381
"4206",44,32,1.16898028,0,0,1.43673536,0.97886676,1.24055314,1.18751205,0.02534567
"4207",39,33,1.24248609,0,0.06160952,1.42402293,0.97556544,1.23755862,1.18464556,0.07602793
"4208",40,33,1.22831424,0,0.06160952,1.43326728,0.97650391,1.23755862,1.18464556,0.25549803
"4209",41,33,1.20735768,0,0,1.43326728,0.97650391,1.23755862,1.18464556,0.48869905
"4210",42,33,1.16631707,0,0.06431013,1.43326728,0.97650391,1.23755862,1.18464556,0.29387268
"4211",43,33,1.17268959,0,0,1.43326728,0.97650391,1.23755862,1.18464556,0.15261405
"4212",44,33,1.16790762,0,0,1.43326728,0.97650391,1.23755862,1.18464556,0.04045312
"4213",38,34,1.12894146,0,0,1.42978719,0.97413288,1.23455373,1.18176914,0.05086925
"4214",39,34,1.23409871,0,0.06145992,1.42978719,0.97413288,1.23455373,1.18176914,0.10619026
"4215",40,34,1.22950052,0,0.06145992,1.42978719,0.97413288,1.23455373,1.18176914,0.47485183
"4216",41,34,1.24054893,0,0.06158088,1.42978719,0.97413288,1.23455373,1.18176914,0.87711281
"4217",42,34,1.21397494,0,0,1.42978719,0.97413288,1.23455373,1.18176914,0.71151057
"4218",43,34,1.16521599,0,0,1.42978719,0.97413288,1.23455373,1.18176914,0.39468134
"4219",44,34,0.82224398,0,0.07267979,1.42978719,0.97413288,1.23455373,1.18176914,0.10718656
"4220",38,35,0.02623777,0,0,1.42629399,0.97175292,1.23153751,1.17888189,0.06506246
"4221",39,35,0,0,0.06133739,1.42629399,0.97175292,1.23153751,1.17888189,0.29812036
"4222",40,35,0,0,0,1.42629399,0.97175292,1.23153751,1.17888189,0.35902514
"4223",41,35,1.23299444,0,0.06132703,1.42629399,0.97175292,1.23153751,1.17888189,0.19795095
"4224",42,35,1.21299357,0,0.06130977,1.42629399,0.97175292,1.23153751,1.17888189,0.37541136
"4225",43,35,1.19524271,0,0,1.42629399,0.97175292,1.23153751,1.17888189,0.21562408
"4226",39,36,0.02471284,0,0.09768116,1.42278931,0.96936514,1.22851139,1.17598515,0.16757753
"4227",40,36,0.02290885,0,0.09660256,1.42278931,0.96936514,1.22851139,1.17598515,0.15267098
"4228",41,36,0.02793779,0,0.08985744,1.42278931,0.96936514,1.22851139,1.17598515,0.12581868
"4229",42,36,0.06265388,0,0.07764749,1.42278931,0.96936514,1.22851139,1.17598515,0.15866157
"4230",40,37,0.02429619,0,0.09516903,1.41927208,0.9669688,1.22547443,1.17307804,0.00340691
"4231",41,37,0.02512015,0,0.10959634,1.41927208,0.9669688,1.22547443,1.17307804,0.02541647
"4232",42,37,0.04318799,0,0.09201697,1.41927208,0.9669688,1.22547443,1.17307804,0.04692635
"4233",42,38,0.02366489,0,0.11008853,1.41574229,0.96456391,1.22242662,1.17016054,0.00380451
"4234",30,33,0.68034558,0,0.07898184,1.42989408,0.97606075,1.23755862,1.18464556,0
"4235",31,33,0.05606081,0,0.09727665,1.42330502,0.97551331,1.23755862,1.18464556,0
"4236",32,33,0.02446447,0,0.0965476,1.42989408,0.97606075,1.23755862,1.18464556,0
"4237",33,33,0.27502168,0,0,1.42989408,0.97606075,1.23755862,1.18464556,0.00373877
"4238",34,33,0.03652234,0,0,1.42989408,0.97606075,1.23755862,1.18464556,0.0017691
"4239",36,33,0,0,0,1.42989408,0.97606075,1.23755862,1.18464556,0.02030991
"4240",23,34,0.04249824,0,0.10024845,1.42642217,0.97369079,1.23455373,1.18176914,0.0168232
"4241",24,34,0,0,0,1.42642217,0.97369079,1.23455373,1.18176914,0.00636932
"4242",25,34,0,0,0,1.42642217,0.97369079,1.23455373,1.18176914,0
"4243",27,34,0,0,0,1.42642217,0.97369079,1.23455373,1.18176914,0
"4244",28,34,0,0,0,1.42642217,0.97369079,1.23455373,1.18176914,0
"4245",29,34,0,0,0,1.42642217,0.97369079,1.23455373,1.18176914,0.01975694
"4246",30,34,0.04303601,0,0.07084216,1.42642217,0.97369079,1.23455373,1.18176914,0.00508529
"4247",31,34,0.65491268,0,0.07084216,1.42642217,0.97369079,1.23455373,1.18176914,0.00086761
"4248",32,34,0.65276598,0,0.09655317,1.42642217,0.97369079,1.23455373,1.18176914,0.00065892
"4249",33,34,0.02434836,0,0.09665451,1.42642217,0.97369079,1.23455373,1.18176914,0.0080201
"4250",34,34,0.02092639,0,0.11020497,1.42642217,0.97369079,1.23455373,1.18176914,0
"4251",35,34,0.02630203,0,0.07084216,1.42642217,0.97369079,1.23455373,1.18176914,0.00513412
"4252",36,34,0.04350796,0,0.0926987,1.42642217,0.97369079,1.23455373,1.18176914,0.01714586
"4253",37,34,0,0,0,1.42642217,0.97369079,1.23455373,1.18176914,0.06921282
"4254",23,35,0.66432571,0,0.84997934,1.42293719,0.97131191,1.23153751,1.17888189,0.01331424
"4255",24,35,0.06465007,0,0.09896972,1.42293719,0.97131191,1.23153751,1.17888189,0.04967295
"4256",25,35,0.68226095,0,0.0702114,1.42293719,0.97131191,1.23153751,1.17888189,0.0035998
"4257",26,35,0.59233719,0,0.07871768,1.42293719,0.97131191,1.23153751,1.17888189,0
"4258",27,35,0.05986079,0,0.09474394,1.42293719,0.97131191,1.23153751,1.17888189,0.00830398
"4259",28,35,0.04340166,0,0.09247222,1.42293719,0.97131191,1.23153751,1.17888189,0
"4260",29,35,0.47714206,0,0.09247222,1.42293719,0.97131191,1.23153751,1.17888189,0.00881899
"4261",30,35,0.65112901,0,0.09247222,1.42293719,0.97131191,1.23153751,1.17888189,0
"4262",31,35,0.65283474,0,0.09247222,1.42293719,0.97131191,1.23153751,1.17888189,0
"4263",32,35,0.65197495,0,0.07066909,1.42293719,0.97131191,1.23153751,1.17888189,0.00475962
"4264",33,35,0.48602878,0,0.11092347,1.42293719,0.97131191,1.23153751,1.17888189,0
"4265",34,35,0.65473611,0,0.07066909,1.42293719,0.97131191,1.23153751,1.17888189,0
"4266",35,35,0.6531981,0,0.07066909,1.42293719,0.97131191,1.23153751,1.17888189,0.03486724
"4267",36,35,0.31722622,0,0.09247222,1.42293719,0.97131191,1.23153751,1.17888189,0.02820621
"4268",37,35,0.30297872,0,0.07066909,1.42293719,0.97131191,1.23153751,1.17888189,0.03145325
"4269",23,36,0.6683092,0,0.07005338,1.41944077,0.96892521,1.22851139,1.17598515,0.00182936
"4270",24,36,0.04059488,0,0.07009045,1.41944077,0.96892521,1.22851139,1.17598515,0
"4271",25,36,0.6791256,0,0.07014848,1.41944077,0.96892521,1.22851139,1.17598515,0.00759274
"4272",26,36,0.68713286,0,0.07003887,1.41944077,0.96892521,1.22851139,1.17598515,0.0129231
"4273",27,36,0.48547328,0,0.092245,1.41944077,0.96892521,1.22851139,1.17598515,0
"4274",28,36,0.48379093,0,0.09224493,1.41944077,0.96892521,1.22851139,1.17598515,0
"4275",29,36,0.47437233,0,0.092245,1.41944077,0.96892521,1.22851139,1.17598515,0.00292922
"4276",30,36,0.43773017,0,0.06329303,1.41944077,0.96892521,1.22851139,1.17598515,0.02068511
"4277",31,36,0.43935991,0,0.06440828,1.41944077,0.96892521,1.22851139,1.17598515,0.00361505
"4278",32,36,0.43506797,0,0.06159284,1.41944077,0.96892521,1.22851139,1.17598515,0.01682542
"4279",33,36,0.48437081,0,0.092245,1.41944077,0.96892521,1.22851139,1.17598515,0.00148353
"4280",34,36,0.65473523,0,0.092245,1.41944077,0.96892521,1.22851139,1.17598515,0
"4281",35,36,0.65694186,0,0.06895817,1.41944077,0.96892521,1.22851139,1.17598515,0.00656628
"4282",36,36,0.65347722,0,0.092245,1.41944077,0.96892521,1.22851139,1.17598515,0.02544046
"4283",37,36,0.63624143,0,0.092245,1.41944077,0.96892521,1.22851139,1.17598515,0.04501939
"4284",38,36,0.63610488,0,0,1.41944077,0.96892521,1.22851139,1.17598515,0.05932353
"4285",23,37,0.06439537,0,0.10003134,1.41593182,0.96652996,1.22547443,1.17307804,0.00454853
"4286",24,37,0.6642519,0,0.07010221,1.41593182,0.96652996,1.22547443,1.17307804,0
"4287",25,37,0.68530332,0,0.0699068,1.41593182,0.96652996,1.22547443,1.17307804,0.00308803
"4288",26,37,0.02599683,0,0.06986573,1.41593182,0.96652996,1.22547443,1.17307804,0.0034667
"4289",27,37,0.48488597,0,0.09201697,1.41593182,0.96652996,1.22547443,1.17307804,0
"4290",28,37,0.65643318,0,0.09201697,1.41593182,0.96652996,1.22547443,1.17307804,0.00808019
"4291",29,37,0.8027362,0,0.06424906,1.41593182,0.96652996,1.22547443,1.17307804,0.08182802
"4292",30,37,0.80195862,0,0.06585462,1.41593182,0.96652996,1.22547443,1.17307804,0.13072644
"4293",31,37,0.8015152,0,0.07214528,1.41593182,0.96652996,1.22547443,1.17307804,0.01421397
"4294",32,37,0.43589901,0,0.06017678,1.41593182,0.96652996,1.22547443,1.17307804,0.01143837
"4295",33,37,0.80173661,0,0.07214528,1.41593182,0.96652996,1.22547443,1.17307804,0
"4296",34,37,0.80285024,0,0.07214528,1.41593182,0.96652996,1.22547443,1.17307804,0.01095194
"4297",35,37,0.45678703,0,0,1.41593182,0.96652996,1.22547443,1.17307804,0.00885248
"4298",36,37,0.46318274,0,0.06017678,1.41593182,0.96652996,1.22547443,1.17307804,0.04176258
"4299",37,37,0.42959136,0,0,1.41593182,0.96652996,1.22547443,1.17307804,0.03043051
"4300",38,37,0.42953964,0,0,1.41593182,0.96652996,1.22547443,1.17307804,0.00743136
"4301",39,37,0.0261086,0,0.07032117,1.41593182,0.96652996,1.22547443,1.17307804,0.08616154
"4302",23,38,0.66301672,0,0.0918331,1.41241033,0.96412616,1.22242662,1.17016054,0.01485315
"4303",24,38,0.02593217,0,0.06969197,1.41241033,0.96412616,1.22242662,1.17016054,0.00339192
"4304",25,38,0.68791648,0,0.06969197,1.41241033,0.96412616,1.22242662,1.17016054,0.00647527
"4305",26,38,0.02593217,0,0.06969197,1.41241033,0.96412616,1.22242662,1.17016054,0
"4306",27,38,0.02604366,0,0.07014627,1.41241033,0.96412616,1.22242662,1.17016054,0.00590217
"4307",28,38,0.64523442,0,0.09178811,1.41241033,0.96412616,1.22242662,1.17016054,0.02197317
"4308",29,38,0.80825807,0,0.07196585,1.41241033,0.96412616,1.22242662,1.17016054,0.01313567
"4309",30,38,0.81919489,0,0.07196585,1.41241033,0.96412616,1.22242662,1.17016054,0.0016633
"4310",31,38,0.82499156,0,0.07196585,1.41241033,0.96412616,1.22242662,1.17016054,0.01289058
"4311",32,38,0.79347283,0,0.07196585,1.41241033,0.96412616,1.22242662,1.17016054,0.00264108
"4312",33,38,0.78457444,0,0,1.41241033,0.96412616,1.22242662,1.17016054,0.00314448
"4313",34,38,0.79810063,0,0.07196585,1.41241033,0.96412616,1.22242662,1.17016054,0.00353927
"4314",35,38,0.81636292,0,0.07196585,1.41241033,0.96412616,1.22242662,1.17016054,0.01303662
"4315",36,38,0.82977287,0,0.07196585,1.41241033,0.96412616,1.22242662,1.17016054,0.00935779
"4316",37,38,0.45742597,0,0.06367208,1.41241033,0.96412616,1.22242662,1.17016054,0.00853355
"4317",38,38,0.45559453,0,0.06408926,1.41241033,0.96412616,1.22242662,1.17016054,0.01237039
"4318",39,38,0.42854917,0,0.0622689,1.41241033,0.96412616,1.22242662,1.17016054,0.00264738
"4319",40,38,0.63295185,0,0.101468,1.41241033,0.96412616,1.22242662,1.17016054,0
"4320",41,38,0.405662,0,1.21641924,1.41241033,0.96412616,1.22242662,1.17016054,0.0045003
"4321",49,38,0.0414583,0,0.09862702,1.41241033,0.96412616,1.22242662,1.17016054,0.0026232
"4322",50,38,0.56556927,0,1.22313322,1.41241033,0.96412616,1.22242662,1.17016054,0
"4323",24,39,0.04083334,0,0.09137916,1.39087309,0.9604299,1.2211021,1.1641407,0
"4324",25,39,0.02596816,0,0.09160335,1.40887686,0.96171417,1.21936843,1.16723311,0.00923393
"4325",26,39,0.48341263,0,0.06997079,1.40887686,0.96171417,1.21936843,1.16723311,0
"4326",27,39,0.48341981,0,0.0699708,1.40887686,0.96171417,1.21936843,1.16723311,0.00471782
"4327",28,39,0.4834197,0,0.06997079,1.40887686,0.96171417,1.21936843,1.16723311,0
"4328",29,39,0.44388924,0,0,1.40887686,0.96171417,1.21936843,1.16723311,0.00579089
"4329",30,39,0.8080821,0,0.07178581,1.40887686,0.96171417,1.21936843,1.16723311,0
"4330",31,39,0.81904829,0,0.07178581,1.40887686,0.96171417,1.21936843,1.16723311,0.00298212
"4331",32,39,0.79039734,0,0.07178581,1.40887686,0.96171417,1.21936843,1.16723311,0.00708636
"4332",33,39,0.42863109,0,0,1.40887686,0.96171417,1.21936843,1.16723311,0.01423971
"4333",34,39,0.42738915,0,0.05987694,1.40887686,0.96171417,1.21936843,1.16723311,0.01989406
"4334",35,39,0.45477411,0,0.06174018,1.40887686,0.96171417,1.21936843,1.16723311,0.0235072
"4335",36,39,0.8284659,0,0.06174018,1.40887686,0.96171417,1.21936843,1.16723311,0.00417384
"4336",37,39,0.06474518,0,0.06174018,1.40887686,0.96171417,1.21936843,1.16723311,0.00553323
"4337",38,39,0.06474518,0,0.06392893,1.40887686,0.96171417,1.21936843,1.16723311,0.00782902
"4338",39,39,0.06473528,0,0.06174018,1.40887686,0.96171417,1.21936843,1.16723311,0.00172629
"4339",40,39,0.45478115,0,0.06174018,1.40887686,0.96171417,1.21936843,1.16723311,0.00688441
"4340",41,39,0.64800979,0,0.10121416,1.40887686,0.96171417,1.21936843,1.16723311,0
"4341",42,39,0.48403373,0,0.09155849,1.40887686,0.96171417,1.21936843,1.16723311,0.01185362
"4342",43,39,0.46916886,0,0.08993956,1.40887686,0.96171417,1.21936843,1.16723311,0.01726373
"4343",48,39,0.58763153,0,0.10121416,1.40887686,0.96171417,1.21936843,1.16723311,0
"4344",49,39,0.77474041,0,0.10121416,1.40887686,0.96171417,1.21936843,1.16723311,0
"4345",50,39,0.82398293,0,0.06241023,1.40887686,0.96171417,1.21936843,1.16723311,0
"4346",26,40,0.02586603,0.08192034,0.0915552,1.4053314,0.959294,1.21629987,1.16429575,0.01785127
"4347",27,40,0.02591313,0,0.06979471,1.4053314,0.959294,1.21629987,1.16429575,0.00340854
"4348",28,40,0.423856,0,0.06295538,1.4053314,0.959294,1.21629987,1.16429575,0
"4349",29,40,0.817966,0,0.06765494,1.4053314,0.959294,1.21629987,1.16429575,0.02422264
"4350",30,40,0.81840823,0,0.07160516,1.4053314,0.959294,1.21629987,1.16429575,0.00298791
"4351",31,40,0.81643824,0,0.07160516,1.4053314,0.959294,1.21629987,1.16429575,0.01559539
"4352",32,40,0.80329939,0,0.06225318,1.4053314,0.959294,1.21629987,1.16429575,0.00615069
"4353",33,40,0.44254379,0,0,1.4053314,0.959294,1.21629987,1.16429575,0.00618859
"4354",34,40,0.44007736,0,0.06225318,1.4053314,0.959294,1.21629987,1.16429575,0.01131346
"4355",35,40,0.45630763,0,0.06158481,1.4053314,0.959294,1.21629987,1.16429575,0.007736
"4356",36,40,0.85524211,0,0.07160516,1.4053314,0.959294,1.21629987,1.16429575,0.02537313
"4357",37,40,0.85628943,0,0.07160516,1.4053314,0.959294,1.21629987,1.16429575,0.00187048
"4358",38,40,0.85519689,0,0.07160516,1.4053314,0.959294,1.21629987,1.16429575,0.02999969
"4359",39,40,0.06419492,0,0.07160516,1.4053314,0.959294,1.21629987,1.16429575,0.00358196
"4360",40,40,0.46952989,0,0.07160516,1.4053314,0.959294,1.21629987,1.16429575,0.01176549
"4361",41,40,0.4816801,0,0.09692204,1.4053314,0.959294,1.21629987,1.16429575,0.00330622
"4362",42,40,0.47918103,0,0.10095945,1.4053314,0.959294,1.21629987,1.16429575,0.01680172
"4363",43,40,0.56653701,0,0.10095945,1.4053314,0.959294,1.21629987,1.16429575,0
"4364",44,40,0.80804217,0,0.10095945,1.4053314,0.959294,1.21629987,1.16429575,0
"4365",45,40,0.81063028,0,0,1.4053314,0.959294,1.21629987,1.16429575,0
"4366",46,40,0.80633926,0,0.10095945,1.4053314,0.959294,1.21629987,1.16429575,0
"4367",47,40,0.8102453,0,0,1.4053314,0.959294,1.21629987,1.16429575,0
"4368",48,40,0.80323649,0,0.10095945,1.4053314,0.959294,1.21629987,1.16429575,0.01134046
"4369",49,40,0.80140381,0,0.10095945,1.4053314,0.959294,1.21629987,1.16429575,0.00362618
"4370",50,40,0.8236316,0,0.07359351,1.4053314,0.959294,1.21629987,1.16429575,0
"4371",51,40,0.83286743,0,0.07462544,1.40681988,0.95933243,1.21629987,1.16429575,0
"4372",27,41,0.46988102,0,0.09114821,1.40177395,0.95686565,1.21322094,1.16134846,0
"4373",28,41,0.42278312,0,0.0633735,1.40177395,0.95686565,1.21322094,1.16134846,0.00940824
"4374",29,41,0.81803924,0,0.06991395,1.40177395,0.95686565,1.21322094,1.16134846,0.04397467
"4375",30,41,0.80737721,0,0.0714239,1.40177395,0.95686565,1.21322094,1.16134846,0.00632239
"4376",31,41,0.81554157,0,0.0714239,1.40177395,0.95686565,1.21322094,1.16134846,0.01741082
"4377",32,41,0.81574427,0,0.0714239,1.40177395,0.95686565,1.21322094,1.16134846,0.00499439
"4378",33,41,0.8208768,0,0.0714239,1.40177395,0.95686565,1.21322094,1.16134846,0.00911513
"4379",34,41,0.84351302,0,0.0714239,1.40177395,0.95686565,1.21322094,1.16134846,0.03069803
"4380",35,41,0.83960102,0,0,1.40177395,0.95686565,1.21322094,1.16134846,0.23312405
"4381",36,41,0.85314972,0,0,1.40177395,0.95686565,1.21322094,1.16134846,0.03559274
"4382",37,41,0.85307571,0,0,1.40177395,0.95686565,1.21322094,1.16134846,0.0181674
"4383",38,41,0.85447905,0,0,1.40177395,0.95686565,1.21322094,1.16134846,0
"4384",39,41,0.82650603,0,0.0714239,1.40177395,0.95686565,1.21322094,1.16134846,0.00580064
"4385",40,41,0.81711855,0,0.07142391,1.40177395,0.95686565,1.21322094,1.16134846,0
"4386",41,41,0.81552828,0,0.0714239,1.40177395,0.95686565,1.21322094,1.16134846,0.0221512
"4387",42,41,0.79819293,0,0.09866303,1.40177395,0.95686565,1.21322094,1.16134846,0
"4388",43,41,0.80385537,0,0.10070388,1.40177395,0.95686565,1.21322094,1.16134846,0
"4389",44,41,0.79706438,0,0,1.40177395,0.95686565,1.21322094,1.16134846,0.00584287
"4390",45,41,0.55468322,0,0,1.40177395,0.95686565,1.21322094,1.16134846,0.00901557
"4391",46,41,0.45520188,0,0.07088739,1.40177395,0.95686565,1.21322094,1.16134846,0
"4392",47,41,0.47952899,0,0.09137382,1.40177395,0.95686565,1.21322094,1.16134846,0
"4393",48,41,0.44956775,0,0,1.40177395,0.95686565,1.21322094,1.16134846,0.00175627
"4394",49,41,0.79432468,0,0.10070388,1.40177395,0.95686565,1.21322094,1.16134846,0
"4395",50,41,0.58829579,0,0.10070388,1.40177395,0.95686565,1.21322094,1.16134846,0
"4396",51,41,0.78952766,0,0.10015402,1.40177395,0.95686565,1.21322094,1.16134846,0
"4397",25,42,0.65832437,0,0.06988795,1.39820397,0.95442875,1.21013116,1.15839079,0.00165852
"4398",26,42,0,0,0,1.39820397,0.95442875,1.21013116,1.15839079,0.00368045
"4399",27,42,0.4782689,0,0.09088704,1.39820397,0.95442875,1.21013116,1.15839079,0
"4400",28,42,0.44077969,0,0.06350866,1.39820397,0.95442875,1.21013116,1.15839079,0
"4401",29,42,0.80564135,0,0.06519902,1.39820397,0.95442875,1.21013116,1.15839079,0.00975625
"4402",30,42,0.81473225,0,0.071242,1.39820397,0.95442875,1.21013116,1.15839079,0
"4403",31,42,0.79386168,0,0.06408832,1.39820397,0.95442875,1.21013116,1.15839079,0.00366799
"4404",32,42,0.8175024,0,0.06958728,1.39820397,0.95442875,1.21013116,1.15839079,0
"4405",33,42,0.82558695,0,0,1.39820397,0.95442875,1.21013116,1.15839079,0.00458641
"4406",34,42,0.82783137,0,0.071242,1.39820397,0.95442875,1.21013116,1.15839079,0.03823177
"4407",35,42,0.81471724,0,0.071242,1.39820397,0.95442875,1.21013116,1.15839079,0.04049325
"4408",36,42,0.81787013,0,0.06358429,1.39820397,0.95442875,1.21013116,1.15839079,0.02532952
"4409",37,42,0.82783137,0,0.071242,1.39820397,0.95442875,1.21013116,1.15839079,0
"4410",38,42,0.82783137,0,0.071242,1.39820397,0.95442875,1.21013116,1.15839079,0
"4411",39,42,0.82783134,0,0.071242,1.39820397,0.95442875,1.21013116,1.15839079,0
"4412",40,42,0.81606207,0,0.071242,1.39820397,0.95442875,1.21013116,1.15839079,0.00679524
"4413",41,42,0.81568857,0,0.071242,1.39820397,0.95442875,1.21013116,1.15839079,0.02382063
"4414",42,42,0.79762074,0,0.09949623,1.39820397,0.95442875,1.21013116,1.15839079,0.00427523
"4415",43,42,0.79772871,0,0.09898187,1.39820397,0.95442875,1.21013116,1.15839079,0
"4416",44,42,0.7902206,0,0.09502388,1.39820397,0.95442875,1.21013116,1.15839079,0
"4417",45,42,0.45408392,0,0,1.39820397,0.95442875,1.21013116,1.15839079,0.0015563
"4418",46,42,0.45433959,0,0,1.39820397,0.95442875,1.21013116,1.15839079,0
"4419",47,42,0.01654635,0,0,1.39820397,0.95442875,1.21013116,1.15839079,0
"4420",48,42,0.56498424,0,0.09249529,1.39820397,0.95442875,1.21013116,1.15839079,0.0153642
"4421",49,42,0.56135101,0,0.07070686,1.39820397,0.95442875,1.21013116,1.15839079,0.03300472
"4422",50,42,0.57330646,0,0.09110447,1.39820397,0.95442875,1.21013116,1.15839079,0
"4423",51,42,0.56707958,0,0,1.39820397,0.95442875,1.21013116,1.15839079,0
"4424",52,42,0.45597596,0,1.20587941,1.39820397,0.95442875,1.21013116,1.15839079,0.0075553
"4425",25,43,0.67421319,0,0,1.394622,0.95198366,1.207031,1.15542318,0.00185492
"4426",26,43,0.47774813,0,0.0907621,1.394622,0.95198366,1.207031,1.15542318,0
"4427",27,43,0.47895346,0,0.09063211,1.394622,0.95198366,1.207031,1.15542318,0
"4428",28,43,0.43982157,0,0.06338856,1.394622,0.95198366,1.207031,1.15542318,0.00352497
"4429",29,43,0.4395576,0,0.06342139,1.394622,0.95198366,1.207031,1.15542318,0.02127338
"4430",30,43,0.80945576,0,0.06819588,1.394622,0.95198366,1.207031,1.15542318,0.01649789
"4431",31,43,0.81302675,0,0.07105949,1.394622,0.95198366,1.207031,1.15542318,0.00726033
"4432",32,43,0.81506428,0,0.07105949,1.394622,0.95198366,1.207031,1.15542318,0.00636975
"4433",33,43,0.81521677,0,0.07105949,1.394622,0.95198366,1.207031,1.15542318,0.00726579
"4434",34,43,0.81792326,0,0.07105949,1.394622,0.95198366,1.207031,1.15542318,0
"4435",35,43,0.81963873,0,0.07105949,1.394622,0.95198366,1.207031,1.15542318,0.0057645
"4436",36,43,0.82117934,0,0.07105949,1.394622,0.95198366,1.207031,1.15542318,0.03999711
"4437",37,43,0.82401389,0,0,1.394622,0.95198366,1.207031,1.15542318,0.03116318
"4438",38,43,0.82571061,0,0.07105949,1.394622,0.95198366,1.207031,1.15542318,0.0031152
"4439",39,43,0.58655483,0,0.10019008,1.394622,0.95198366,1.207031,1.15542318,0
"4440",40,43,0.79843874,0,0.10019008,1.394622,0.95198366,1.207031,1.15542318,0
"4441",41,43,0.79585464,0,0.09840858,1.394622,0.95198366,1.207031,1.15542318,0.0058798
"4442",42,43,0.79527476,0,0.09537026,1.394622,0.95198366,1.207031,1.15542318,0.00697161
"4443",43,43,0.59063983,0,0,1.394622,0.95198366,1.207031,1.15542318,0
"4444",44,43,0.01650396,0,0,1.394622,0.95198366,1.207031,1.15542318,0.00302734
"4445",45,43,0.47166104,0,0.10556073,1.394622,0.95198366,1.207031,1.15542318,0.00657771
"4446",46,43,0.01882843,0,0.10542329,1.394622,0.95198366,1.207031,1.15542318,0.01138962
"4447",47,43,0.47971736,0,0.10618268,1.394622,0.95198366,1.207031,1.15542318,0
"4448",48,43,0.46187736,0,0.08902957,1.394622,0.95198366,1.207031,1.15542318,0.00331512
"4449",49,43,0.47526575,0,1.20319746,1.394622,0.95198366,1.207031,1.15542318,0
"4450",50,43,0.46889964,0,1.201648,1.394622,0.95198366,1.207031,1.15542318,0
"4451",51,43,0.46716224,0,0.08919112,1.394622,0.95198366,1.207031,1.15542318,0
"4452",52,43,0.57116181,0,0.09128555,1.394622,0.95198366,1.207031,1.15542318,0.00453574
"4453",22,44,0.31514434,0.2552038,1.14940664,1.39102805,0.94953039,1.20392047,1.15244564,0.03622315
"4454",23,44,0.02534282,0,0.11240195,1.39102805,0.94953039,1.20392047,1.15244564,0.03073502
"4455",24,44,0.02387161,0,0.1042059,1.39102805,0.94953039,1.20392047,1.15244564,0.01490594
"4456",25,44,0.02563282,0,0.10695518,1.39102805,0.94953039,1.20392047,1.15244564,0
"4457",26,44,0.4775436,0,0.09049687,1.39102805,0.94953039,1.20392047,1.15244564,0.00443885
"4458",27,44,0.47723355,0,0.09050163,1.39102805,0.94953039,1.20392047,1.15244564,0.00470546
"4459",28,44,0.43709005,0,0.06317495,1.39102805,0.94953039,1.20392047,1.15244564,0.01404308
"4460",29,44,0.79059436,0,0.06380729,1.39102805,0.94953039,1.20392047,1.15244564,0.032063
"4461",30,44,0.79919877,0,0.0662757,1.39102805,0.94953039,1.20392047,1.15244564,0.01757887
"4462",31,44,0.80275342,0,0.06674682,1.39102805,0.94953039,1.20392047,1.15244564,0.0084877
"4463",32,44,0.81216932,0,0.07087638,1.39102805,0.94953039,1.20392047,1.15244564,0.00574359
"4464",33,44,0.81308501,0,0.07087637,1.39102805,0.94953039,1.20392047,1.15244564,0.00878105
"4465",34,44,0.81275771,0,0.07087637,1.39102805,0.94953039,1.20392047,1.15244564,0.00948464
"4466",35,44,0.81357776,0,0.07087637,1.39102805,0.94953039,1.20392047,1.15244564,0.01811306
"4467",36,44,0.8048236,0,0.06691964,1.39102805,0.94953039,1.20392047,1.15244564,0.05763197
"4468",37,44,0.8222209,0,0,1.39102805,0.94953039,1.20392047,1.15244564,0
"4469",38,44,0.81339151,0,0,1.39102805,0.94953039,1.20392047,1.15244564,0.00882337
"4470",39,44,0.58764918,0,0.09993189,1.39102805,0.94953039,1.20392047,1.15244564,0.00459899
"4471",40,44,0.79918097,0,0.09993189,1.39102805,0.94953039,1.20392047,1.15244564,0.00823419
"4472",41,44,0.78752196,0,0.09911713,1.39102805,0.94953039,1.20392047,1.15244564,0.01349354
"4473",42,44,0.55914014,0,0.09369845,1.39102805,0.94953039,1.20392047,1.15244564,0.00138157
"4474",43,44,0.01605797,0,0,1.39102805,0.94953039,1.20392047,1.15244564,0
"4475",44,44,0.42824015,0,1.19726058,1.39102805,0.94953039,1.20392047,1.15244564,0.00910507
"4476",45,44,0.02322029,0,0.10923805,1.39102805,0.94953039,1.20392047,1.15244564,0
"4477",49,44,0.46507016,0,1.19772657,1.39102805,0.94953039,1.20392047,1.15244564,0
"4478",50,44,0.48634593,0,0.10413343,1.39102805,0.94953039,1.20392047,1.15244564,0.00560368
"4479",23,45,0.02368202,0.25454224,0.10724134,1.38742211,0.94706893,1.20079957,1.14945818,0.06604552
"4480",24,45,0.02493766,0,0.11094084,1.38742211,0.94706893,1.20079957,1.14945818,0.01352439
"4481",25,45,0.02449194,0,0.1106998,1.38742211,0.94706893,1.20079957,1.14945818,0.00752641
"4482",26,45,0.31284984,0,1.08366564,1.38742211,0.94706893,1.20079957,1.14945818,0
"4483",27,45,0.47589834,0,0.09026199,1.38742211,0.94706893,1.20079957,1.14945818,0
"4484",28,45,0.47606973,0,0.09022398,1.38742211,0.94706893,1.20079957,1.14945818,0.02051701
"4485",29,45,0.7860861,0,0.06309397,1.38742211,0.94706893,1.20079957,1.14945818,0.00546145
"4486",30,45,0.79103008,0,0.064319,1.38742211,0.94706893,1.20079957,1.14945818,0.02593043
"4487",31,45,0.79766651,0,0.06514602,1.38742211,0.94706893,1.20079957,1.14945818,0.00032226
"4488",32,45,0.788725,0,0.06369283,1.38742211,0.94706893,1.20079957,1.14945818,0.00097577
"4489",33,45,0.803967,0,0.06766843,1.38742211,0.94706893,1.20079957,1.14945818,0.00314
"4490",34,45,0.79192683,0,0.09967284,1.38742211,0.94706893,1.20079957,1.14945818,0.01193086
"4491",35,45,0.78398363,0,0.09589265,1.38742211,0.94706893,1.20079957,1.14945818,0
"4492",36,45,0.77859208,0,0.09412322,1.38742211,0.94706893,1.20079957,1.14945818,0.0094675
"4493",37,45,0.79168447,0,0.09905805,1.38742211,0.94706893,1.20079957,1.14945818,0.0106647
"4494",38,45,0.78584176,0,0.09407307,1.38742211,0.94706893,1.20079957,1.14945818,0.00877502
"4495",39,45,0.58354687,0,0.09967284,1.38742211,0.94706893,1.20079957,1.14945818,0.00787787
"4496",40,45,0.79250193,0,0.09706252,1.38742211,0.94706893,1.20079957,1.14945818,0
"4497",41,45,0.79095392,0,0.09967284,1.38742211,0.94706893,1.20079957,1.14945818,0.01712647
"4498",42,45,0.78970944,0,0.09497065,1.38742211,0.94706893,1.20079957,1.14945818,0.01221347
"4499",43,45,0.59033602,0,1.19931169,1.38742211,0.94706893,1.20079957,1.14945818,0.00050657
"4500",44,45,0.02488702,0,0.11327355,1.38742211,0.94706893,1.20079957,1.14945818,0
"4501",23,46,0.02085478,0.30574539,0.09843106,1.38380418,0.9445993,1.19766829,1.14646078,0.12041134
"4502",24,46,0.02418341,0,0.1093394,1.38380418,0.9445993,1.19766829,1.14646078,0.0130495
"4503",25,46,0.0247933,0,0.10967742,1.38380418,0.9445993,1.19766829,1.14646078,0
"4504",26,46,0.02061412,0,0.09849075,1.38380418,0.9445993,1.19766829,1.14646078,0.0042148
"4505",27,46,0.03956941,0,0.08984647,1.38380418,0.9445993,1.19766829,1.14646078,0.04582035
"4506",28,46,0.47346865,0,0.0899809,1.38380418,0.9445993,1.19766829,1.14646078,0.03885989
"4507",29,46,0.47480788,0,0.09005808,1.38380418,0.9445993,1.19766829,1.14646078,0.02369463
"4508",30,46,0.79215769,0,0.06360646,1.38380418,0.9445993,1.19766829,1.14646078,0.00671929
"4509",31,46,0.79256599,0,0.0645846,1.38380418,0.9445993,1.19766829,1.14646078,0.01995596
"4510",32,46,0.47480788,0,0.09005808,1.38380418,0.9445993,1.19766829,1.14646078,0
"4511",33,46,0.53533624,0,0.09005808,1.38380418,0.9445993,1.19766829,1.14646078,0.00461876
"4512",34,46,0.77100439,0,0.09124432,1.38380418,0.9445993,1.19766829,1.14646078,0.01650662
"4513",35,46,0.47437447,0,0.09004532,1.38380418,0.9445993,1.19766829,1.14646078,0.02944049
"4514",36,46,0.78449873,0,0.09702038,1.38380418,0.9445993,1.19766829,1.14646078,0.01492015
"4515",37,46,0.7889134,0,0.09863314,1.38380418,0.9445993,1.19766829,1.14646078,0.00633227
"4516",38,46,0.77070715,0,0.09347656,1.38380418,0.9445993,1.19766829,1.14646078,0.01575302
"4517",39,46,0.78925945,0,0.09812378,1.38380418,0.9445993,1.19766829,1.14646078,0
"4518",40,46,0.61448283,0,1.19728039,1.38380418,0.9445993,1.19766829,1.14646078,0
"4519",41,46,0.5708159,0,0.11469375,1.38380418,0.9445993,1.19766829,1.14646078,0.10251305
"4520",42,46,0.59414267,0,1.20270282,1.38380418,0.9445993,1.19766829,1.14646078,0.05719088
"4521",43,46,0.5907104,0,0.11841894,1.38380418,0.9445993,1.19766829,1.14646078,0.00360782
"4522",44,46,0.56118209,0,0.11434879,1.38380418,0.9445993,1.19766829,1.14646078,0.02234712
"4523",45,46,0.5662184,0,0.08421322,1.38438474,0.94476328,1.19766829,1.14646078,0.0057937
"4524",22,47,0.2265182,0.30539719,1.18311154,1.38017481,0.94212185,1.19452711,1.1434539,0.02721573
"4525",23,47,0,0,0,1.38017481,0.94212185,1.19452711,1.1434539,0.07397997
"4526",24,47,0,0,0,1.38017481,0.94212185,1.19452711,1.1434539,0.0918941
"4527",25,47,0.02056595,0,0.09814653,1.38017481,0.94212185,1.19452711,1.1434539,0.05625243
"4528",26,47,0.02065167,0,0.09808985,1.38017481,0.94212185,1.19452711,1.1434539,0.07037045
"4529",27,47,0.30378815,0,1.07123688,1.38017481,0.94212185,1.19452711,1.1434539,0.00522539
"4530",28,47,0.01618163,0,0,1.38017481,0.94212185,1.19452711,1.1434539,0.02487533
"4531",29,47,0.54333956,0,0.08982188,1.38017481,0.94212185,1.19452711,1.1434539,0.04788968
"4532",30,47,0.55423878,0,0.08982188,1.38017481,0.94212185,1.19452711,1.1434539,0.16271024
"4533",31,47,0.57540827,0,0.08982188,1.38017481,0.94212185,1.19452711,1.1434539,0.01029033
"4534",32,47,0.55389997,0,0.08972603,1.38017481,0.94212185,1.19452711,1.1434539,0.00629555
"4535",33,47,0.44809267,0,0,1.38017481,0.94212185,1.19452711,1.1434539,0
"4536",34,47,0.47902192,0,0.10683489,1.38017481,0.94212185,1.19452711,1.1434539,0
"4537",35,47,0.59632419,0,0.10768761,1.38017481,0.94212185,1.19452711,1.1434539,0.00900693
"4538",36,47,0.60380071,0,1.20166304,1.38017481,0.94212185,1.19452711,1.1434539,0
"4539",37,47,0.62096243,0,1.20934409,1.38017481,0.94212185,1.19452711,1.1434539,0.00166754
"4540",38,47,0.59745207,0,1.1957862,1.38017481,0.94212185,1.19452711,1.1434539,0.00650573
"4541",39,47,0.60419057,0,1.19725114,1.38017481,0.94212185,1.19452711,1.1434539,0
"4542",40,47,0.56718927,0,1.18918757,1.38017481,0.94212185,1.19452711,1.1434539,0
"4543",41,47,0.52395406,0,1.19231114,1.38017481,0.94212185,1.19452711,1.1434539,0.01756901
"4544",42,47,0.59409947,0,0.12862981,1.38017481,0.94212185,1.19452711,1.1434539,0
"4545",43,47,0.5790759,0,0.09182599,1.38017481,0.94212185,1.19452711,1.1434539,0.00455784
"4546",44,47,0.57625918,0,0.0913377,1.38017481,0.94212185,1.19452711,1.1434539,0.01381751
"4547",45,47,0.58428244,0,0.09309932,1.38075385,0.9422854,1.19452711,1.1434539,0.00446276
"4548",22,48,0.26171235,0.60816158,1.17216277,1.3765329,0.93963585,1.19137508,1.14043664,0.01522207
"4549",23,48,0.19665236,0,1.15797313,1.3765329,0.93963585,1.19137508,1.14043664,0.00463456
"4550",24,48,0.01986988,0,0.09729918,1.3765329,0.93963585,1.19137508,1.14043664,0.16834592
"4551",25,48,0.25879666,0,1.17454249,1.3765329,0.93963585,1.19137508,1.14043664,0.03846947
"4552",26,48,0.25830174,0,1.17287423,1.3765329,0.93963585,1.19137508,1.14043664,0.0359604
"4553",27,48,0.02449279,0,0.10901393,1.3765329,0.93963585,1.19137508,1.14043664,0.01596614
"4554",28,48,0.52628402,0,1.39125691,1.3765329,0.93963585,1.19137508,1.14043664,0.01247807
"4555",29,48,0.52437873,0,1.37787247,1.3765329,0.93963585,1.19137508,1.14043664,0.04020005
"4556",30,48,0.55188613,0,0.1056941,1.3765329,0.93963585,1.19137508,1.14043664,0.02778326
"4557",31,48,0.46771578,0,0.10709786,1.3765329,0.93963585,1.19137508,1.14043664,0.00378534
"4558",32,48,0.50732736,0,1.38469088,1.3765329,0.93963585,1.19137508,1.14043664,0.0173317
"4559",33,48,0.52511879,0,1.40894327,1.3765329,0.93963585,1.19137508,1.14043664,0.02692978
"4560",34,48,0.51993861,0,1.39287858,1.3765329,0.93963585,1.19137508,1.14043664,0.03917853
"4561",35,48,0.51904907,0,1.37381825,1.3765329,0.93963585,1.19137508,1.14043664,0.00408215
"4562",36,48,0.50575915,0,1.39974923,1.3765329,0.93963585,1.19137508,1.14043664,0
"4563",37,48,0.50570507,0,1.48383024,1.3765329,0.93963585,1.19137508,1.14043664,0
"4564",38,48,0.50284672,0,1.46637117,1.3765329,0.93963585,1.19137508,1.14043664,0.01641759
"4565",39,48,0.50539952,0,1.39677851,1.3765329,0.93963585,1.19137508,1.14043664,0
"4566",40,48,0.50619246,0,1.3898895,1.3765329,0.93963585,1.19137508,1.14043664,0
"4567",41,48,0.291827,0,1.5419303,1.3765329,0.93963585,1.19137508,1.14043664,0
"4568",42,48,0.54999619,0,1.49711538,1.3765329,0.93963585,1.19137508,1.14043664,0
"4569",43,48,0.48561839,0,1.50413684,1.3765329,0.93963585,1.19137508,1.14043664,0.00667405
"4570",44,48,0.44847972,0,1.45575555,1.3765329,0.93963585,1.19137508,1.14043664,0.00151175
"4571",45,48,0.85753643,0,1.42988744,1.3765329,0.93963585,1.19137508,1.14043664,0.00462677
"4572",47,48,0.51599913,0,1.45660969,1.3765329,0.93963585,1.19137508,1.14043664,0.03891122
"4573",24,49,0.22603869,0,1.13575202,1.37287901,0.93714167,1.18821267,1.13740945,0.01298211
"4574",25,49,0.22899399,0,1.148033,1.37287901,0.93714167,1.18821267,1.13740945,0.058728
"4575",26,49,0.23323234,0,1.1561219,1.37287901,0.93714167,1.18821267,1.13740945,0.06016947
"4576",27,49,0.24503845,0,1.19118514,1.37287901,0.93714167,1.18821267,1.13740945,0
"4577",28,49,0.24130095,0,1.18417077,1.37287901,0.93714167,1.18821267,1.13740945,0.02163442
"4578",29,49,0.25826701,0,1.17640129,1.37287901,0.93714167,1.18821267,1.13740945,0.00440646
"4579",30,49,0.25720865,0,1.1737621,1.37287901,0.93714167,1.18821267,1.13740945,0.04251466
"4580",31,49,0.29439787,0,1.26381682,1.37287901,0.93714167,1.18821267,1.13740945,0.00762368
"4581",32,49,0.2936988,0,1.2530224,1.37287901,0.93714167,1.18821267,1.13740945,0.03078726
"4582",33,49,0.28208899,0,1.21978348,1.37287901,0.93714167,1.18821267,1.13740945,0.00134746
"4583",34,49,0.27666628,0,1.2056886,1.37287901,0.93714167,1.18821267,1.13740945,0.02225277
"4584",35,49,0.26965215,0,1.19133369,1.37287901,0.93714167,1.18821267,1.13740945,0
"4585",36,49,0.26036541,0,1.22655873,1.37287901,0.93714167,1.18821267,1.13740945,0.00379214
"4586",37,49,0.28221528,0,1.23036495,1.37287901,0.93714167,1.18821267,1.13740945,0.01150774
"4587",38,49,0.26312439,0,1.19059051,1.37287901,0.93714167,1.18821267,1.13740945,0.03084645
"4588",41,49,0.25005221,0,1.2861257,1.37287901,0.93714167,1.18821267,1.13740945,0
"4589",42,49,0.45515873,0,1.45111074,1.37287901,0.93714167,1.18821267,1.13740945,0.01430863
"4590",43,49,0.44985251,0,1.41814823,1.37287901,0.93714167,1.18821267,1.13740945,0.01013355
"4591",44,49,0.4880958,0,1.42067086,1.37287901,0.93714167,1.18821267,1.13740945,0.00486902
"4592",45,49,0.87627856,0,1.41819334,1.37287901,0.93714167,1.18821267,1.13740945,0.01112746
"4593",32,50,0.23006753,0,1.13027648,1.36921368,0.93463967,1.18504037,1.13437277,0
"4594",33,50,0.23318298,0,1.14755423,1.36921368,0.93463967,1.18504037,1.13437277,0
"4595",34,50,0.24486017,0,1.16851318,1.36921368,0.93463967,1.18504037,1.13437277,0
"4596",41,50,0.2328696,0,1.23223091,1.36921368,0.93463967,1.18504037,1.13437277,0
"4597",42,50,0.24589754,0,1.27277949,1.36921368,0.93463967,1.18504037,1.13437277,0.00297301
"4598",43,50,0.24220302,0.31965777,1.28000582,1.36921368,0.93463967,1.18504037,1.13437277,0.00184945
"4599",44,50,0.24931365,0,1.31251353,1.36921368,0.93463967,1.18504037,1.13437277,0.00527409
"4600",49,20,0.06490556,0,0.10720463,1.46785128,1.00559124,1.275648,1.22110639,0
"4601",49,21,0,0.01759437,0.07067847,1.46455479,1.00333289,1.27278316,1.21836404,0
"4602",50,21,0,0,0,1.46455479,1.00333289,1.27278316,1.21836404,0
"4603",37,22,0,0,0,1.46124583,1.00106599,1.26990748,1.21561131,0
"4604",38,22,0.02981765,0,0.06155517,1.46124583,1.00106599,1.26990748,1.21561131,0
"4605",39,22,0.03044955,0,0.0610702,1.46124583,1.00106599,1.26990748,1.21561131,0
"4606",40,22,0,0,0,1.46124583,1.00106599,1.26990748,1.21561131,0
"4607",49,22,0.61920991,0.01771026,0.07100762,1.46124583,1.00106599,1.26990748,1.21561131,0.00996134
"4608",50,22,0.07148508,0,0.08593803,1.46124583,1.00106599,1.26990748,1.21561131,0
"4609",51,22,0.07478296,0,0,1.46124583,1.00106599,1.26990748,1.21561131,0.01321879
"4610",52,22,1.43181846,0,0,1.46124583,1.00106599,1.26990748,1.21561131,0.00583246
"4611",53,22,1.43153155,0,0,1.46124583,1.00106599,1.26990748,1.21561131,0.00598669
"4612",54,22,1.4300117,0,0,1.46124583,1.00106599,1.26990748,1.21561131,0.01003038
"4613",35,23,0.02791133,0,0.08914585,1.45792384,0.99879017,1.26702048,1.21284774,0
"4614",36,23,0.02802569,0,0.08921203,1.45792384,0.99879017,1.26702048,1.21284774,0
"4615",37,23,0.03030265,0,0,1.45792384,0.99879017,1.26702048,1.21284774,0.00556301
"4616",38,23,0.03018943,0,0.06141523,1.45792384,0.99879017,1.26702048,1.21284774,0.00662066
"4617",39,23,1.22304785,0,0,1.45792384,0.99879017,1.26702048,1.21284774,0.03942015
"4618",40,23,1.22156236,0,0,1.45792384,0.99879017,1.26702048,1.21284774,0.0087293
"4619",41,23,0.08438884,0,0,1.45792384,0.99879017,1.26702048,1.21284774,0
"4620",42,23,1.22176386,0,0,1.45792384,0.99879017,1.26702048,1.21284774,0.01082041
"4621",43,23,1.24673195,0,0,1.45792384,0.99879017,1.26702048,1.21284774,0.02272764
"4622",44,23,1.22064106,0,0,1.45792384,0.99879017,1.26702048,1.21284774,0.0069811
"4623",45,23,1.31320151,0,0,1.45792384,0.99879017,1.26702048,1.21284774,0.01873798
"4624",46,23,1.31634816,0,0,1.45792384,0.99879017,1.26702048,1.21284774,0.01125652
"4625",47,23,1.30199884,0,0,1.45792384,0.99879017,1.26702048,1.21284774,0.0093432
"4626",48,23,0.89911798,0,0,1.45792384,0.99879017,1.26702048,1.21284774,0
"4627",49,23,0.62573825,0.01810085,0,1.45792384,0.99879017,1.26702048,1.21284774,0.00094423
"4628",50,23,0.03545344,0.01799902,0.08695036,1.45792384,0.99879017,1.26702048,1.21284774,0
"4629",51,23,0.07460392,0,0.06174433,1.45792384,0.99879017,1.26702048,1.21284774,0
"4630",52,23,0.07111605,0,0.08574266,1.45792384,0.99879017,1.26702048,1.21284774,0.0064328
"4631",53,23,0.02526469,0,0,1.45792384,0.99879017,1.26702048,1.21284774,0.03174908
"4632",54,23,0.02560752,0,0,1.45792384,0.99879017,1.26702048,1.21284774,0.00917402
"4633",34,24,0.0278343,0,0.08893246,1.45458991,0.99650618,1.2641231,1.21007425,0.01953073
"4634",35,24,0.02788857,0,0.08896884,1.45458991,0.99650618,1.2641231,1.21007425,0.01593357
"4635",36,24,0.02784283,0,0.08901173,1.45458991,0.99650618,1.2641231,1.21007425,0.00133446
"4636",37,24,1.21582015,0,0,1.45458991,0.99650618,1.2641231,1.21007425,0
"4637",38,24,1.24374503,0,0,1.45458991,0.99650618,1.2641231,1.21007425,0.01216297
"4638",39,24,1.24088258,0,0,1.45458991,0.99650618,1.2641231,1.21007425,0.09619229
"4639",40,24,0.10773364,0,0,1.45458991,0.99650618,1.2641231,1.21007425,0.01114693
"4640",41,24,1.27697245,0,0,1.45458991,0.99650618,1.2641231,1.21007425,0.01088165
"4641",42,24,1.2420838,0,0,1.45458991,0.99650618,1.2641231,1.21007425,0.00958572
"4642",43,24,1.23839545,0,0,1.45458991,0.99650618,1.2641231,1.21007425,0.02623091
"4643",44,24,0.10387742,0,0,1.45458991,0.99650618,1.2641231,1.21007425,0
"4644",45,24,1.33128968,0,0,1.45458991,0.99650618,1.2641231,1.21007425,0.01567542
"4645",46,24,1.37124996,0,0,1.45458991,0.99650618,1.2641231,1.21007425,0.01035475
"4646",47,24,0.89038706,0,0,1.45458991,0.99650618,1.2641231,1.21007425,0.00855635
"4647",48,24,0.89030014,0,0,1.45458991,0.99650618,1.2641231,1.21007425,0.00397915
"4648",49,24,0.07553152,0,0,1.45458991,0.99650618,1.2641231,1.21007425,0
"4649",50,24,0.02948354,0,0.06160314,1.45458991,0.99650618,1.2641231,1.21007425,0
"4650",51,24,0.07529046,0,0.06160313,1.45458991,0.99650618,1.2641231,1.21007425,0.00210089
"4651",52,24,0.07085393,0,0.0855512,1.45458991,0.99650618,1.2641231,1.21007425,0.00501295
"4652",53,24,0.87594102,0,0.08556186,1.45458991,0.99650618,1.2641231,1.21007425,0.005416
"4653",54,24,0.06682887,0,0.0856589,1.45458991,0.99650618,1.2641231,1.21007425,0
"4654",55,24,0.03600964,0,0.06885822,1.45458991,0.99650618,1.2641231,1.21007425,0.0120606
"4655",56,24,0.04020382,0,0.06889657,1.45458991,0.99650618,1.2641231,1.21007425,0.00488518
"4656",57,24,0.03957787,0,0.06943532,1.45458991,0.99650618,1.2641231,1.21007425,0.01281061
"4657",35,25,0.0310553,0,0.08439667,1.45124296,0.99421326,1.2612144,1.20728992,0
"4658",36,25,1.21507646,0,0,1.45124296,0.99421326,1.2612144,1.20728992,0
"4659",37,25,0.03137645,0,0.08448994,1.45124296,0.99421326,1.2612144,1.20728992,0.00403798
"4660",38,25,0.03154043,0,0.08477971,1.45124296,0.99421326,1.2612144,1.20728992,0.00703836
"4661",39,25,1.24027244,0,0,1.45124296,0.99421326,1.2612144,1.20728992,0.00897672
"4662",40,25,1.234968,0,0,1.45124296,0.99421326,1.2612144,1.20728992,0.10898583
"4663",41,25,1.23800919,0,0,1.45124296,0.99421326,1.2612144,1.20728992,0.0433537
"4664",42,25,1.23814691,0,0,1.45124296,0.99421326,1.2612144,1.20728992,0.02582444
"4665",43,25,1.30686485,0,0,1.45124296,0.99421326,1.2612144,1.20728992,0.01973456
"4666",44,25,1.32768529,0,0,1.45124296,0.99421326,1.2612144,1.20728992,0.02403743
"4667",45,25,1.35852723,0,0,1.45124296,0.99421326,1.2612144,1.20728992,0.00441989
"4668",46,25,1.3594429,0,0,1.45124296,0.99421326,1.2612144,1.20728992,0.01324
"4669",47,25,0.02922531,0,0,1.45124296,0.99421326,1.2612144,1.20728992,0.0081805
"4670",48,25,0.07599405,0,0.06146139,1.45124296,0.99421326,1.2612144,1.20728992,0.0052381
"4671",49,25,0.0751053,0,0.06146139,1.45124296,0.99421326,1.2612144,1.20728992,0.00208263
"4672",50,25,0.86507604,0,0.08525029,1.45124296,0.99421326,1.2612144,1.20728992,0
"4673",51,25,1.23486914,0,0,1.45124296,0.99421326,1.2612144,1.20728992,0.00397938
"4674",52,25,1.23447894,0,0,1.45124296,0.99421326,1.2612144,1.20728992,0.12296748
"4675",53,25,1.23614232,0,0,1.45124296,0.99421326,1.2612144,1.20728992,0.01207242
"4676",54,25,0.03088865,0,0.08542687,1.45124296,0.99421326,1.2612144,1.20728992,0
"4677",55,25,0.02803312,0,0.08062106,1.45124296,0.99421326,1.2612144,1.20728992,0.01166378
"4678",56,25,0.03166776,0,0.0850399,1.45124296,0.99421326,1.2612144,1.20728992,0.00301596
"4679",57,25,0.03063186,0,0.08534975,1.45124296,0.99421326,1.2612144,1.20728992,0.03021925
"4680",35,26,0.03099418,0,0.08418237,1.44788407,0.99191216,1.25829533,1.20449565,0
"4681",36,26,0.03126917,0,0.08435402,1.44788407,0.99191216,1.25829533,1.20449565,0.00845646
"4682",37,26,0.08228938,0,0,1.44788407,0.99191216,1.25829533,1.20449565,0
"4683",38,26,1.21276219,0,0,1.44788407,0.99191216,1.25829533,1.20449565,0.01490671
"4684",39,26,1.23654339,0,0,1.44788407,0.99191216,1.25829533,1.20449565,0.01195903
"4685",40,26,1.23361102,0,0,1.44788407,0.99191216,1.25829533,1.20449565,0.03700484
"4686",41,26,1.23149129,0,0,1.44788407,0.99191216,1.25829533,1.20449565,0.01757931
"4687",42,26,0.10320307,0,0,1.44788407,0.99191216,1.25829533,1.20449565,0.03160089
"4688",43,26,1.2979134,0,0,1.44788407,0.99191216,1.25829533,1.20449565,0.01283027
"4689",44,26,1.2807997,0,0,1.44788407,0.99191216,1.25829533,1.20449565,0.00393156
"4690",45,26,1.27922391,0,0,1.44788407,0.99191216,1.25829533,1.20449565,0.04861819
"4691",46,26,1.23432019,0,0,1.44788407,0.99191216,1.25829533,1.20449565,0
"4692",47,26,0.89276,0,0.08503777,1.44788407,0.99191216,1.25829533,1.20449565,0
"4693",48,26,0.89343778,0,0.08501601,1.44788407,0.99191216,1.25829533,1.20449565,0
"4694",49,26,0.86341189,0,0.08508776,1.44788407,0.99191216,1.25829533,1.20449565,0.00457747
"4695",50,26,1.27214089,0,0,1.44788407,0.99191216,1.25829533,1.20449565,0.00574717
"4696",51,26,1.23148357,0,0,1.44788407,0.99191216,1.25829533,1.20449565,0.00353918
"4697",52,26,1.26552333,0,0,1.44788407,0.99191216,1.25829533,1.20449565,0.04348433
"4698",53,26,1.27842002,0,0,1.44788407,0.99191216,1.25829533,1.20449565,0.01458655
"4699",54,26,1.28019913,0,0,1.44788407,0.99191216,1.25829533,1.20449565,0.00796106
"4700",55,26,0.07312451,0,0.0851647,1.44788407,0.99191216,1.25829533,1.20449565,0
"4701",56,26,0.07015461,0.07123543,0.09135429,1.45028388,0.99215071,1.25829533,1.20449565,0
"4702",36,27,0.03095595,0,0.0839266,1.44451216,0.98960214,1.25536495,1.20169056,0.00929435
"4703",37,27,1.21054617,0,0,1.44451216,0.98960214,1.25536495,1.20169056,0.00612487
"4704",38,27,1.21115,0,0,1.44451216,0.98960214,1.25536495,1.20169056,0.01178763
"4705",39,27,0.03109748,0,0.08439019,1.44451216,0.98960214,1.25536495,1.20169056,0.01304897
"4706",40,27,1.23397548,0,0,1.44451216,0.98960214,1.25536495,1.20169056,0.00817233
"4707",41,27,0.03104628,0,0.08463317,1.44451216,0.98960214,1.25536495,1.20169056,0.01555501
"4708",42,27,1.2291152,0,0,1.44451216,0.98960214,1.25536495,1.20169056,0.02305417
"4709",43,27,1.25655634,0,0,1.44451216,0.98960214,1.25536495,1.20169056,0.01824848
"4710",44,27,0.1028842,0,0,1.44451216,0.98960214,1.25536495,1.20169056,0.00809362
"4711",45,27,1.27309819,0,0,1.44451216,0.98960214,1.25536495,1.20169056,0.02483264
"4712",46,27,1.258154,0,0,1.44451216,0.98960214,1.25536495,1.20169056,0.02263454
"4713",47,27,1.25916835,0,0,1.44451216,0.98960214,1.25536495,1.20169056,0.01509728
"4714",48,27,1.25986432,0,0,1.44451216,0.98960214,1.25536495,1.20169056,0.02484481
"4715",49,27,1.26088559,0,0,1.44451216,0.98960214,1.25536495,1.20169056,0.0003668
"4716",50,27,1.22862375,0,0,1.44451216,0.98960214,1.25536495,1.20169056,0.01925455
"4717",51,27,1.24165288,0,0,1.44451216,0.98960214,1.25536495,1.20169056,0.03177425
"4718",52,27,1.27831546,0,0,1.44451216,0.98960214,1.25536495,1.20169056,0.01570737
"4719",53,27,1.28065281,0,0,1.44451216,0.98960214,1.25536495,1.20169056,0.01749566
"4720",54,27,1.28004123,0,0,1.44451216,0.98960214,1.25536495,1.20169056,0.01080165
"4721",55,27,1.27756254,0,0,1.44451216,0.98960214,1.25536495,1.20169056,0.0189495
"4722",56,27,0.88716539,0,0,1.44451216,0.98960214,1.25536495,1.20169056,0.00206424
"4723",34,28,1.34457995,0,0,1.44112831,0.98728394,1.25242418,1.19887553,0
"4724",35,28,1.36159571,0,0,1.44040177,0.98723118,1.25242418,1.19887553,0
"4725",36,28,0,0,0,1.44112831,0.98728394,1.25242418,1.19887553,0
"4726",37,28,0.0311092,0,0.0841052,1.44112831,0.98728394,1.25242418,1.19887553,0.00746679
"4727",38,28,1.20797149,0,0,1.44112831,0.98728394,1.25242418,1.19887553,0
"4728",39,28,0.0307822,0,0.0839082,1.44112831,0.98728394,1.25242418,1.19887553,0
"4729",40,28,0.04085892,0,0,1.44112831,0.98728394,1.25242418,1.19887553,0
"4730",41,28,0.74197707,0,0.06851683,1.44112831,0.98728394,1.25242418,1.19887553,0.00807394
"4731",42,28,1.3078016,0,0,1.44112831,0.98728394,1.25242418,1.19887553,0.04547566
"4732",43,28,1.3180666,0,0,1.44112831,0.98728394,1.25242418,1.19887553,0.02905942
"4733",44,28,1.27386594,0,0,1.44112831,0.98728394,1.25242418,1.19887553,0.03749735
"4734",45,28,1.27637971,0,0,1.44112831,0.98728394,1.25242418,1.19887553,0.02167325
"4735",46,28,1.22549776,0,0,1.44112831,0.98728394,1.25242418,1.19887553,0.02213936
"4736",47,28,1.22703713,0,0,1.44112831,0.98728394,1.25242418,1.19887553,0.02643844
"4737",48,28,1.26355754,0,0,1.44112831,0.98728394,1.25242418,1.19887553,0.0104529
"4738",49,28,1.31801759,0,0,1.44112831,0.98728394,1.25242418,1.19887553,0.01086345
"4739",50,28,0.85867271,0,0.08473848,1.44112831,0.98728394,1.25242418,1.19887553,0.0169285
"4740",51,28,1.24833123,0,0,1.44112831,0.98728394,1.25242418,1.19887553,0.01655465
"4741",52,28,1.26218427,0,0,1.44112831,0.98728394,1.25242418,1.19887553,0.018335
"4742",53,28,1.27994474,0,0,1.44112831,0.98728394,1.25242418,1.19887553,0.01370526
"4743",54,28,1.27878459,0,0,1.44112831,0.98728394,1.25242418,1.19887553,0.00947438
"4744",33,29,1.20820563,0,0,1.43773198,0.98495719,1.24947258,1.19605012,0.00546335
"4745",34,29,0.0406249,0,0.06806019,1.43773198,0.98495719,1.24947258,1.19605012,0
"4746",35,29,0.03091947,0,0.08334137,1.43773198,0.98495719,1.24947258,1.19605012,0.00558546
"4747",36,29,0.03081167,0,0.08353088,1.43773198,0.98495719,1.24947258,1.19605012,0.00790739
"4748",37,29,0.03103158,0,0.08388486,1.43773198,0.98495719,1.24947258,1.19605012,0.01713123
"4749",38,29,0.03119851,0,0.08397973,1.43773198,0.98495719,1.24947258,1.19605012,0.03076845
"4750",39,29,0.03125346,0,0.08403505,1.43773198,0.98495719,1.24947258,1.19605012,0
"4751",40,29,0.74263925,0,0.0665907,1.43773198,0.98495719,1.24947258,1.19605012,0.02321865
"4752",41,29,1.21447465,0,0,1.43773198,0.98495719,1.24947258,1.19605012,0.00307223
"4753",42,29,1.30674543,0,0,1.43773198,0.98495719,1.24947258,1.19605012,0.00417989
"4754",43,29,1.32807682,0,0,1.43773198,0.98495719,1.24947258,1.19605012,0.02606461
"4755",44,29,1.26996812,0,0,1.43773198,0.98495719,1.24947258,1.19605012,0.01812444
"4756",45,29,0.10262432,0,0,1.43773198,0.98495719,1.24947258,1.19605012,0.03513033
"4757",46,29,0.10262432,0,0,1.43773198,0.98495719,1.24947258,1.19605012,0.02298452
"4758",47,29,1.32239481,0,0,1.43773198,0.98495719,1.24947258,1.19605012,0.01524285
"4759",48,29,0.88680323,0,0.08455514,1.43773198,0.98495719,1.24947258,1.19605012,0.00176617
"4760",49,29,0.88760027,0,0.08455514,1.43773198,0.98495719,1.24947258,1.19605012,0.00666047
"4761",50,29,0.85678126,0,0.08455514,1.43773198,0.98495719,1.24947258,1.19605012,0.01444992
"4762",51,29,0.07410153,0,0.07993881,1.43773198,0.98495719,1.24947258,1.19605012,0.00376054
"4763",52,29,0.07353262,0,0.07993881,1.43773198,0.98495719,1.24947258,1.19605012,0.00654939
"4764",53,29,0.07381992,0,0.07993881,1.43773198,0.98495719,1.24947258,1.19605012,0.00673204
"4765",54,29,0.07703088,0,0.06585918,1.43773198,0.98495719,1.24947258,1.19605012,0.00406253
"4766",33,30,1.28473595,0,0,1.43432316,0.9826219,1.24651012,1.19321433,0.00472344
"4767",34,30,1.22900563,0,0,1.43432316,0.9826219,1.24651012,1.19321433,0.00953156
"4768",35,30,1.28435446,0,0,1.43432316,0.9826219,1.24651012,1.19321433,0.00822815
"4769",36,30,1.23499139,0,0,1.43432316,0.9826219,1.24651012,1.19321433,0.01285528
"4770",37,30,1.19233891,0,0,1.43432316,0.9826219,1.24651012,1.19321433,0.01189937
"4771",38,30,1.18431614,0,0,1.43432316,0.9826219,1.24651012,1.19321433,0.01764885
"4772",39,30,1.19281909,0,0,1.43432316,0.9826219,1.24651012,1.19321433,0.05578251
"4773",40,30,1.20534098,0,0,1.43432316,0.9826219,1.24651012,1.19321433,0.05569875
"4774",41,30,1.29445886,0,0,1.43432316,0.9826219,1.24651012,1.19321433,0.02813499
"4775",42,30,1.30741121,0,0,1.43432316,0.9826219,1.24651012,1.19321433,0.0120781
"4776",43,30,1.28280441,0,0,1.43432316,0.9826219,1.24651012,1.19321433,0.01645662
"4777",44,30,1.32109587,0,0,1.43432316,0.9826219,1.24651012,1.19321433,0.01190575
"4778",45,30,1.31836512,0,0,1.43432316,0.9826219,1.24651012,1.19321433,0.00844851
"4779",46,30,1.31996496,0,0,1.43432316,0.9826219,1.24651012,1.19321433,0.00928199
"4780",47,30,0.07136698,0,0.07974928,1.43432316,0.9826219,1.24651012,1.19321433,0.00896739
"4781",48,30,0.88428843,0,0.0843308,1.43432316,0.9826219,1.24651012,1.19321433,0.00894456
"4782",49,30,0.07565669,0,0.07974928,1.43432316,0.9826219,1.24651012,1.19321433,0.00655587
"4783",50,30,0.07751293,0,0.07151704,1.43432316,0.9826219,1.24651012,1.19321433,0.00447253
"4784",51,30,0.07631139,0,0.0698068,1.43432316,0.9826219,1.24651012,1.19321433,0.00503364
"4785",52,30,0.07388712,0,0.06671729,1.43432316,0.9826219,1.24651012,1.19321433,0
"4786",53,30,0.07018855,0,0.07974928,1.43432316,0.9826219,1.24651012,1.19321433,0.00434248
"4787",54,30,0.06942802,0,0.08012129,1.43432316,0.9826219,1.24651012,1.19321433,0
"4788",55,30,0.07366654,0,0.08012129,1.43432316,0.9826219,1.24651012,1.19321433,0.00079638
"4789",32,31,1.3631249,0,0,1.43090187,0.98027805,1.24353682,1.19036815,0.01656959
"4790",33,31,1.34933948,0,0,1.43090187,0.98027805,1.24353682,1.19036815,0
"4791",34,31,1.08830793,0,0,1.43090187,0.98027805,1.24353682,1.19036815,0.07677873
"4792",35,31,1.10013349,0,0,1.43090187,0.98027805,1.24353682,1.19036815,0.06730748
"4793",36,31,1.3441253,0,0,1.43090187,0.98027805,1.24353682,1.19036815,0.02457528
"4794",37,31,1.30254027,0,0,1.43090187,0.98027805,1.24353682,1.19036815,0.0472468
"4795",38,31,1.28801421,0,0,1.43090187,0.98027805,1.24353682,1.19036815,0.04267315
"4796",39,31,1.21965572,0,0,1.43090187,0.98027805,1.24353682,1.19036815,0.10674334
"4797",40,31,1.34023787,0,0,1.43090187,0.98027805,1.24353682,1.19036815,0.10083938
"4798",41,31,1.25507564,0,0,1.43090187,0.98027805,1.24353682,1.19036815,0.05945989
"4799",42,31,1.21050049,0,0,1.43090187,0.98027805,1.24353682,1.19036815,0.04624291
"4800",43,31,1.25286063,0,0,1.43090187,0.98027805,1.24353682,1.19036815,0.03357352
"4801",44,31,1.27302981,0,0,1.43090187,0.98027805,1.24353682,1.19036815,0.01716356
"4802",45,31,1.29336691,0,0,1.43090187,0.98027805,1.24353682,1.19036815,0.01636692
"4803",46,31,0.07394253,0,0.07973212,1.43090187,0.98027805,1.24353682,1.19036815,0.00459068
"4804",47,31,0.07170917,0,0.07958435,1.43090187,0.98027805,1.24353682,1.19036815,0.01473341
"4805",48,31,0.07427081,0,0.07963658,1.43090187,0.98027805,1.24353682,1.19036815,0.02708148
"4806",49,31,0.0781218,0,0.06912274,1.43090187,0.98027805,1.24353682,1.19036815,0.00293589
"4807",50,31,0.07730282,0,0.06728731,1.43090187,0.98027805,1.24353682,1.19036815,0
"4808",51,31,0.07401555,0,0.06722405,1.43090187,0.98027805,1.24353682,1.19036815,0.00286106
"4809",52,31,0.06983031,0,0.07963576,1.43090187,0.98027805,1.24353682,1.19036815,0
"4810",53,31,0.07746708,0,0,1.43090187,0.98027805,1.24353682,1.19036815,0.007779
"4811",54,31,0.02706992,0,0.09986029,1.43090187,0.98027805,1.24353682,1.19036815,0.00265939
"4812",55,31,0.02740143,0,0.07963145,1.43090187,0.98027805,1.24353682,1.19036815,0.00711707
"4813",56,31,0.68618374,0.06247008,0.06725541,1.43090187,0.98027805,1.24353682,1.19036815,0.00771142
"4814",32,32,1.08633109,0,0,1.42746864,0.97792602,1.24055314,1.18751205,0.00370367
"4815",33,32,1.10289109,0,0,1.42746864,0.97792602,1.24055314,1.18751205,0.00377938
"4816",34,32,1.09486223,0,0,1.42746864,0.97792602,1.24055314,1.18751205,0.00403964
"4817",35,32,1.23697794,0,0,1.42746864,0.97792602,1.24055314,1.18751205,0.06012967
"4818",36,32,1.09412465,0,0,1.42746864,0.97792602,1.24055314,1.18751205,0.03518378
"4819",37,32,1.38094282,0,0,1.42746864,0.97792602,1.24055314,1.18751205,0.05255658
"4820",38,32,1.27137362,0,0,1.42746864,0.97792602,1.24055314,1.18751205,0.05366614
"4821",39,32,1.24124764,0,0,1.42746864,0.97792602,1.24055314,1.18751205,0.03644617
"4822",40,32,1.34333048,0,0,1.42746864,0.97792602,1.24055314,1.18751205,0.13030031
"4823",41,32,1.18920201,0,0,1.42746864,0.97792602,1.24055314,1.18751205,0.13382689
"4824",45,32,1.16708049,0,0,1.43673536,0.97886676,1.24055314,1.18751205,0.0662736
"4825",46,32,0.07064183,0,0.07969884,1.42746864,0.97792602,1.24055314,1.18751205,0
"4826",47,32,0.0746403,0,0.07936816,1.42746864,0.97792602,1.24055314,1.18751205,0.01250171
"4827",48,32,0.07132311,0,0.07944721,1.42746864,0.97792602,1.24055314,1.18751205,0
"4828",49,32,0.8384211,0,0,1.42746864,0.97792602,1.24055314,1.18751205,0
"4829",50,32,0.07696147,0,0.07303298,1.42746864,0.97792602,1.24055314,1.18751205,0
"4830",51,32,0.07707608,0,0,1.42746864,0.97792602,1.24055314,1.18751205,0.03182149
"4831",52,32,0.01954539,0,0.10964177,1.42746864,0.97792602,1.24055314,1.18751205,0
"4832",53,32,0.0184409,0,0.10759324,1.42746864,0.97792602,1.24055314,1.18751205,0
"4833",54,32,0.02347145,0,0.11303251,1.42746864,0.97792602,1.24055314,1.18751205,0.00444147
"4834",55,32,0.22738033,0,1.23812673,1.42746864,0.97792602,1.24055314,1.18751205,0
"4835",35,33,1.11959164,0,0,1.42402293,0.97556544,1.23755862,1.18464556,0.00744766
"4836",37,33,1.23771507,0,0,1.42402293,0.97556544,1.23755862,1.18464556,0.08067627
"4837",38,33,1.08929876,0,0.05443767,1.42402293,0.97556544,1.23755862,1.18464556,0.07871923
"4838",45,33,1.16489752,0,0,1.42402293,0.97556544,1.23755862,1.18464556,0.04095031
"4839",46,33,1.30747245,0,0,1.42402293,0.97556544,1.23755862,1.18464556,0.02074559
"4840",47,33,0.84105442,0,0,1.42402293,0.97556544,1.23755862,1.18464556,0.03120342
"4841",48,33,0.84462081,0,0,1.42402293,0.97556544,1.23755862,1.18464556,0
"4842",49,33,0.84233601,0,0,1.42402293,0.97556544,1.23755862,1.18464556,0
"4843",50,33,0.07386017,0,0,1.42402293,0.97556544,1.23755862,1.18464556,0
"4844",51,33,0.60367955,0,0.09989046,1.42402293,0.97556544,1.23755862,1.18464556,0
"4845",52,33,0.02048225,0,0.11127534,1.42402293,0.97556544,1.23755862,1.18464556,0
"4846",53,33,0.02363924,0,0.11510698,1.42402293,0.97556544,1.23755862,1.18464556,0
"4847",45,34,0.0336812,0,0.0726798,1.42056529,0.97319669,1.23455373,1.18176914,0.04247237
"4848",46,34,0.83075708,0,0.07267979,1.42056529,0.97319669,1.23455373,1.18176914,0.02010346
"4849",47,34,0.83616471,0,0,1.42056529,0.97319669,1.23455373,1.18176914,0.00424237
"4850",48,34,0.83837207,0,0.07267979,1.42056529,0.97319669,1.23455373,1.18176914,0.00224598
"4851",49,34,0.83567049,0,0.07267979,1.42056529,0.97319669,1.23455373,1.18176914,0
"4852",50,34,0.83982327,0,0,1.42056529,0.97319669,1.23455373,1.18176914,0.00720401
"4853",51,34,0.64970608,0,0.13011801,1.42056529,0.97319669,1.23455373,1.18176914,0
"4854",52,34,0.02011856,0,0.11039178,1.42056529,0.97319669,1.23455373,1.18176914,0
"4855",44,35,1.24912737,0,0,1.41709461,0.97081901,1.23153751,1.17888189,0.159304
"4856",45,35,0.82204964,0,0.07250222,1.41709461,0.97081901,1.23153751,1.17888189,0.01658288
"4857",46,35,0.82125204,0,0.07250222,1.41709461,0.97081901,1.23153751,1.17888189,0
"4858",47,35,0.82873375,0,0.07250223,1.41709461,0.97081901,1.23153751,1.17888189,0.01663302
"4859",48,35,0.82874085,0,0,1.41709461,0.97081901,1.23153751,1.17888189,0
"4860",49,35,0.82819929,0,0,1.41709461,0.97081901,1.23153751,1.17888189,0
"4861",50,35,0.54183178,0,0,1.41709461,0.97081901,1.23153751,1.17888189,0
"4862",51,35,0.64332409,0,0.11977905,1.41709461,0.97081901,1.23153751,1.17888189,0.02023688
"4863",52,35,0.02034632,0,0.1108041,1.41709461,0.97081901,1.23153751,1.17888189,0
"4864",53,35,0.45724668,0,0.11032198,1.41709461,0.97081901,1.23153751,1.17888189,0
"4865",43,36,0.06440732,0,0.07764749,1.41361255,0.96843353,1.22851139,1.17598515,0.10136548
"4866",44,36,0.81751089,0,0.06562177,1.41361255,0.96843353,1.22851139,1.17598515,0.03165896
"4867",45,36,0.82452691,0,0.07232407,1.41361255,0.96843353,1.22851139,1.17598515,0.01424638
"4868",46,36,0.82073841,0,0.07232407,1.41361255,0.96843353,1.22851139,1.17598515,0.01730868
"4869",47,36,0.82528948,0,0,1.41361255,0.96843353,1.22851139,1.17598515,0.00408908
"4870",48,36,0.82668409,0,0,1.41361255,0.96843353,1.22851139,1.17598515,0.02027412
"4871",49,36,0.74663189,0,0,1.41361255,0.96843353,1.22851139,1.17598515,0
"4872",50,36,0.57340046,0,1.24316755,1.41361255,0.96843353,1.22851139,1.17598515,0.00282656
"4873",51,36,0.24244247,0,1.24026619,1.41361255,0.96843353,1.22851139,1.17598515,0
"4874",52,36,0.4186107,0,1.22505418,1.41361255,0.96843353,1.22851139,1.17598515,0
"4875",53,36,0.5985548,0,1.22643158,1.41361255,0.96843353,1.22851139,1.17598515,0
"4876",54,36,0.64179627,0,0.11320864,1.41361255,0.96843353,1.22851139,1.17598515,0.03118161
"4877",43,37,0.04446404,0,0.09135303,1.410118,0.96603949,1.22547443,1.17307804,0.00828466
"4878",44,37,0.07354576,0,0.06424906,1.410118,0.96603949,1.22547443,1.17307804,0.00827555
"4879",45,37,0.82102298,0,0.06424906,1.410118,0.96603949,1.22547443,1.17307804,0.01136169
"4880",46,37,0.82209697,0,0.07214528,1.410118,0.96603949,1.22547443,1.17307804,0.01077188
"4881",47,37,0.8214108,0,0.07214528,1.410118,0.96603949,1.22547443,1.17307804,0.00443123
"4882",48,37,0.60224184,0,0,1.410118,0.96603949,1.22547443,1.17307804,0
"4883",49,37,0.04169346,0,0.09841194,1.410118,0.96603949,1.22547443,1.17307804,0
"4884",50,37,0.44509683,0,1.22608036,1.410118,0.96603949,1.22547443,1.17307804,0
"4885",51,37,0.23965715,0,1.22280562,1.410118,0.96603949,1.22547443,1.17307804,0
"4886",52,37,0.5767881,0,1.22182875,1.410118,0.96603949,1.22547443,1.17307804,0.01015285
"4887",53,37,0.02493233,0,0.09711054,1.410118,0.96603949,1.22547443,1.17307804,0
"4888",43,38,0.02077331,0,0.10792606,1.40661097,0.96363691,1.22242662,1.17016054,0
"4889",44,38,0,0,0,1.40661097,0.96363691,1.22242662,1.17016054,0
"4890",45,38,0.04409769,0,0.09178811,1.40661097,0.96363691,1.22242662,1.17016054,0
"4891",46,38,0.04392241,0,0.09178804,1.40661097,0.96363691,1.22242662,1.17016054,0
"4892",47,38,0.81655691,0,0,1.40661097,0.96363691,1.22242662,1.17016054,0
"4893",48,38,0.0400227,0,0.101468,1.40661097,0.96363691,1.22242662,1.17016054,0.01325896
"4894",51,38,0.60725275,0,1.22259432,1.40661097,0.96363691,1.22242662,1.17016054,0
"4895",52,38,0.62394167,0,0,1.40661097,0.96363691,1.22242662,1.17016054,0
"4896",44,39,0.46300804,0,0.08965882,1.40309201,0.96122615,1.21936843,1.16723311,0
"4897",45,39,0.46383524,0,1.22180199,1.40309201,0.96122615,1.21936843,1.16723311,0.00573263
"4898",46,39,0.58876571,0,0.09308271,1.40309201,0.96122615,1.21936843,1.16723311,0.00939307
"4899",47,39,0.58873733,0,0.09535956,1.40309201,0.96122615,1.21936843,1.16723311,0
"4900",24,20,0.8675043,0,0.0859387,1.46711127,1.0055375,1.275648,1.22110639,0.0132813
"4901",25,20,0.8674262,0,0.0859387,1.46711127,1.0055375,1.275648,1.22110639,0.00254214
"4902",26,20,0.86779685,0,0,1.46711127,1.0055375,1.275648,1.22110639,0.00503685
"4903",27,20,0.86779689,0,0,1.46711127,1.0055375,1.275648,1.22110639,0
"4904",28,20,1.02882346,0,0,1.46717209,1.00565842,1.275648,1.22110639,0
"4905",21,21,0.99527741,0,0,1.46381645,1.00327927,1.27278316,1.21836404,0
"4906",22,21,0.99527741,0,0,1.46381645,1.00327927,1.27278316,1.21836404,0.01454153
"4907",23,21,0.02758969,0,0.0905949,1.46381645,1.00327927,1.27278316,1.21836404,0.02211581
"4908",24,21,0.86584797,0,0,1.46381645,1.00327927,1.27278316,1.21836404,0.00225442
"4909",25,21,0.86546746,0,0.0857457,1.46381645,1.00327927,1.27278316,1.21836404,0.00868778
"4910",26,21,0.02755271,0,0.09067448,1.46381645,1.00327927,1.27278316,1.21836404,0.0182185
"4911",27,21,0.02778487,0,0.08920785,1.46381645,1.00327927,1.27278316,1.21836404,0.00840553
"4912",28,21,0.88850813,0,0.08920785,1.46381645,1.00327927,1.27278316,1.21836404,0.00946323
"4913",29,21,1.22768135,0,0.0857457,1.46381645,1.00327927,1.27278316,1.21836404,0.01341551
"4914",30,21,0.8655793,0,0.0857144,1.46381645,1.00327927,1.27278316,1.21836404,0.00609403
"4915",20,22,1.12166201,0,0,1.46050915,1.00101249,1.26990748,1.21561131,0.00373623
"4916",21,22,1.08126987,0,0,1.46050915,1.00101249,1.26990748,1.21561131,0.00241979
"4917",22,22,0,0,0,1.46050915,1.00101249,1.26990748,1.21561131,0
"4918",23,22,0.0277221,0,0.0890063,1.46050915,1.00101249,1.26990748,1.21561131,0.00268415
"4919",24,22,0.86356551,0,0.08555197,1.46050915,1.00101249,1.26990748,1.21561131,0.00548647
"4920",25,22,1.22610199,0,0.08555197,1.46050915,1.00101249,1.26990748,1.21561131,0.0396094
"4921",26,22,1.22970116,0,0.08555197,1.46050915,1.00101249,1.26990748,1.21561131,0.00876101
"4922",27,22,0.0277221,0,0.0890063,1.46050915,1.00101249,1.26990748,1.21561131,0.00551104
"4923",28,22,0.88474128,0,0.0890063,1.46050915,1.00101249,1.26990748,1.21561131,0.00738575
"4924",29,22,0.02745697,0,0.09052774,1.46050915,1.00101249,1.26990748,1.21561131,0.00352055
"4925",30,22,0.02753105,0,0.09052599,1.46050915,1.00101249,1.26990748,1.21561131,0.00597209
"4926",20,23,0.02765907,0,0.08880395,1.45718883,0.9987368,1.26702048,1.21284774,0.00626353
"4927",21,23,1.05354683,0,0,1.45718883,0.9987368,1.26702048,1.21284774,0.00342138
"4928",22,23,0.02741486,0,0.09028797,1.45718883,0.9987368,1.26702048,1.21284774,0.00480442
"4929",23,23,0.88736978,0,0.09029609,1.45718883,0.9987368,1.26702048,1.21284774,0.0063016
"4930",24,23,0.8851223,0,0.0896922,1.45718883,0.9987368,1.26702048,1.21284774,0.01551934
"4931",25,23,0.87960067,0,0.09035127,1.45718883,0.9987368,1.26702048,1.21284774,0.02971076
"4932",26,23,0.8749297,0,0.09032353,1.45718883,0.9987368,1.26702048,1.21284774,0.00758515
"4933",27,23,0.02765907,0,0.08880395,1.45718883,0.9987368,1.26702048,1.21284774,0.01164998
"4934",28,23,0.02780178,0,0.08904828,1.45718883,0.9987368,1.26702048,1.21284774,0.00519168
"4935",29,23,0.02779974,0,0.08965823,1.45718883,0.9987368,1.26702048,1.21284774,0.00672842
"4936",30,23,0.02765907,0,0.08880395,1.45718883,0.9987368,1.26702048,1.21284774,0.01159721
"4937",31,23,0.02765907,0,0.08880395,1.45718883,0.9987368,1.26702048,1.21284774,0.00477676
"4938",21,24,0.02740669,0,0.09014844,1.45385659,0.99645292,1.2641231,1.21007425,0.01155514
"4939",22,24,0.02731235,0,0.09014466,1.45385659,0.99645292,1.2641231,1.21007425,0.05469074
"4940",23,24,1.41976896,0,0,1.45385659,0.99645292,1.2641231,1.21007425,0.006601
"4941",24,24,1.43021417,0,0,1.45385659,0.99645292,1.2641231,1.21007425,0.00527728
"4942",25,24,1.37116771,0,0,1.45385659,0.99645292,1.2641231,1.21007425,0.04456405
"4943",26,24,1.12023739,0,0,1.45385659,0.99645292,1.2641231,1.21007425,0.00798178
"4944",27,24,0.02745289,0,0.08982949,1.45385659,0.99645292,1.2641231,1.21007425,0.00395098
"4945",28,24,0.02759582,0,0.08860088,1.45385659,0.99645292,1.2641231,1.21007425,0
"4946",29,24,0.02759582,0,0.08860088,1.45385659,0.99645292,1.2641231,1.21007425,0.01902982
"4947",30,24,0.02798784,0,0.08902005,1.45385659,0.99645292,1.2641231,1.21007425,0.02788666
"4948",31,24,0.02804124,0,0.08904175,1.45385659,0.99645292,1.2641231,1.21007425,0
"4949",32,24,0.02800865,0,0.0890289,1.45385659,0.99645292,1.2641231,1.21007425,0.01113018
"4950",33,24,0.02759582,0,0.08860088,1.45385659,0.99645292,1.2641231,1.21007425,0.00497857
"4951",22,25,1.12342309,0,0,1.45051132,0.99416012,1.2612144,1.20728992,0.15166018
"4952",23,25,1.12650406,0,0,1.45051132,0.99416012,1.2612144,1.20728992,0.05392954
"4953",24,25,1.39468556,0,0,1.45051132,0.99416012,1.2612144,1.20728992,0.03486375
"4954",25,25,1.33916639,0,0,1.45051132,0.99416012,1.2612144,1.20728992,0.07680567
"4955",26,25,1.11455072,0,0,1.45051132,0.99416012,1.2612144,1.20728992,0.03506655
"4956",27,25,1.11390255,0,0,1.45051132,0.99416012,1.2612144,1.20728992,0.01358928
"4957",28,25,1.11527637,0,0,1.45051132,0.99416012,1.2612144,1.20728992,0.0546851
"4958",29,25,1.11682242,0,0,1.45051132,0.99416012,1.2612144,1.20728992,0.04553958
"4959",30,25,1.1879475,0,0,1.45051132,0.99416012,1.2612144,1.20728992,0.01744678
"4960",31,25,1.19410895,0,0.0660051,1.45051132,0.99416012,1.2612144,1.20728992,0.00292608
"4961",32,25,1.19410892,0,0.0660051,1.45051132,0.99416012,1.2612144,1.20728992,0.01057052
"4962",33,25,0,0,0,1.45051132,0.99416012,1.2612144,1.20728992,0.01012431
"4963",34,25,0,0,0,1.45051132,0.99416012,1.2612144,1.20728992,0.00960756
"4964",22,26,0.02732591,0,0.08976741,1.44715413,0.99185915,1.25829533,1.20449565,0.02349499
"4965",23,26,1.11352839,0,0,1.44715413,0.99185915,1.25829533,1.20449565,0.01168245
"4966",24,26,0,0,0,1.44715413,0.99185915,1.25829533,1.20449565,0.00248314
"4967",25,26,0,0,0,1.44715413,0.99185915,1.25829533,1.20449565,0
"4968",26,26,1.02886583,0,0,1.44715413,0.99185915,1.25829533,1.20449565,0.00197889
"4969",27,26,1.11093316,0,0,1.44715413,0.99185915,1.25829533,1.20449565,0.01467816
"4970",28,26,1.1101403,0,0,1.44715413,0.99185915,1.25829533,1.20449565,0.02069049
"4971",29,26,1.1101321,0,0,1.44715413,0.99185915,1.25829533,1.20449565,0.01734679
"4972",30,26,1.1162937,0,0,1.44715413,0.99185915,1.25829533,1.20449565,0.01538727
"4973",31,26,1.12913087,0,0,1.44715413,0.99185915,1.25829533,1.20449565,0.01050667
"4974",32,26,1.173941,0,0,1.44715413,0.99185915,1.25829533,1.20449565,0.01911871
"4975",33,26,1.12917628,0,0,1.44715413,0.99185915,1.25829533,1.20449565,0.00337607
"4976",34,26,1.35275482,0,0,1.44715413,0.99185915,1.25829533,1.20449565,0.00623351
"4977",21,27,0.02740463,0,0.08798703,1.44378391,0.98954925,1.25536495,1.20169056,0.00552821
"4978",22,27,0,0,0,1.44378391,0.98954925,1.25536495,1.20169056,0.00380486
"4979",23,27,0,0,0,1.44378391,0.98954925,1.25536495,1.20169056,0
"4980",24,27,0.02740463,0,0.08798703,1.44378391,0.98954925,1.25536495,1.20169056,0.00254646
"4981",25,27,1.10040693,0,0,1.44378391,0.98954925,1.25536495,1.20169056,0.00380035
"4982",26,27,0.02740463,0,0.08798703,1.44378391,0.98954925,1.25536495,1.20169056,0.00982039
"4983",27,27,0.02740463,0,0.08798703,1.44378391,0.98954925,1.25536495,1.20169056,0.01391472
"4984",28,27,1.12654664,0,0,1.44378391,0.98954925,1.25536495,1.20169056,0.00358568
"4985",29,27,1.12272505,0,0,1.44378391,0.98954925,1.25536495,1.20169056,0.0038307
"4986",30,27,1.11267796,0,0,1.44378391,0.98954925,1.25536495,1.20169056,0
"4987",31,27,1.10752853,0,0,1.44378391,0.98954925,1.25536495,1.20169056,0.00021922
"4988",32,27,1.12654663,0,0,1.44378391,0.98954925,1.25536495,1.20169056,0.04008609
"4989",33,27,1.02646975,0,0,1.44378391,0.98954925,1.25536495,1.20169056,0.01276627
"4990",34,27,0.03106529,0,0.08373439,1.44378391,0.98954925,1.25536495,1.20169056,0
"4991",35,27,0.0310084,0,0.08383437,1.44378391,0.98954925,1.25536495,1.20169056,0
"4992",20,28,1.09782917,0,0,1.44040177,0.98723118,1.25242418,1.19887553,0.00918467
"4993",21,28,1.0978292,0,0,1.44040177,0.98723118,1.25242418,1.19887553,0.01409741
"4994",22,28,1.09782917,0,0,1.44040177,0.98723118,1.25242418,1.19887553,0.00557613
"4995",23,28,1.0978292,0,0,1.44040177,0.98723118,1.25242418,1.19887553,0.00265516
"4996",24,28,1.09782917,0,0,1.44040177,0.98723118,1.25242418,1.19887553,0.01500202
"4997",25,28,1.18003075,0,0,1.44040177,0.98723118,1.25242418,1.19887553,0.14320919
"4998",26,28,1.18035591,0,0,1.44040177,0.98723118,1.25242418,1.19887553,0.02414093
"4999",27,28,1.17190149,0,0,1.44040177,0.98723118,1.25242418,1.19887553,0
"5000",28,28,1.17190149,0,0,1.44040177,0.98723118,1.25242418,1.19887553,0.02511447
"5001",29,28,0.0414149,0,0.06822098,1.44040177,0.98723118,1.25242418,1.19887553,0.00698397
"5002",30,28,0.0414149,0,0.06822097,1.44040177,0.98723118,1.25242418,1.19887553,0.0004901
"5003",31,28,0.0414149,0,0.06822097,1.44040177,0.98723118,1.25242418,1.19887553,0.00886026
"5004",32,28,0,0,0.06822097,1.44040177,0.98723118,1.25242418,1.19887553,0
"5005",33,28,1.02406519,0,0,1.44040177,0.98723118,1.25242418,1.19887553,0
"5006",19,29,1.09524193,0,0,1.43700715,0.98490456,1.24947258,1.19605012,0
"5007",20,29,1.09524193,0,0,1.43700715,0.98490456,1.24947258,1.19605012,0
"5008",21,29,1.09524193,0,0,1.43700715,0.98490456,1.24947258,1.19605012,0
"5009",22,29,1.17837704,0,0.07005925,1.43700715,0.98490456,1.24947258,1.19605012,0
"5010",23,29,1.17837704,0,0,1.43700715,0.98490456,1.24947258,1.19605012,0.00666136
"5011",24,29,0,0,0,1.43700715,0.98490456,1.24947258,1.19605012,0
"5012",25,29,1.17837701,0,0,1.43700715,0.98490456,1.24947258,1.19605012,0.0262811
"5013",26,29,1.17837704,0,0,1.43700715,0.98490456,1.24947258,1.19605012,0.00584215
"5014",27,29,1.16913965,0,0,1.43700715,0.98490456,1.24947258,1.19605012,0
"5015",28,29,1.16913965,0,0,1.43700715,0.98490456,1.24947258,1.19605012,0
"5016",29,29,1.16913966,0,0,1.43700715,0.98490456,1.24947258,1.19605012,0.00736011
"5017",30,29,0.0413173,0,0.06806019,1.43700715,0.98490456,1.24947258,1.19605012,0.00860033
"5018",31,29,0,0,0,1.43700715,0.98490456,1.24947258,1.19605012,0
"5019",32,29,0,0,0,1.43700715,0.98490456,1.24947258,1.19605012,0
"5020",22,30,1.09264515,0,0,1.43360006,0.98256938,1.24651012,1.19321433,0.00541878
"5021",23,30,1.17558312,0,0,1.43360006,0.98256938,1.24651012,1.19321433,0
"5022",24,30,1.20808684,0,0,1.43360006,0.98256938,1.24651012,1.19321433,0
"5023",25,30,1.20495208,0,0,1.43360006,0.98256938,1.24651012,1.19321433,0.00476779
"5024",26,30,1.17558314,0,0,1.43360006,0.98256938,1.24651012,1.19321433,0.00389289
"5025",27,30,1.05864807,0,0,1.43360006,0.98256938,1.24651012,1.19321433,0.00237413
"5026",28,30,1.19177699,0,0.06365638,1.43360006,0.98256938,1.24651012,1.19321433,0
"5027",29,30,1.20007441,0,0,1.43360006,0.98256938,1.24651012,1.19321433,0.00959985
"5028",30,30,1.10730701,0,0,1.43360006,0.98256938,1.24651012,1.19321433,0
"5029",31,30,1.01950582,0,0,1.43360006,0.98256938,1.24651012,1.19321433,0.00616618
"5030",32,30,1.26015341,0,0,1.43360006,0.98256938,1.24651012,1.19321433,0.01445692
"5031",23,31,1.0900389,0,0,1.43018049,0.98022566,1.24353682,1.19036815,0
"5032",24,31,1.23057162,0,0.08880656,1.43018049,0.98022566,1.24353682,1.19036815,0.01753934
"5033",25,31,1.23500729,0,0.08880656,1.43018049,0.98022566,1.24353682,1.19036815,0.01660855
"5034",26,31,1.2256242,0,0.08880656,1.43018049,0.98022566,1.24353682,1.19036815,0.00780044
"5035",27,31,1.05612285,0,0,1.43018049,0.98022566,1.24353682,1.19036815,0.00969931
"5036",28,31,1.09785603,0,0,1.43018049,0.98022566,1.24353682,1.19036815,0
"5037",29,31,1.10269552,0,0.05470064,1.43018049,0.98022566,1.24353682,1.19036815,0.00609601
"5038",30,31,1.10829895,0,0,1.43018049,0.98022566,1.24353682,1.19036815,0.04786367
"5039",31,31,1.11479906,0,0,1.43018049,0.98022566,1.24353682,1.19036815,0.0069203
"5040",22,32,1.16843423,0,0,1.42674899,0.97787376,1.24055314,1.18751205,0
"5041",23,32,1.19569696,0,0.08859348,1.42674899,0.97787376,1.24055314,1.18751205,0.01234741
"5042",24,32,1.16996509,0,0,1.42674899,0.97787376,1.24055314,1.18751205,0.01174519
"5043",25,32,1.19065136,0,0,1.42674899,0.97787376,1.24055314,1.18751205,0.00714244
"5044",26,32,1.17370226,0,0,1.42674899,0.97787376,1.24055314,1.18751205,0
"5045",27,32,1.14467526,0,0,1.42674899,0.97787376,1.24055314,1.18751205,0.02833736
"5046",28,32,0,0,0,1.42674899,0.97787376,1.24055314,1.18751205,0.00432828
"5047",29,32,0,0,0,1.42674899,0.97787376,1.24055314,1.18751205,0.02248012
"5048",30,32,0.95693157,0,0,1.42674899,0.97787376,1.24055314,1.18751205,0.00796278
"5049",31,32,1.06966505,0,0,1.42674899,0.97787376,1.24055314,1.18751205,0.01481986
"5050",22,33,0.02361449,0.34329117,0.10190265,1.42330502,0.97551331,1.23755862,1.18464556,0.01452581
"5051",23,33,0.0217712,0,0.10049083,1.42330502,0.97551331,1.23755862,1.18464556,0.00954748
"5052",24,33,0.02770645,0,0.10374735,1.42330502,0.97551331,1.23755862,1.18464556,0
"5053",25,33,0.06418342,0,0.10307924,1.42330502,0.97551331,1.23755862,1.18464556,0
"5054",26,33,0.04092333,0,0.06741122,1.42330502,0.97551331,1.23755862,1.18464556,0.00389913
"5055",27,33,1.03716354,0,0,1.42330502,0.97551331,1.23755862,1.18464556,0
"5056",28,33,0,0,0,1.42330502,0.97551331,1.23755862,1.18464556,0.01062911
"5057",29,33,0,0,0.07278163,1.42330502,0.97551331,1.23755862,1.18464556,0.00561515
"5058",26,34,0,0,0,1.41984912,0.97314468,1.23455373,1.18176914,0
"5059",66,35,0.02132273,0,0.11562872,1.41944339,0.97105249,1.23153751,1.17888189,0.04068039
"5060",67,35,0.01234725,0,0.76832851,0.86823622,0.59180158,0.75041213,0.71832751,0.06496465
"5061",65,36,0,0.0827428,0,1.42140304,0.96884758,1.22851139,1.17598515,0
"5062",66,36,0.05224555,0,0.10795948,1.42140304,0.96884758,1.22851139,1.17598515,0.04038966
"5063",67,36,0.06056903,0,0.1117673,1.42140304,0.96884758,1.22851139,1.17598515,0.16499329
"5064",68,36,0.04581425,0,0.08927555,1.10819093,0.75535796,0.95780377,0.91685191,0.09033035
"5065",66,37,0.27182498,0,1.25275599,1.41788923,0.96645252,1.22547443,1.17307804,0.00946669
"5066",67,37,0.05853703,0,0.11362285,1.41788923,0.96645252,1.22547443,1.17307804,0
"5067",68,37,0.01868087,0,1.14438433,1.29203771,0.88067041,1.1167016,1.0689559,0.06172023
"5068",65,38,1.25368969,0,0.08903497,1.41436288,0.96404891,1.22242662,1.17016054,0.00560031
"5069",66,38,0.69894346,0,1.25704899,1.41436288,0.96404891,1.22242662,1.17016054,0.01006617
"5070",67,38,0.27247284,0,1.25528917,1.41436288,0.96404891,1.22242662,1.17016054,0.0258491
"5071",68,38,0.27171207,0,1.24480035,1.41436288,0.96404891,1.22242662,1.17016054,0.01002176
"5072",69,38,0.05491457,0,1.19853905,1.35448414,0.92323475,1.17067373,1.1206204,0.10987375
"5073",70,38,0.0388973,0,0.07484344,0.92875442,0.6330516,0.80271771,0.76839671,0.25193953
"5074",71,38,0.20266323,0,0.0485279,0.5960598,0.40628244,0.51517144,0.49314477,0.27530479
"5075",66,39,1.19316038,0,0,1.41082452,0.96163712,1.21936843,1.16723311,0.009791
"5076",67,39,0.50395199,0,0.11280983,1.41082452,0.96163712,1.21936843,1.16723311,0.03685321
"5077",68,39,0,0,0.07045176,1.41082452,0.96163712,1.21936843,1.16723311,0
"5078",69,39,0.60730949,0,1.39277515,1.41082452,0.96163712,1.21936843,1.16723311,0.03857209
"5079",70,39,0.54117376,0,1.3460904,1.41082452,0.96163712,1.21936843,1.16723311,0.10882234
"5080",71,39,0.48023196,0,0.11620818,1.41082452,0.96163712,1.21936843,1.16723311,0.17491832
"5081",72,39,0.4794721,0,1.25118602,1.40824482,0.95987876,1.21713881,1.16509882,0.19439796
"5082",73,39,0.43090311,0,0.10366164,1.26552212,0.86259703,1.09378431,1.04701846,0.3314412
"5083",74,39,0.35179741,0,0.91962175,1.0371264,0.70691941,0.89638306,0.8580573,0.30528003
"5084",75,39,0.01090705,0,0.05757203,0.73110614,0.49833186,0.63189131,0.60487416,0.1549633
"5085",76,39,0.00687045,0,0.03718108,0.45336765,0.30902154,0.39184335,0.37508969,0.18892919
"5086",66,40,1.17223962,0,0,1.40727416,0.95921714,1.21629987,1.16429575,0.01978797
"5087",67,40,0.50135361,0,0.11252595,1.40727416,0.95921714,1.21629987,1.16429575,0.00607995
"5088",68,40,0.50135926,0,0.11252595,1.40727416,0.95921714,1.21629987,1.16429575,0
"5089",69,40,0.43110797,0,1.55392679,1.40727416,0.95921714,1.21629987,1.16429575,0
"5090",70,40,0.44903163,0,1.54801062,1.40727416,0.95921714,1.21629987,1.16429575,0.02060116
"5091",71,40,0.67757225,0,1.49490224,1.40727416,0.95921714,1.21629987,1.16429575,0.02740161
"5092",72,40,0.60534523,0,1.41767511,1.40727416,0.95921714,1.21629987,1.16429575,0.07954068
"5093",73,40,0.65501171,0,1.47671967,1.40727416,0.95921714,1.21629987,1.16429575,0.06849392
"5094",74,40,0.48009957,0,1.23236672,1.40727416,0.95921714,1.21629987,1.16429575,0.13477283
"5095",75,40,0.44182845,0,0.11885776,1.40727416,0.95921714,1.21629987,1.16429575,0.49671472
"5096",76,40,0.45801123,0,0.0906467,1.40727416,0.95921714,1.21629987,1.16429575,0.69452152
"5097",77,40,0.02770504,0,0.05431371,0.65921881,0.44933248,0.56975946,0.54539882,0.37392717
"5098",66,41,1.14225472,0,0,1.40325866,0.95690399,1.21322094,1.16134846,0.01274398
"5099",67,41,0.49859898,0,0.1122411,1.40371179,0.95678898,1.21322094,1.16134846,0.12997539
"5100",68,41,0.49823737,0,0.1122411,1.40371179,0.95678898,1.21322094,1.16134846,0.07280283
"5101",69,41,0.49833331,0,0.1122411,1.40371179,0.95678898,1.21322094,1.16134846,0.11971558
"5102",70,41,0.49897593,0,0.1122411,1.40371179,0.95678898,1.21322094,1.16134846,0.05845998
"5103",71,41,0.58295531,0,1.38024319,1.40371179,0.95678898,1.21322094,1.16134846,0.00623317
"5104",72,41,0.58586377,0,1.3950796,1.40371179,0.95678898,1.21322094,1.16134846,0.02829765
"5105",73,41,0.48836151,0,1.54980235,1.40371179,0.95678898,1.21322094,1.16134846,0.09107255
"5106",74,41,0.65659282,0,1.46690904,1.40371179,0.95678898,1.21322094,1.16134846,0.18677281
"5107",75,41,0.44266622,0,1.54204642,1.40371179,0.95678898,1.21322094,1.16134846,0.32284333
"5108",76,41,0.60320343,0,1.42917177,1.40371179,0.95678898,1.21322094,1.16134846,0.50105339
"5109",77,41,0.44095631,0,0.11894597,1.40371179,0.95678898,1.21322094,1.16134846,0.56177831
"5110",78,41,0.18807618,0,1.24738308,1.27219016,0.86714206,1.09954747,1.05253521,0.35683639
"5111",79,41,0.0796995,0,0.66259377,0.72839222,0.49648201,0.62954568,0.60262882,0.15359664
"5112",66,42,1.13675357,0,0,1.40013688,0.95435227,1.21013116,1.15839079,0.01422042
"5113",67,42,0.48414978,0,0,1.40013688,0.95435227,1.21013116,1.15839079,0.09679431
"5114",68,42,0.49974077,0,0.11195525,1.40013688,0.95435227,1.21013116,1.15839079,0.07176471
"5115",69,42,0.49751632,0,0.11195525,1.40013688,0.95435227,1.21013116,1.15839079,0.05224887
"5116",70,42,0.49761447,0,0.11195525,1.40013688,0.95435227,1.21013116,1.15839079,0.02846209
"5117",71,42,0.62689303,0,1.4057925,1.40013688,0.95435227,1.21013116,1.15839079,0.03064351
"5118",72,42,0.61764068,0,1.36463109,1.40013688,0.95435227,1.21013116,1.15839079,0.00820393
"5119",73,42,0.60742692,0,1.33236144,1.40013688,0.95435227,1.21013116,1.15839079,0.01733808
"5120",74,42,0.6252896,0,1.39441022,1.40013688,0.95435227,1.21013116,1.15839079,0.13638257
"5121",75,42,0.57694735,0,1.32120223,1.40013688,0.95435227,1.21013116,1.15839079,0.15734656
"5122",76,42,0.53547536,0,1.2946686,1.40013688,0.95435227,1.21013116,1.15839079,0.12788377
"5123",77,42,0.60107416,0,1.32747862,1.40013688,0.95435227,1.21013116,1.15839079,0.16392641
"5124",78,42,0.41028741,0,1.35110868,1.40013688,0.95435227,1.21013116,1.15839079,0.12539254
"5125",79,42,0.19479605,0,1.35023776,1.40013688,0.95435227,1.21013116,1.15839079,0.19191078
"5126",80,42,0.16807634,0,1.28934949,1.38265678,0.94243761,1.19502321,1.14392879,0.33570909
"5127",81,42,0.15389867,0,0.9943409,1.00261418,0.68339541,0.86655432,0.82950392,0.169128
"5128",68,43,0.55295726,0,1.33832767,1.39654996,0.95190738,1.207031,1.15542318,0.01629885
"5129",69,43,0.60570314,0,1.37042038,1.39654996,0.95190738,1.207031,1.15542318,0
"5130",70,43,0.6351117,0,1.38812441,1.39654996,0.95190738,1.207031,1.15542318,0.01008421
"5131",71,43,0.56107292,0,1.34151614,1.39654996,0.95190738,1.207031,1.15542318,0.01432167
"5132",72,43,0.20509931,0,1.33713364,1.39654996,0.95190738,1.207031,1.15542318,0
"5133",73,43,0.49962547,0,1.30383343,1.39654996,0.95190738,1.207031,1.15542318,0.03563082
"5134",74,43,0.49749627,0,1.29358074,1.39654996,0.95190738,1.207031,1.15542318,0.02157714
"5135",75,43,0.51922634,0,1.2949759,1.39654996,0.95190738,1.207031,1.15542318,0.0398942
"5136",76,43,0.51441059,0,1.30390333,1.39654996,0.95190738,1.207031,1.15542318,0.01720452
"5137",77,43,0.64783408,0,1.39778613,1.39654996,0.95190738,1.207031,1.15542318,0.1804422
"5138",78,43,0.22634074,0,1.37281307,1.39654996,0.95190738,1.207031,1.15542318,0.02550904
"5139",79,43,0.21847365,0,1.37487467,1.39654996,0.95190738,1.207031,1.15542318,0.0464285
"5140",80,43,0.18504921,0,1.31687362,1.39654996,0.95190738,1.207031,1.15542318,0.23128846
"5141",81,43,0.19054543,0,1.32848995,1.39654996,0.95190738,1.207031,1.15542318,0.07653132
"5142",82,43,0.17150243,0,1.29089523,1.36322228,0.92919078,1.17822606,1.12784982,0.18775574
"5143",68,44,0.21344297,0,1.41116842,1.39295103,0.94945431,1.20392047,1.15244564,0.00040061
"5144",69,44,0.61127878,0,1.49700948,1.39295103,0.94945431,1.20392047,1.15244564,0.00717769
"5145",70,44,0.62512266,0,1.33643149,1.39295103,0.94945431,1.20392047,1.15244564,0.00763274
"5146",71,44,0.54866545,0,1.3235319,1.39295103,0.94945431,1.20392047,1.15244564,0.00380573
"5147",72,44,0.22121963,0,1.35287698,1.39295103,0.94945431,1.20392047,1.15244564,0
"5148",73,44,0.2118893,0,1.33910939,1.39295103,0.94945431,1.20392047,1.15244564,0.01654785
"5149",74,44,0.20077188,0,1.30837059,1.39295103,0.94945431,1.20392047,1.15244564,0.01106018
"5150",75,44,0.1661049,0,1.27986754,1.39295103,0.94945431,1.20392047,1.15244564,0.03010109
"5151",76,44,0.17394471,0,1.27591056,1.39295103,0.94945431,1.20392047,1.15244564,0.00991368
"5152",77,44,0.62142892,0,1.3061935,1.39295103,0.94945431,1.20392047,1.15244564,0.04678046
"5153",78,44,0.209337,0,1.32785791,1.39295103,0.94945431,1.20392047,1.15244564,0.04600526
"5154",79,44,0.23353197,0,1.35636726,1.39295103,0.94945431,1.20392047,1.15244564,0.02380406
"5155",80,44,0.19771314,0,1.36814937,1.39295103,0.94945431,1.20392047,1.15244564,0.09094921
"5156",81,44,0.20319984,0,1.41710811,1.39295103,0.94945431,1.20392047,1.15244564,0.03563678
"5157",82,44,0.19904335,0,1.32434461,1.30846366,0.89186656,1.13089846,1.08254576,0.12240618
"5158",68,45,0.50737096,0,1.30148575,1.38934011,0.94699305,1.20079957,1.14945818,0
"5159",69,45,0.21680578,0,1.39469057,1.38934011,0.94699305,1.20079957,1.14945818,0.02982579
"5160",70,45,0.44210262,0,1.4432667,1.38934011,0.94699305,1.20079957,1.14945818,0
"5161",71,45,0.44237054,0,1.48258576,1.38934011,0.94699305,1.20079957,1.14945818,0
"5162",72,45,0.22331647,0,1.37215675,1.38934011,0.94699305,1.20079957,1.14945818,0
"5163",73,45,0,0,1.43176135,1.38934011,0.94699305,1.20079957,1.14945818,0.00917981
"5164",74,45,0.39442799,0,1.47390448,1.38934011,0.94699305,1.20079957,1.14945818,0.03466671
"5165",75,45,0.39769955,0,1.50220758,1.38934011,0.94699305,1.20079957,1.14945818,0.00898069
"5166",76,45,0.38745201,0,1.41081879,1.38934011,0.94699305,1.20079957,1.14945818,0.0572735
"5167",77,45,0.38926034,0,1.43309841,1.38934011,0.94699305,1.20079957,1.14945818,0.02498926
"5168",78,45,0.2194333,0,1.34760169,1.38934011,0.94699305,1.20079957,1.14945818,0.06723457
"5169",79,45,0.44189691,0,1.39244006,1.38934011,0.94699305,1.20079957,1.14945818,0.02248847
"5170",80,45,0.19460089,0,1.32768527,1.38934011,0.94699305,1.20079957,1.14945818,0.02296816
"5171",81,45,0.20315382,0,1.39613011,1.38934011,0.94699305,1.20079957,1.14945818,0.10419414
"5172",82,45,0.18298757,0,1.20802217,1.19777824,0.81642188,1.03523362,0.99097117,0.14749322
"5173",83,45,0.10248834,0,0.6664513,0.66839399,0.4555864,0.57768952,0.55298982,0.06015491
"5174",68,46,0.48251341,0,1.43861027,1.38571718,0.94452361,1.19766829,1.14646078,0.00709909
"5175",69,46,0,0,1.41264809,1.38571718,0.94452361,1.19766829,1.14646078,0
"5176",70,46,0.2135267,0,1.42807875,1.38571718,0.94452361,1.19766829,1.14646078,0.01102662
"5177",71,46,0,0,1.37561259,1.38571718,0.94452361,1.19766829,1.14646078,0
"5178",72,46,0.18099651,0,1.20516328,1.18868218,0.81022188,1.02737194,0.98344562,0.0373722
"5179",73,46,0,0,0.99917067,1.01020814,0.68857156,0.87311774,0.83578672,0
"5180",74,46,0,0,1.4213469,1.37268718,0.93564219,1.18640653,1.13568052,0.00665461
"5181",75,46,0.22521282,0,1.47296275,1.38571718,0.94452361,1.19766829,1.14646078,0.18505868
"5182",77,46,0,0,1.18831518,1.38571718,0.94452361,1.19766829,1.14646078,0
"5183",81,46,0.21014835,0,1.37393295,1.38571718,0.94452361,1.19766829,1.14646078,0.05934369
"5184",82,46,0.20651268,0,1.34806019,1.36403471,0.92974455,1.17892824,1.12852198,0.08043707
"5185",68,47,0,0,1.12372324,1.38163665,0.94215959,1.19452711,1.1434539,0
"5186",69,47,0,0,0.09012777,1.38208279,0.94204636,1.19452711,1.1434539,0
"5187",70,47,0,0,1.1461888,1.38208279,0.94204636,1.19452711,1.1434539,0
"5188",71,47,0,0,1.37009472,1.38208279,0.94204636,1.19452711,1.1434539,0
"5189",72,47,0,0,0.85063632,1.03007151,0.7021107,0.89028555,0.8522205,0
"5190",68,48,0,0,1.36578299,1.37843585,0.93956056,1.19137508,1.14043664,0.01499411
"5191",69,48,0,0,1.15211047,1.37843585,0.93956056,1.19137508,1.14043664,0.00788776
"5192",70,48,0,0,1.17995699,1.37843585,0.93956056,1.19137508,1.14043664,0
"5193",59,19,0.88433507,0,0,1.02786635,0.70317153,0.89179743,0.85366774,0.28100851
"5194",58,20,0.07390811,0,0,1.47028418,1.00583308,1.275648,1.22110639,0.26756052
"5195",59,20,0.07255081,0,0,1.47028418,1.00583308,1.275648,1.22110639,0.22967487
"5196",58,21,0,0,0,1.46698223,1.00357419,1.27278316,1.21836404,0.09049258
"5197",59,21,0,0,0,1.46698223,1.00357419,1.27278316,1.21836404,0.27959852
"5198",60,21,0.8662967,0,0,1.30645147,0.89375382,1.13350346,1.08503938,0.33232586
"5199",58,22,0,0,0,1.46366778,1.00130674,1.26990748,1.21561131,0.05046486
"5200",59,22,0,0,0,1.46366778,1.00130674,1.26990748,1.21561131,0.23665536
"5201",60,22,0,0,0.07441718,1.46366778,1.00130674,1.26990748,1.21561131,0.34832138
"5202",61,22,0.877827,0,0,1.05105338,0.71903396,0.91191496,0.87292512,0.33513263
"5203",58,23,0,0,0,1.46034028,0.99903038,1.26702048,1.21284774,0.07093577
"5204",59,23,0.02597712,0,0.09697306,1.46034028,0.99903038,1.26702048,1.21284774,0.09808692
"5205",60,23,0.0281175,0,0.09930856,1.46034028,0.99903038,1.26702048,1.21284774,0.07989534
"5206",61,23,0.02811461,0,0.09925512,1.46034028,0.99903038,1.26702048,1.21284774,0.0102561
"5207",62,23,0.23822703,0,1.3802634,1.43022487,0.97842818,1.24089174,1.18783617,0.06029681
"5208",63,23,0.51650168,0,0,0.99448595,0.68033573,0.86283592,0.82594451,0.31085871
"5209",58,24,0.07363356,0,0.07711971,1.45700083,0.99674583,1.2641231,1.21007425,0.0269201
"5210",59,24,0.02807198,0,0.09942417,1.45700083,0.99674583,1.2641231,1.21007425,0.03422488
"5211",60,24,0,0,0,1.45700083,0.99674583,1.2641231,1.21007425,0.10808849
"5212",61,24,0.24057388,0,1.40255586,1.45700083,0.99674583,1.2641231,1.21007425,0.10460349
"5213",62,24,0.02804564,0,0.09894124,1.45700083,0.99674583,1.2641231,1.21007425,0
"5214",63,24,0.23889626,0,1.36192859,1.45700083,0.99674583,1.2641231,1.21007425,0.03457345
"5215",64,24,0.73466895,0,0,1.41547127,0.96833513,1.22809122,1.17558294,0.37975486
"5216",58,25,0,0,0,1.45364833,0.99445236,1.2612144,1.20728992,0
"5217",59,25,0.238737,0,1.37602625,1.45364833,0.99445236,1.2612144,1.20728992,0.03078752
"5218",60,25,0.04695171,0,0.07549281,1.45364833,0.99445236,1.2612144,1.20728992,0.17437621
"5219",61,25,0.04695171,0,0,1.45364833,0.99445236,1.2612144,1.20728992,0.06494336
"5220",62,25,0.75497478,0,0,1.45364833,0.99445236,1.2612144,1.20728992,0.12589158
"5221",63,25,0,0,0,0.88777453,0.6073336,0.77025096,0.73731811,0.2128101
"5222",57,26,0.02793212,0,0.09863681,1.45028388,0.99215071,1.25829533,1.20449565,0.00760356
"5223",58,26,0,0,0,1.45028388,0.99215071,1.25829533,1.20449565,0
"5224",59,26,0.02069119,0,1.32746112,1.45028388,0.99215071,1.25829533,1.20449565,0.00824145
"5225",60,26,0,0,0,1.45028388,0.99215071,1.25829533,1.20449565,0.10997965
"5226",61,26,0,0,0,1.45028388,0.99215071,1.25829533,1.20449565,0.13026763
"5227",62,26,0,0,0,1.13755197,0.77820833,0.98696287,0.94476428,0.1281564
"5228",57,27,0,0,0,1.44690637,0.98984013,1.25536495,1.20169056,0.01442895
"5229",58,27,0,0,0.0681055,1.44690637,0.98984013,1.25536495,1.20169056,0.01777696
"5230",59,27,0,0,1.3343978,1.44690637,0.98984013,1.25536495,1.20169056,0.02390035
"5231",60,27,0,0,0,1.44690637,0.98984013,1.25536495,1.20169056,0.10337843
"5232",61,27,0,0,0,1.44690637,0.98984013,1.25536495,1.20169056,0.17895101
"5233",62,27,0,0,0,0.70083959,0.47944992,0.60806246,0.58206414,0.10530342
"5234",55,28,0.8580471,0,0.07505889,1.44351692,0.98752138,1.25242418,1.19887553,0
"5235",56,28,0,0,0.07581904,1.44351692,0.98752138,1.25242418,1.19887553,0
"5236",57,28,0.02779551,0,0.09816016,1.44351692,0.98752138,1.25242418,1.19887553,0.04141502
"5237",58,28,0.02779158,0,0.09785525,1.44351692,0.98752138,1.25242418,1.19887553,0.01451788
"5238",59,28,0.23666661,0,1.34837735,1.44351692,0.98752138,1.25242418,1.19887553,0.1549707
"5239",60,28,0.91672624,0,0,1.44351692,0.98752138,1.25242418,1.19887553,0.3352252
"5240",61,28,0.91672624,0,0,1.44351692,0.98752138,1.25242418,1.19887553,0.5547504
"5241",55,29,0.06783434,0.07860666,0.09552258,1.44011496,0.98519407,1.24947258,1.19605012,0.00725819
"5242",56,29,0.02491347,0.07745215,0.09577594,1.44011496,0.98519407,1.24947258,1.19605012,0.03006161
"5243",57,29,0.02491383,0.06276827,0.09579851,1.44011496,0.98519407,1.24947258,1.19605012,0.0182429
"5244",58,29,0,0,0,1.44011496,0.98519407,1.24947258,1.19605012,0
"5245",59,29,0.01943043,0,1.28198011,1.44011496,0.98519407,1.24947258,1.19605012,0.0459968
"5246",60,29,0.91456578,0,0,1.44011496,0.98519407,1.24947258,1.19605012,0.41008615
"5247",61,29,0.92491685,0,0,1.44011496,0.98519407,1.24947258,1.19605012,0.43697241
"5248",62,29,0.39715525,0,0,0.61539164,0.4209943,0.53392611,0.51109756,0.12917151
"5249",56,30,0.70738262,0.07449067,0.09557138,1.4367005,0.98285821,1.24651012,1.19321433,0.01339215
"5250",57,30,0,0.06640719,0,1.4367005,0.98285821,1.24651012,1.19321433,0.00687008
"5251",58,30,0,0.06913683,0,1.4367005,0.98285821,1.24651012,1.19321433,0.06936358
"5252",59,30,0,0,0.06746368,1.4367005,0.98285821,1.24651012,1.19321433,0.04288505
"5253",60,30,0.02768085,0,0.0980389,1.4367005,0.98285821,1.24651012,1.19321433,0.03738707
"5254",61,30,0.23748923,0,1.37802518,1.4367005,0.98285821,1.24651012,1.19321433,0.11114626
"5255",62,30,0.89182896,0,0,1.35975826,0.93022142,1.1797535,1.12931195,0.20198449
"5256",57,31,0.07411521,0.06382502,0.09534341,1.43327353,0.9805138,1.24353682,1.19036815,0
"5257",58,31,0.19868595,0,1.23476801,1.43327353,0.9805138,1.24353682,1.19036815,0.01920187
"5258",59,31,0.02387813,0.08375481,0.1021775,1.43327353,0.9805138,1.24353682,1.19036815,0
"5259",60,31,0.02727235,0,0.0973523,1.43327353,0.9805138,1.24353682,1.19036815,0.02920458
"5260",61,31,0.02749634,0,0.09757677,1.43327353,0.9805138,1.24353682,1.19036815,0.02057453
"5261",62,31,0.23654501,0,1.36476326,1.43327353,0.9805138,1.24353682,1.19036815,0.10865141
"5262",63,31,0.78733732,0,0,1.23977545,0.84814023,1.07565401,1.02966334,0.25649017
"5263",56,32,0.02742049,0.07050769,0.05532918,1.42983461,0.97816121,1.24055314,1.18751205,0.00127802
"5264",60,32,0.07393672,0,0.09507345,1.42983461,0.97816121,1.24055314,1.18751205,0
"5265",61,32,0.02750299,0,0.09672518,1.42983461,0.97816121,1.24055314,1.18751205,0
"5266",62,32,0.02749971,0,0.09666261,1.42983461,0.97816121,1.24055314,1.18751205,0.07545408
"5267",63,32,0.23521901,0,1.33570545,1.42983461,0.97816121,1.24055314,1.18751205,0.119884
"5268",64,32,0.17333957,0,0.97161954,1.06303389,0.72722992,0.92230949,0.88287522,0.11138542
"5269",61,33,0.53738037,0,1.27506926,1.42638319,0.97580006,1.23755862,1.18464556,0
"5270",62,33,0,0,0,1.42638319,0.97580006,1.23755862,1.18464556,0
"5271",63,33,0.02541064,0,0.09571725,1.42638319,0.97580006,1.23755862,1.18464556,0
"5272",64,33,0.23544282,0,1.36013728,1.42638319,0.97580006,1.23755862,1.18464556,0.00510204
"5273",65,33,0.1752042,0,0.99117873,1.06077443,0.72568421,0.92034914,0.88099869,0.04065743
"5274",62,34,0.06618302,0.08314978,0.10281211,1.42291981,0.97343074,1.23455373,1.18176914,0.00854795
"5275",63,34,0.02598126,0,0.10402085,1.42291981,0.97343074,1.23455373,1.18176914,0
"5276",64,34,0.02512823,0,0.09486688,1.42291981,0.97343074,1.23455373,1.18176914,0
"5277",65,34,0.23439516,0,1.35769181,1.42291981,0.97343074,1.23455373,1.18176914,0.00792942
"5278",66,34,0.15784827,0,0.88312918,0.95685893,0.65459479,0.83018997,0.79469437,0.09817115
"5279",62,35,0.07312666,0,0.10600969,1.41944339,0.97105249,1.23153751,1.17888189,0
"5280",63,35,0.02761668,0.08294662,0.10603511,1.41944339,0.97105249,1.23153751,1.17888189,0
"5281",64,35,0,0.08294663,0,1.41944339,0.97105249,1.23153751,1.17888189,0
"5282",65,35,0.23435631,0,1.33283981,1.41944339,0.97105249,1.23153751,1.17888189,0.03161339
"5283",72,24,0,0,0,0.46112255,0.31444615,0.39893494,0.38187808,0.00048745
"5284",71,25,0.38157199,0,0,0.82172999,0.56034959,0.71091038,0.68051469,0.09237734
"5285",72,25,0.56396438,0,0,1.08517081,0.73999371,0.93882322,0.89868289,0.13632996
"5286",72,26,0.41259587,0,0,0.79404542,0.54147109,0.68695939,0.65758775,0
"5287",73,26,0.33503018,0,0,0.64500478,0.43983811,0.55801857,0.53415993,0.02579337
"5288",82,27,0.01183016,0,0.01698239,0.39560493,0.26976874,0.34225312,0.32761974,0.01317357
"5289",80,28,0.0342205,0,0.05316928,0.69849118,0.47631126,0.60429172,0.57845462,0.0617433
"5290",81,28,0.03794725,0,0,1.26896965,0.8653288,1.0978347,1.05089567,0.04912929
"5291",82,28,0.04329071,0,0,1.44765717,0.98717842,1.25242418,1.19887553,0.0436308
"5292",83,28,0.02587118,0,0,0.86514149,0.58995252,0.74846735,0.71646587,0.07680474
"5293",78,29,0.00940929,0,0.07145094,0.98739859,0.67332142,0.85423669,0.81771295,0.11986028
"5294",79,29,0.01153215,0,0.08757121,1.21016863,0.82523153,1.04696366,1.00219968,0.34519664
"5295",80,29,0.06417968,0,0.09992049,1.3099942,0.89330403,1.13332662,1.0848701,0.2848534
"5296",81,29,0.04318869,0,0,1.44424546,0.98485192,1.24947258,1.19605012,0.06510142
"5297",82,29,0.04318869,0,0,1.44424546,0.98485192,1.24947258,1.19605012,0.0338765
"5298",83,29,0.042638,0,0,1.42583014,0.97229425,1.23354078,1.1807995,0.0467752
"5299",84,29,0.01535517,0,0,0.51348224,0.35015099,0.44423334,0.42523969,0.0970326
"5300",79,30,0,0,0,0.58285092,0.39745449,0.50424686,0.48268728,0.01886613
"5301",80,30,0,0,0,1.37459224,0.93735438,1.18921289,1.1383669,0.04465684
"5302",81,30,0,0,0,1.4408212,0.98251687,1.24651012,1.19321433,0.04489755
"5303",82,30,0.04020455,0,0,1.34445477,0.9168032,1.1631398,1.11340859,0.07155038
"5304",83,30,0.02210291,0,0,0.73912926,0.50402296,0.63944929,0.612109,0.02694118
"5305",84,30,0.02163767,0,0,0.7235713,0.49341376,0.62598951,0.5992247,0.04345438
"5306",81,31,0,0,0,0.59829168,0.40798377,0.51760526,0.49547453,0
"5307",82,31,0,0,0,0.78308585,0.53399759,0.67747784,0.64851159,0.07370382
"5308",87,31,0.01977823,0,0,0.66139127,0.4510123,0.57219516,0.54773038,0.02525952
"5309",88,31,0.03020955,0,0,1.01021823,0.68888246,0.87397885,0.836611,0.03447257
"5310",89,31,0.03410822,0,0,1.14059118,0.77778566,0.98676952,0.9445792,0.12585635
"5311",87,32,0.01543535,0,0,0.51616354,0.3519794,0.44655303,0.42746021,0.02113597
"5312",88,32,0,0,0,0.61338031,0.41827292,0.53065902,0.50797016,0.01361735
"5313",29,8,0.03076169,0,0,0.88591819,0.60724375,0.77027077,0.73733707,0.01224271
"5314",30,8,0,0,0,1.2826776,0.87919851,1.11523735,1.06755426,0.02004781
"5315",31,8,0.01675489,0,0,0.4825309,0.33074597,0.4195415,0.40160358,0.10000875
"5316",27,9,0.49836651,0,0.0464452,0.84201901,0.5771535,0.73210216,0.7008004,0.02817627
"5317",28,9,0.82780379,0,0,1.45355889,0.99632738,1.26381186,1.20977631,0.02221722
"5318",29,9,0.85566844,0,0,1.5025814,1.02992937,1.30643499,1.25057705,0
"5319",30,9,0,0,0,1.5025814,1.02992937,1.30643499,1.25057705,0.00227336
"5320",31,9,0.05169716,0,0,1.48884724,1.02051543,1.29449368,1.2391463,0.10390522
"5321",32,9,0.02325117,0,0.02269001,0.4120567,0.28244014,0.35826698,0.34294891,0.04901109
"5322",26,10,0.32180312,0,0.02156887,0.49378204,0.33845795,0.42932392,0.41096774,0.09502132
"5323",27,10,0.88532062,0,0.08233902,1.49942637,1.02776679,1.30369182,1.24795116,0.10493384
"5324",28,10,0.88354713,0,0.08166453,1.49942637,1.02776679,1.30369182,1.24795116,0.0137561
"5325",29,10,0.85409765,0,0.07321438,1.49942637,1.02776679,1.30369182,1.24795116,0.00881084
"5326",30,10,0,0,0,1.49942637,1.02776679,1.30369182,1.24795116,0
"5327",31,10,0.05206449,0,0,1.49942637,1.02776679,1.30369182,1.24795116,0.00623799
"5328",32,10,0.07376133,0,0.07274143,1.32458896,0.90792624,1.15167762,1.10243648,0.04401098
"5329",33,10,0.03094306,0,0.03094381,0.56815324,0.38943495,0.49398673,0.47286583,0.08418618
"5330",26,11,1.04676865,0,0.04820073,1.12033989,0.76792576,0.97409114,0.9324429,0.19164131
"5331",27,11,0.08149375,0,0.08222802,1.49625833,1.02559528,1.30093733,1.24531445,0.02100086
"5332",28,11,0.03082527,0,0.08179073,1.49625833,1.02559528,1.30093733,1.24531445,0.01698661
"5333",29,11,0.88259971,0,0.08443736,1.49625833,1.02559528,1.30093733,1.24531445,0.00859165
"5334",30,11,0,0,0,1.49625833,1.02559528,1.30093733,1.24531445,0
"5335",31,11,0,0,0,1.49625833,1.02559528,1.30093733,1.24531445,0.00188048
"5336",32,11,0,0,0,1.49625833,1.02559528,1.30093733,1.24531445,0
"5337",33,11,0,0,0,1.49625833,1.02559528,1.30093733,1.24531445,0.02176007
"5338",34,11,0.08097447,0,0,1.49090666,1.02192704,1.29628427,1.24086033,0.1008513
"5339",35,11,0.08408145,0,0.08234803,1.49504556,1.02476401,1.29988288,1.24430508,0.09448635
"5340",36,11,0.02235892,0,0.05585687,1.01335698,0.69459539,0.88107374,0.84340255,0.1920887
"5341",25,12,0.70884043,0,0.03724687,0.74789486,0.51263704,0.65026494,0.62246221,0.05077546
"5342",26,12,1.4357962,0,0,1.49307727,1.02341486,1.29817152,1.24266689,0.00070716
"5343",27,12,1.40934662,0,0,1.49307727,1.02341486,1.29817152,1.24266689,0.1239925
"5344",28,12,0.08433864,0,0.08223573,1.49307727,1.02341486,1.29817152,1.24266689,0.00599407
"5345",29,12,0.08260093,0,0.08204489,1.49307727,1.02341486,1.29817152,1.24266689,0.03439406
"5346",30,12,0.07810333,0,0.08716038,1.49307727,1.02341486,1.29817152,1.24266689,0.00494593
"5347",31,12,0,0,0,1.49307727,1.02341486,1.29817152,1.24266689,0.00692435
"5348",32,12,0.08060187,0,0,1.49307727,1.02341486,1.29817152,1.24266689,0.01044854
"5349",33,12,0.06101684,0,0.10584108,1.49307727,1.02341486,1.29817152,1.24266689,0.01383411
"5350",34,12,0.08009005,0,0,1.49307727,1.02341486,1.29817152,1.24266689,0.00616531
"5351",35,12,1.42828286,0,0,1.49307727,1.02341486,1.29817152,1.24266689,0.01070515
"5352",36,12,1.39224754,0,0,1.49307727,1.02341486,1.29817152,1.24266689,0.07781337
"5353",37,12,1.14983642,0,0,1.2430399,0.85202925,1.08077394,1.03456436,0.21309556
"5354",38,12,0,0,0,1.12516707,0.7712345,0.97828819,0.93646049,0.03363303
"5355",39,12,0.67663135,0,0,0.93019813,0.63759499,0.80877042,0.77419063,0.03462665
"5356",40,12,0.02422956,0,0,0.88250879,0.60490681,0.76730643,0.73449947,0.03019793
"5357",41,12,0.02498641,0,0,0.91007528,0.62380198,0.79127439,0.75744266,0.01402637
"5358",42,12,0.71157768,0,0,0.97824056,0.67052519,0.85054141,0.81417565,0.0415073
"5359",43,12,0.94154713,0,0.0548928,1.18652169,0.81328941,1.03163359,0.98752506,0.0016996
"5360",44,12,0,0,0,0.82131201,0.56296009,0.71409825,0.68356626,0
"5361",45,12,0,0,0,0.82763183,0.56729195,0.71959308,0.68882615,0.0048985
"5362",46,12,0,0,0,0.96170935,0.65919404,0.83616817,0.80041696,0.00975491
"5363",47,12,0,0,0,1.33749002,0.91676914,1.16289458,1.11317385,0.06818439
"5364",48,12,0,0,0,0.59867353,0.41035477,0.52052291,0.49826743,0.06465638
"5365",50,12,0.37858562,0,0,0.55292266,0.3789953,0.48074434,0.46018963,0.04859586
"5366",51,12,0.38837449,0,0,0.56721926,0.38879476,0.49317467,0.4720885,0.00736191
"5367",25,13,0.75403329,0,0.05080181,1.1697898,0.8018207,1.01708588,0.97359935,0
"5368",26,13,1.36272825,0,0,1.48988373,1.02122588,1.29539487,1.24000896,0.00363958
"5369",27,13,1.43079773,0,0,1.48988373,1.02122588,1.29539487,1.24000896,0.03493805
"5370",28,13,1.40432628,0,0,1.48988373,1.02122588,1.29539487,1.24000896,0.01314471
"5371",29,13,1.41592846,0,0,1.48988373,1.02122588,1.29539487,1.24000896,0.0059235
"5372",30,13,0.07849222,0,0.08697395,1.48988373,1.02122588,1.29539487,1.24000896,0.01965274
"5373",31,13,0.07845172,0,0.08697395,1.48988373,1.02122588,1.29539487,1.24000896,0.00399571
"5374",32,13,0.07825299,0,0.08697395,1.48988373,1.02122588,1.29539487,1.24000896,0.01031098
"5375",33,13,0.07793316,0,0.08726902,1.48988373,1.02122588,1.29539487,1.24000896,0.00619811
"5376",34,13,0.07765205,0,0.08726902,1.48988373,1.02122588,1.29539487,1.24000896,0.00594428
"5377",35,13,0.07760374,0,0.08724298,1.48988373,1.02122588,1.29539487,1.24000896,0
"5378",36,13,0.07782723,0,0.08726902,1.48988373,1.02122588,1.29539487,1.24000896,0.00259416
"5379",37,13,0.08053903,0,0,1.48988373,1.02122588,1.29539487,1.24000896,0.00718782
"5380",38,13,0.08053995,0,0,1.48988373,1.02122588,1.29539487,1.24000896,0.00686771
"5381",39,13,0.04472088,0,0,1.48988373,1.02122588,1.29539487,1.24000896,0.0033343
"5382",40,13,0.04357093,0,0,1.48988373,1.02122588,1.29539487,1.24000896,0.00293557
"5383",41,13,0.07480648,0,0,1.48988373,1.02122588,1.29539487,1.24000896,0
"5384",42,13,0.08045117,0,0.07384919,1.48988373,1.02122588,1.29539487,1.24000896,0.00493923
"5385",43,13,0.04472087,0,0,1.48988373,1.02122588,1.29539487,1.24000896,0.00528937
"5386",44,13,0,0,0,1.48988373,1.02122588,1.29539487,1.24000896,0.00327875
"5387",45,13,0.04090523,0,0,1.48988373,1.02122588,1.29539487,1.24000896,0.01155471
"5388",46,13,0.03063776,0,0,1.48988373,1.02122588,1.29539487,1.24000896,0.01254173
"5389",47,13,0,0,0,1.48988373,1.02122588,1.29539487,1.24000896,0
"5390",48,13,1.30563855,0,0,1.48988373,1.02122588,1.29539487,1.24000896,0.01454926
"5391",49,13,1.09482114,0,0,1.48511404,1.01795654,1.29124781,1.23603921,0.09664831
"5392",50,13,1.11556002,0,0,1.48987234,1.02121807,1.29538497,1.23999948,0.01523295
"5393",51,13,1.0917292,0,0,1.48980725,1.02117346,1.29532838,1.23994531,0.01089904
"5394",52,13,0.35079471,0,0,0.51233416,0.35117432,0.44545425,0.42640841,0.01367264
"5395",23,14,0.50562065,0,0,0.66025974,0.45256843,0.57406968,0.54952476,0.0114483
"5396",24,14,1.2844509,0,0.05853821,1.34793247,0.92392681,1.17197387,1.12186495,0.01202171
"5397",25,14,1.03222247,0,0,1.48667718,1.01902798,1.2926069,1.23734019,0.00859288
"5398",26,14,1.3314848,0,0.07363853,1.48667718,1.01902798,1.2926069,1.23734019,0.00341686
"5399",27,14,1.43146393,0,0,1.48667718,1.01902798,1.2926069,1.23734019,0.00394172
"5400",28,14,1.43146393,0,0,1.48667718,1.01902798,1.2926069,1.23734019,0.02639684
"5401",29,14,1.42661748,0,0,1.48667718,1.01902798,1.2926069,1.23734019,0.00620183
"5402",30,14,1.41996623,0,0,1.48667718,1.01902798,1.2926069,1.23734019,0.0207693
"5403",31,14,0.07828995,0,0.08678677,1.48667718,1.01902798,1.2926069,1.23734019,0.02543427
"5404",32,14,0.07718684,0,0.08678677,1.48667718,1.01902798,1.2926069,1.23734019,0
"5405",33,14,0.07724065,0,0.08678677,1.48667718,1.01902798,1.2926069,1.23734019,0.00655729
"5406",34,14,0.07820931,0,0.08704183,1.48667718,1.01902798,1.2926069,1.23734019,0.02073328
"5407",35,14,0.07817523,0,0.08707377,1.48667718,1.01902798,1.2926069,1.23734019,0.00827369
"5408",36,14,0.07757773,0,0.08705544,1.48667718,1.01902798,1.2926069,1.23734019,0.03487505
"5409",37,14,0.0774638,0,0.08694477,1.48667718,1.01902798,1.2926069,1.23734019,0.00941199
"5410",38,14,0.07432452,0,0.09057005,1.48667718,1.01902798,1.2926069,1.23734019,0.00011125
"5411",39,14,0.07567222,0,0.09057005,1.48667718,1.01902798,1.2926069,1.23734019,0.01090106
"5412",40,14,0.07570465,0,0.07369026,1.48667718,1.01902798,1.2926069,1.23734019,0.01045385
"5413",41,14,0.0762046,0,0.07369026,1.48667718,1.01902798,1.2926069,1.23734019,0.03706205
"5414",42,14,0.07360877,0,0.09057005,1.48667718,1.01902798,1.2926069,1.23734019,0.18152558
"5415",43,14,0.03429986,0,0.11755502,1.48667718,1.01902798,1.2926069,1.23734019,0.00565586
"5416",44,14,0.02615059,0,0.10281378,1.48667718,1.01902798,1.2926069,1.23734019,0
"5417",45,14,0.05570852,0,0.10224441,1.48667718,1.01902798,1.2926069,1.23734019,0
"5418",46,14,0,0,0,1.48667718,1.01902798,1.2926069,1.23734019,0.00179073
"5419",47,14,0,0,0,1.48667718,1.01902798,1.2926069,1.23734019,0.00176028
"5420",48,14,1.17973122,0,0.06877909,1.48667718,1.01902798,1.2926069,1.23734019,0
"5421",49,14,1.30203821,0,0,1.48667718,1.01902798,1.2926069,1.23734019,0.00744218
"5422",50,14,0.08645465,0,0,1.48667718,1.01902798,1.2926069,1.23734019,0
"5423",51,14,1.23888557,0,0,1.48667718,1.01902798,1.2926069,1.23734019,0.00941222
"5424",52,14,0.94188214,0,0.05596001,1.35313553,0.92749319,1.17649772,1.12619538,0.01631303
"5425",19,15,1.12577207,0,0,1.45836004,0.99961828,1.26798627,1.21377224,0.06649356
"5426",20,15,0.92448584,0,0,1.21529605,0.83301251,1.05665177,1.01147356,0.04072339
"5427",21,15,0.90326786,0,0.05107792,1.18721485,0.81376453,1.03223627,0.98810197,0.05079385
"5428",22,15,1.1194645,0,0.06477536,1.46136428,1.00167751,1.27059834,1.21627263,0.19130525
"5429",23,15,1.13211317,0,0.06382328,1.48345815,1.01682153,1.28980808,1.23466104,0.00955494
"5430",24,15,1.41891779,0,0,1.48345815,1.01682153,1.28980808,1.23466104,0.0220335
"5431",25,15,1.42164002,0,0.06382328,1.48345815,1.01682153,1.28980808,1.23466104,0.00146267
"5432",26,15,1.37600248,0,0,1.48345815,1.01682153,1.28980808,1.23466104,0.02368818
"5433",27,15,1.33535189,0,0.06600769,1.48345815,1.01682153,1.28980808,1.23466104,0.06797497
"5434",28,15,1.02274207,0,0,1.48345815,1.01682153,1.28980808,1.23466104,0.16323294
"5435",29,15,1.35366886,0,0,1.48345815,1.01682153,1.28980808,1.23466104,0.03935918
"5436",30,15,1.35943543,0,0,1.48345815,1.01682153,1.28980808,1.23466104,0.04523135
"5437",31,15,1.40961873,0,0,1.48345815,1.01682153,1.28980808,1.23466104,0.01764841
"5438",32,15,1.34429847,0,0,1.48345815,1.01682153,1.28980808,1.23466104,0.01466711
"5439",33,15,1.39008058,0,0,1.48345815,1.01682153,1.28980808,1.23466104,0.01654381
"5440",34,15,0.07690494,0,0.08689265,1.48345815,1.01682153,1.28980808,1.23466104,0.02713443
"5441",35,15,0.07689164,0,0.08689265,1.48345815,1.01682153,1.28980808,1.23466104,0.01668076
"5442",36,15,0.07692007,0,0.08689265,1.48345815,1.01682153,1.28980808,1.23466104,0.00734365
"5443",37,15,0.07671418,0,0.0969124,1.48345815,1.01682153,1.28980808,1.23466104,0.01801256
"5444",38,15,0.0776605,0,0.09895305,1.48345815,1.01682153,1.28980808,1.23466104,0.00031947
"5445",39,15,0.07745584,0,0.0735307,1.48345815,1.01682153,1.28980808,1.23466104,0.01135845
"5446",40,15,0.07736298,0,0.07353069,1.48345815,1.01682153,1.28980808,1.23466104,0.01922629
"5447",41,15,0.07728351,0,0.07353071,1.48345815,1.01682153,1.28980808,1.23466104,0.07580614
"5448",42,15,0.07369794,0,0.09037394,1.48345815,1.01682153,1.28980808,1.23466104,0.13862852
"5449",43,15,0,0,0,1.48345815,1.01682153,1.28980808,1.23466104,0
"5450",44,15,0.07326325,0,0,1.48345815,1.01682153,1.28980808,1.23466104,0.00620542
"5451",45,15,0.07363044,0,0,1.48345815,1.01682153,1.28980808,1.23466104,0.05705599
"5452",46,15,0.07504317,0,0,1.48345815,1.01682153,1.28980808,1.23466104,0.00200698
"5453",47,15,0.06850192,0,0.07639992,1.48345815,1.01682153,1.28980808,1.23466104,0
"5454",48,15,0,0,0.07610753,1.48345815,1.01682153,1.28980808,1.23466104,0.00530718
"5455",49,15,0,0,0,1.48345815,1.01682153,1.28980808,1.23466104,0
"5456",50,15,0,0,0,1.48345815,1.01682153,1.28980808,1.23466104,0.04426584
"5457",51,15,0,0,0,1.48345815,1.01682153,1.28980808,1.23466104,0.00241797
"5458",52,15,1.02547207,0,0,1.48345815,1.01682153,1.28980808,1.23466104,0.01173598
"5459",53,15,0.46857682,0,0,0.68435445,0.4690839,0.59501908,0.56957844,0.01382823
"5460",19,16,0.99393851,0,0,1.4802261,1.01460616,1.28699795,1.23197106,0
"5461",20,16,1.14122515,0,0,1.4802261,1.01460616,1.28699795,1.23197106,0.0017781
"5462",21,16,1.12734395,0,0,1.4802261,1.01460616,1.28699795,1.23197106,0.00452051
"5463",22,16,1.47249607,0,0,1.4802261,1.01460616,1.28699795,1.23197106,0.01056423
"5464",23,16,1.47639033,0,0,1.4802261,1.01460616,1.28699795,1.23197106,0.02365967
"5465",24,16,1.45515301,0,0,1.4802261,1.01460616,1.28699795,1.23197106,0.02859809
"5466",25,16,1.46982954,0,0,1.4802261,1.01460616,1.28699795,1.23197106,0.02035014
"5467",26,16,1.35861005,0,0,1.4802261,1.01460616,1.28699795,1.23197106,0.05878166
"5468",27,16,1.36697341,0,0,1.4802261,1.01460616,1.28699795,1.23197106,0.23401306
"5469",28,16,1.0461876,0,0,1.4802261,1.01460616,1.28699795,1.23197106,0.38264657
"5470",29,16,1.34508678,0,0,1.4802261,1.01460616,1.28699795,1.23197106,0.11510683
"5471",30,16,0.9915337,0,0,1.4802261,1.01460616,1.28699795,1.23197106,0.02152477
"5472",31,16,1.36313215,0,0,1.4802261,1.01460616,1.28699795,1.23197106,0.01060589
"5473",32,16,0.95172507,0,0,1.4802261,1.01460616,1.28699795,1.23197106,0.00496499
"5474",33,16,0.95318772,0,0,1.4802261,1.01460616,1.28699795,1.23197106,0
"5475",34,16,0.95378559,0,0,1.4802261,1.01460616,1.28699795,1.23197106,0.01749332
"5476",35,16,0.95705326,0,0,1.4802261,1.01460616,1.28699795,1.23197106,0.01646781
"5477",36,16,0.9133236,0,0,1.4802261,1.01460616,1.28699795,1.23197106,0.01189573
"5478",37,16,0.07709455,0,0.08666968,1.4802261,1.01460616,1.28699795,1.23197106,0.0422164
"5479",38,16,0.07397467,0,0.09017704,1.4802261,1.01460616,1.28699795,1.23197106,0.01120048
"5480",39,16,0.0742607,0,0.09017704,1.4802261,1.01460616,1.28699795,1.23197106,0
"5481",40,16,0.07372371,0,0.09017704,1.4802261,1.01460616,1.28699795,1.23197106,0.00988302
"5482",41,16,0.0433104,0,0,1.4802261,1.01460616,1.28699795,1.23197106,0
"5483",42,16,0.04329698,0,0,1.4802261,1.01460616,1.28699795,1.23197106,0.00451738
"5484",43,16,0.04329561,0,0,1.4802261,1.01460616,1.28699795,1.23197106,0
"5485",44,16,0.07533359,0,0.09017704,1.4802261,1.01460616,1.28699795,1.23197106,0.00559695
"5486",45,16,0.07389651,0,0.09017704,1.4802261,1.01460616,1.28699795,1.23197106,0.00425247
"5487",46,16,0.0736986,0,0,1.4802261,1.01460616,1.28699795,1.23197106,0
"5488",47,16,0.03035204,0,0,1.4802261,1.01460616,1.28699795,1.23197106,0.02207103
"5489",48,16,0.07357371,0,0.09017704,1.4802261,1.01460616,1.28699795,1.23197106,0
"5490",49,16,0.04435526,0,0,1.4802261,1.01460616,1.28699795,1.23197106,0.00460949
"5491",50,16,0.08160584,0,0,1.4802261,1.01460616,1.28699795,1.23197106,0.02067749
"5492",51,16,0,0,0,1.4802261,1.01460616,1.28699795,1.23197106,0.00682757
"5493",52,16,1.17461206,0,0,1.4802261,1.01460616,1.28699795,1.23197106,0.0108014
"5494",53,16,1.00359984,0,0,1.46575323,1.00468587,1.27441435,1.21992549,0.01114307
"5495",19,17,0.98082847,0,0,1.47698159,1.01238223,1.28417696,1.22927069,0.01006874
"5496",20,17,1.06464362,0,0,1.47698159,1.01238223,1.28417696,1.22927069,0.01610433
"5497",21,17,1.16573775,0,0,1.47698159,1.01238223,1.28417696,1.22927069,0.03206535
"5498",22,17,1.16573775,0,0,1.47698159,1.01238223,1.28417696,1.22927069,0.01225321
"5499",23,17,1.01504111,0,0,1.47698159,1.01238223,1.28417696,1.22927069,0.02357729
"5500",24,17,0.91301799,0,0,1.47698159,1.01238223,1.28417696,1.22927069,0.00172607
"5501",25,17,0.91301799,0,0,1.47698159,1.01238223,1.28417696,1.22927069,0
"5502",26,17,0.85895587,0,0,1.47698159,1.01238223,1.28417696,1.22927069,0.04366188
"5503",27,17,1.36036957,0,0,1.47698159,1.01238223,1.28417696,1.22927069,0.03474846
"5504",28,17,1.32698418,0,0,1.47698159,1.01238223,1.28417696,1.22927069,0.03189807
"5505",29,17,1.04389444,0,0,1.47698159,1.01238223,1.28417696,1.22927069,0.03441572
"5506",30,17,1.32548613,0,0,1.47698159,1.01238223,1.28417696,1.22927069,0.01240417
"5507",31,17,1.3406554,0,0,1.47698159,1.01238223,1.28417696,1.22927069,0.00630586
"5508",32,17,0.89370459,0,0,1.47698159,1.01238223,1.28417696,1.22927069,0.00525627
"5509",33,17,0.88969514,0,0,1.47698159,1.01238223,1.28417696,1.22927069,0.02837882
"5510",34,17,0.94952524,0,0,1.47698159,1.01238223,1.28417696,1.22927069,0.02111853
"5511",35,17,0.94827563,0,0,1.47698159,1.01238223,1.28417696,1.22927069,0.0255286
"5512",36,17,0.95355058,0,0,1.47698159,1.01238223,1.28417696,1.22927069,0.03601642
"5513",37,17,0.07562421,0,0.09170886,1.47698159,1.01238223,1.28417696,1.22927069,0.01557443
"5514",38,17,0.07538372,0,0.09170886,1.47698159,1.01238223,1.28417696,1.22927069,0.01772231
"5515",39,17,0.07493059,0,0.09170886,1.47698159,1.01238223,1.28417696,1.22927069,0.01358398
"5516",40,17,0.07525321,0,0.08997938,1.47698159,1.01238223,1.28417696,1.22927069,0.00628228
"5517",41,17,0.04327029,0,0,1.47698159,1.01238223,1.28417696,1.22927069,0.00999384
"5518",42,17,0.0739944,0,0.08997938,1.47698159,1.01238223,1.28417696,1.22927069,0.01342708
"5519",43,17,0.0739557,0,0.08997938,1.47698159,1.01238223,1.28417696,1.22927069,0.00837436
"5520",44,17,0.07316882,0,0.08997938,1.47698159,1.01238223,1.28417696,1.22927069,0.00161012
"5521",45,17,0.08028493,0,0.07320967,1.47698159,1.01238223,1.28417696,1.22927069,0.00363081
"5522",46,17,0.07293502,0,0,1.47698159,1.01238223,1.28417696,1.22927069,0.00706143
"5523",47,17,0.0686499,0,0,1.47698159,1.01238223,1.28417696,1.22927069,0.00536469
"5524",48,17,0.07403619,0,0,1.47698159,1.01238223,1.28417696,1.22927069,0.00511649
"5525",49,17,0.07333093,0,0,1.47698159,1.01238223,1.28417696,1.22927069,0
"5526",50,17,0.0301483,0,0,1.47698159,1.01238223,1.28417696,1.22927069,0.00265532
"5527",51,17,0.03006345,0,0,1.47698159,1.01238223,1.28417696,1.22927069,0.00849249
"5528",20,18,1.05299785,0,0,1.47372459,1.01014976,1.28134514,1.22655994,0.00453702
"5529",21,18,0.99860709,0,0,1.47372459,1.01014976,1.28134514,1.22655994,0.00283076
"5530",22,18,0.99860709,0,0,1.47372459,1.01014976,1.28134514,1.22655994,0.03447775
"5531",23,18,0.99860709,0,0,1.47372459,1.01014976,1.28134514,1.22655994,0.02300705
"5532",24,18,0.99860709,0,0,1.47372459,1.01014976,1.28134514,1.22655994,0.14402641
"5533",25,18,0.91100462,0,0,1.47372459,1.01014976,1.28134514,1.22655994,0.00246257
"5534",26,18,0,0,0,1.47372459,1.01014976,1.28134514,1.22655994,0.00695316
"5535",27,18,0,0,0,1.47372459,1.01014976,1.28134514,1.22655994,0.01684007
"5536",28,18,0,0,0,1.47372459,1.01014976,1.28134514,1.22655994,0.0209671
"5537",29,18,0.59501332,0,0,1.47372459,1.01014976,1.28134514,1.22655994,0.00253121
"5538",30,18,0.04355803,0,0,1.47372459,1.01014976,1.28134514,1.22655994,0
"5539",31,18,0.06890528,0,0,1.47372459,1.01014976,1.28134514,1.22655994,0.01263183
"5540",32,18,0.06876419,0,0,1.47372459,1.01014976,1.28134514,1.22655994,0.02208015
"5541",33,18,0.06876419,0,0,1.47372459,1.01014976,1.28134514,1.22655994,0.02909295
"5542",34,18,0.88741612,0,0,1.47372459,1.01014976,1.28134514,1.22655994,0.02335064
"5543",35,18,0.89201988,0,0,1.47372459,1.01014976,1.28134514,1.22655994,0.00982877
"5544",36,18,0.94505346,0,0,1.47372459,1.01014976,1.28134514,1.22655994,0.004953
"5545",37,18,0.94568032,0,0,1.47372459,1.01014976,1.28134514,1.22655994,0.00676545
"5546",38,18,0.94816367,0,0,1.47372459,1.01014976,1.28134514,1.22655994,0.00385063
"5547",39,18,0.95318858,0,0,1.47372459,1.01014976,1.28134514,1.22655994,0.00031187
"5548",40,18,0.07510227,0,0.09150662,1.47372459,1.01014976,1.28134514,1.22655994,0.04591727
"5549",41,18,0.92815408,0,0.06817987,1.47372459,1.01014976,1.28134514,1.22655994,0.06391353
"5550",42,18,0.04366989,0,0,1.47372459,1.01014976,1.28134514,1.22655994,0.01270425
"5551",43,18,0,0,0,1.47372459,1.01014976,1.28134514,1.22655994,0.00813054
"5552",44,18,0.07324754,0,0,1.47372459,1.01014976,1.28134514,1.22655994,0.00298336
"5553",45,18,0.0741271,0,0,1.47372459,1.01014976,1.28134514,1.22655994,0.00206202
"5554",46,18,0,0,0,1.47372459,1.01014976,1.28134514,1.22655994,0.00600213
"5555",47,18,0.06792122,0,0,1.47372459,1.01014976,1.28134514,1.22655994,0
"5556",48,18,0.06772102,0,0,1.47372459,1.01014976,1.28134514,1.22655994,0.01200322
"5557",49,18,0.07318703,0,0,1.47372459,1.01014976,1.28134514,1.22655994,0.00632387
"5558",50,18,0.07111512,0,0.08978096,1.47372459,1.01014976,1.28134514,1.22655994,0
"5559",51,18,0.07400566,0,0,1.47372459,1.01014976,1.28134514,1.22655994,0.0043728
"5560",20,19,0.62551659,0,0,1.47045458,1.00790836,1.27850199,1.22383835,0.00738278
"5561",21,19,0,0,0,1.47045458,1.00790836,1.27850199,1.22383835,0
"5562",22,19,0,0,0,1.47045458,1.00790836,1.27850199,1.22383835,0.00232944
"5563",23,19,1.07034486,0,0,1.47045458,1.00790836,1.27850199,1.22383835,0.01474887
"5564",24,19,0,0,0,1.47045458,1.00790836,1.27850199,1.22383835,0.00555736
"5565",25,19,0,0,0,1.47045458,1.00790836,1.27850199,1.22383835,0.01668273
"5566",26,19,0,0,0,1.47045458,1.00790836,1.27850199,1.22383835,0.00631909
"5567",27,19,0,0,0,1.47045458,1.00790836,1.27850199,1.22383835,0.00629566
"5568",28,19,0,0,0,1.47045458,1.00790836,1.27850199,1.22383835,0
"5569",29,19,0,0,0,1.47045458,1.00790836,1.27850199,1.22383835,0.00700109
"5570",30,19,0,0,0,1.47045458,1.00790836,1.27850199,1.22383835,0.01580138
"5571",31,19,0.58779567,0,0.06501692,1.47045458,1.00790836,1.27850199,1.22383835,0.00359915
"5572",32,19,0,0,0,1.47045458,1.00790836,1.27850199,1.22383835,0.0008762
"5573",33,19,0,0,0,1.47045458,1.00790836,1.27850199,1.22383835,0
"5574",34,19,0,0,0,1.47045458,1.00790836,1.27850199,1.22383835,0.08950931
"5575",35,19,0.88936645,0,0,1.47045458,1.00790836,1.27850199,1.22383835,0.21539233
"5576",36,19,0.89336396,0,0,1.47045458,1.00790836,1.27850199,1.22383835,0.01942028
"5577",37,19,0.94260717,0,0,1.47045458,1.00790836,1.27850199,1.22383835,0.01622451
"5578",38,19,0.94340139,0,0,1.47045458,1.00790836,1.27850199,1.22383835,0.02185068
"5579",39,19,0.9494001,0,0,1.47045458,1.00790836,1.27850199,1.22383835,0.01142359
"5580",40,19,0.94518424,0,0.06802858,1.47045458,1.00790836,1.27850199,1.22383835,0.00771036
"5581",41,19,0.92534467,0,0.06802858,1.47045458,1.00790836,1.27850199,1.22383835,0.02164844
"5582",42,19,0.92493918,0,0.06802858,1.47045458,1.00790836,1.27850199,1.22383835,0.00594397
"5583",43,19,0.95062758,0,0.06802858,1.47045458,1.00790836,1.27850199,1.22383835,0.02067449
"5584",44,19,0.92502693,0,0.06802858,1.47045458,1.00790836,1.27850199,1.22383835,0
"5585",45,19,0.92846552,0,0,1.47045458,1.00790836,1.27850199,1.22383835,0.01149114
"5586",46,19,0.61226981,0.01790349,0,1.47045458,1.00790836,1.27850199,1.22383835,0.00455345
"5587",47,19,0,0,0,1.47045458,1.00790836,1.27850199,1.22383835,0
"5588",48,19,0,0.0192758,0,1.47045458,1.00790836,1.27850199,1.22383835,0.00633454
"5589",49,19,0.03048489,0,0,1.47045458,1.00790836,1.27850199,1.22383835,0
"5590",50,19,0.07012162,0,0.08958175,1.47045458,1.00790836,1.27850199,1.22383835,0
"5591",22,20,0,0,0,1.46717209,1.00565842,1.275648,1.22110639,0.00791276
"5592",23,20,0.83928369,0,0,1.46717209,1.00565842,1.275648,1.22110639,0.00273956
"5593",29,20,1.0369281,0,0,1.46717209,1.00565842,1.275648,1.22110639,0.00982066
"5594",30,20,0,0,0,1.46717209,1.00565842,1.275648,1.22110639,0
"5595",31,20,0.51325524,0,0,1.46717209,1.00565842,1.275648,1.22110639,0.00593205
"5596",32,20,0,0,0,1.46717209,1.00565842,1.275648,1.22110639,0.00286382
"5597",33,20,0,0,0,1.46717209,1.00565842,1.275648,1.22110639,0.00308215
"5598",34,20,0,0,0,1.46717209,1.00565842,1.275648,1.22110639,0.01543921
"5599",35,20,0,0,0,1.46717209,1.00565842,1.275648,1.22110639,0.01442102
"5600",36,20,0,0,0,1.46717209,1.00565842,1.275648,1.22110639,0.00910399
"5601",37,20,0,0,0,1.46717209,1.00565842,1.275648,1.22110639,0.01895006
"5602",38,20,0.04336435,0,0,1.46717209,1.00565842,1.275648,1.22110639,0.00452699
"5603",39,20,1.26137771,0,0,1.46717209,1.00565842,1.275648,1.22110639,0.02123017
"5604",40,20,0.98590315,0,0,1.46717209,1.00565842,1.275648,1.22110639,0.00998572
"5605",41,20,0.98710001,0,0.06787671,1.46717209,1.00565842,1.275648,1.22110639,0.03216808
"5606",42,20,1.2680622,0,0.06787672,1.46717209,1.00565842,1.275648,1.22110639,0.06483738
"5607",43,20,0.92525103,0,0,1.46717209,1.00565842,1.275648,1.22110639,0.03175428
"5608",44,20,0.92245309,0,0,1.46717209,1.00565842,1.275648,1.22110639,0.01161467
"5609",45,20,0.92504298,0,0.06787672,1.46717209,1.00565842,1.275648,1.22110639,0.01269741
"5610",46,20,0,0,0,1.46717209,1.00565842,1.275648,1.22110639,0
"5611",47,20,0.61090145,0.0178431,0,1.46717209,1.00565842,1.275648,1.22110639,0
"5612",48,20,0,0,0,1.46717209,1.00565842,1.275648,1.22110639,0
"5613",31,21,0.02795737,0,0.08948391,1.46387713,1.00339992,1.27278316,1.21836404,0.00422011
"5614",32,21,0.02792707,0,0.089452,1.46387713,1.00339992,1.27278316,1.21836404,0.04822173
"5615",33,21,0.02801367,0,0.08984396,1.46387713,1.00339992,1.27278316,1.21836404,0.03400319
"5616",34,21,0.02809105,0,0.08965365,1.46387713,1.00339992,1.27278316,1.21836404,0.00581005
"5617",35,21,0.02802337,0,0.08954049,1.46387713,1.00339992,1.27278316,1.21836404,0
"5618",36,21,0,0,0,1.46387713,1.00339992,1.27278316,1.21836404,0.01482691
"5619",37,21,0,0,0,1.46387713,1.00339992,1.27278316,1.21836404,0.00011181
"5620",38,21,0,0,0,1.46387713,1.00339992,1.27278316,1.21836404,0.00194671
"5621",39,21,0,0,0,1.46387713,1.00339992,1.27278316,1.21836404,0
"5622",40,21,1.08121676,0,0,1.46387713,1.00339992,1.27278316,1.21836404,0
"5623",41,21,1.08121676,0,0,1.46387713,1.00339992,1.27278316,1.21836404,0.0047587
"5624",42,21,1.18894439,0,0,1.46387713,1.00339992,1.27278316,1.21836404,0.01989594
"5625",43,21,1.16616051,0,0,1.46387713,1.00339992,1.27278316,1.21836404,0.0034168
"5626",44,21,1.23137587,0,0,1.46387713,1.00339992,1.27278316,1.21836404,0.0105582
"5627",45,21,1.28585271,0,0,1.46387713,1.00339992,1.27278316,1.21836404,0.00973125
"5628",46,21,0.07473435,0,0,1.46387713,1.00339992,1.27278316,1.21836404,0.01453481
"5629",47,21,0.07487112,0,0,1.46387713,1.00339992,1.27278316,1.21836404,0.00108761
"5630",48,21,0.60537784,0.01766002,0,1.46387713,1.00339992,1.27278316,1.21836404,0.00070955
"5631",31,22,0.02751691,0,0.09057911,1.4605697,1.00113287,1.26990748,1.21561131,0
"5632",32,22,0.02786641,0,0.08965806,1.4605697,1.00113287,1.26990748,1.21561131,0
"5633",33,22,0.0277221,0,0.0890063,1.4605697,1.00113287,1.26990748,1.21561131,0.01033267
"5634",34,22,0,0,0,1.4605697,1.00113287,1.26990748,1.21561131,0.02950619
"5635",35,22,0,0,0,1.4605697,1.00113287,1.26990748,1.21561131,0.00490489
"5636",36,22,0.0277221,0,0.0890063,1.4605697,1.00113287,1.26990748,1.21561131,0.00018029
"5637",41,22,0.02981765,0,0.06155517,1.4605697,1.00113287,1.26990748,1.21561131,0.00460012
"5638",42,22,0.02981765,0,0,1.4605697,1.00113287,1.26990748,1.21561131,0.00363785
"5639",43,22,0,0,0,1.46124583,1.00106599,1.26990748,1.21561131,0
"5640",44,22,0,0,0,1.4605697,1.00113287,1.26990748,1.21561131,0
"5641",45,22,0,0,0,1.4605697,1.00113287,1.26990748,1.21561131,0.0048193
"5642",46,22,0,0,0,1.4605697,1.00113287,1.26990748,1.21561131,0
"5643",47,22,0.07511401,0,0,1.4605697,1.00113287,1.26990748,1.21561131,0.00795562
"5644",48,22,0.04474427,0,0,1.4605697,1.00113287,1.26990748,1.21561131,0.00328962
"5645",32,23,0.02780978,0,0.08905707,1.45724924,0.9988569,1.26702048,1.21284774,0.00522261
"5646",33,23,0.02765907,0,0.08880395,1.45724924,0.9988569,1.26702048,1.21284774,0.00242785
"5647",34,23,0.02765907,0,0.08880395,1.45724924,0.9988569,1.26702048,1.21284774,0.00239493
"5648",54,16,0.66178219,0,0,0.96658345,0.66243637,0.84035956,0.80442914,0.05305368
"5649",52,17,0.0256068,0,0,1.47706322,1.01228756,1.28417696,1.22927069,0
"5650",53,17,0.06782288,0,0.06833054,1.47706322,1.01228756,1.28417696,1.22927069,0.07487835
"5651",54,17,0.0682042,0,0,1.47706322,1.01228756,1.28417696,1.22927069,0
"5652",55,17,0.97221337,0,0,1.36344235,0.93441885,1.18539358,1.13471088,0.0156172
"5653",56,17,0.66560164,0,0,0.95495851,0.65446936,0.83025269,0.79475441,0.06747994
"5654",57,17,0.64759734,0,0,0.9426881,0.64605998,0.81958465,0.78454249,0.10062081
"5655",58,17,0.63308272,0,0,0.92155959,0.63157981,0.80121526,0.7669585,0.25155092
"5656",59,17,0,0,0,0.54753563,0.37524697,0.47603422,0.4556809,0.13076967
"5657",52,18,0.0733708,0,0,1.47380605,1.01005529,1.28134514,1.22655994,0.01660737
"5658",53,18,0.07733785,0,0,1.47380605,1.01005529,1.28134514,1.22655994,0.0578531
"5659",54,18,0.07306866,0,0.06817986,1.47380605,1.01005529,1.28134514,1.22655994,0.05244402
"5660",55,18,0.6425302,0,0,1.47380605,1.01005529,1.28134514,1.22655994,0.0536997
"5661",56,18,1.03442222,0,0,1.47380605,1.01005529,1.28134514,1.22655994,0.04288203
"5662",57,18,1.01245882,0,0,1.47380605,1.01005529,1.28134514,1.22655994,0.07139515
"5663",58,18,1.01245882,0,0,1.47380605,1.01005529,1.28134514,1.22655994,0.12811745
"5664",51,19,0.06972208,0,0.08958175,1.47053586,1.0078141,1.27850199,1.22383835,0
"5665",52,19,0.07000294,0,0.09900888,1.47053586,1.0078141,1.27850199,1.22383835,0.01066078
"5666",53,19,0.07321889,0,0,1.47053586,1.0078141,1.27850199,1.22383835,0
"5667",54,19,0,0,0,1.47053586,1.0078141,1.27850199,1.22383835,0.00725233
"5668",55,19,0.07948806,0,0.06802858,1.47053586,1.0078141,1.27850199,1.22383835,0.02719817
"5669",56,19,0.94041849,0,0,1.47053586,1.0078141,1.27850199,1.22383835,0.16674119
"5670",57,19,0.94013767,0,0.06042065,1.47053586,1.0078141,1.27850199,1.22383835,0.17892944
"5671",58,19,0.94095408,0,0,1.47053586,1.0078141,1.27850199,1.22383835,0.03080842
"5672",50,20,0,0.01876516,0.07051969,1.46725319,1.00556437,1.275648,1.22110639,0
"5673",51,20,0.66946442,0.01950522,0.0882421,1.46725319,1.00556437,1.275648,1.22110639,0.00280364
"5674",52,20,0.07035068,0,0,1.46725319,1.00556437,1.275648,1.22110639,0.02293501
"5675",53,20,0.08017601,0,0,1.46725319,1.00556437,1.275648,1.22110639,0.05456438
"5676",54,20,0.0782921,0,0,1.46725319,1.00556437,1.275648,1.22110639,0.02002716
"5677",55,20,0.07711373,0,0,1.46725319,1.00556437,1.275648,1.22110639,0.02081318
"5678",56,20,0.93836587,0,0,1.46725319,1.00556437,1.275648,1.22110639,0.31337917
"5679",57,20,0.93997894,0,0,1.46725319,1.00556437,1.275648,1.22110639,0.22166143
"5680",51,21,0.66901746,0.01818318,0.07129482,1.46395805,1.00330608,1.27278316,1.21836404,0
"5681",52,21,0.07058393,0,0,1.46395805,1.00330608,1.27278316,1.21836404,0.00903402
"5682",53,21,0.0797186,0,0.06772428,1.46395805,1.00330608,1.27278316,1.21836404,0.01516687
"5683",54,21,0.11144574,0,0,1.46395805,1.00330608,1.27278316,1.21836404,0
"5684",55,21,0.07229025,0,0,1.46395805,1.00330608,1.27278316,1.21836404,0.08321283
"5685",56,21,0.08017895,0,0,1.46395805,1.00330608,1.27278316,1.21836404,0.00839952
"5686",57,21,0.07880772,0,0,1.46395805,1.00330608,1.27278316,1.21836404,0.06063934
"5687",55,22,1.43086939,0,0,1.46065043,1.00103924,1.26990748,1.21561131,0.01317097
"5688",56,22,1.29053743,0,0,1.46065043,1.00103924,1.26990748,1.21561131,0.01923301
"5689",57,22,0.07570929,0,0,1.46366778,1.00130674,1.26990748,1.21561131,0.03655544
"5690",55,23,0.02613194,0,0,1.45732979,0.99876349,1.26702048,1.21284774,0.00337062
"5691",56,23,0.03748604,0,0.06991328,1.45732979,0.99876349,1.26702048,1.21284774,0.01256787
"5692",57,23,0.0458755,0,0,1.45732979,0.99876349,1.26702048,1.21284774,0.06899479
"5693",224,159,0,0.35775505,0,0.90415416,0.61796074,0.79560131,0.75122713,0
"5694",225,159,0,0.25377087,0,0.90415416,0.61796074,0.79560131,0.75122713,0
"5695",226,159,0,0.35755753,0,0.90415416,0.61796074,0.79560131,0.75122713,0
"5696",227,159,0,0.35759693,0,0.90415416,0.61796074,0.79560131,0.75122713,0
"5697",222,160,0,0.25069378,0,0.89938597,0.61470184,0.79140559,0.74726543,0.01146508
"5698",223,160,0,0.24799637,0,0.89938597,0.61470184,0.79140559,0.74726543,0
"5699",224,160,0,0.24764902,0,0.89938597,0.61470184,0.79140559,0.74726543,0.01568154
"5700",225,160,0,0.24803806,0,0.89938597,0.61470184,0.79140559,0.74726543,0.0441488
"5701",226,160,0,0.24806928,0,0.89938597,0.61470184,0.79140559,0.74726543,0.00760922
"5702",227,160,0,0.23486228,0,0.85154309,0.58200274,0.74930673,0.7075146,0.01508734
"5703",228,160,0,0.21240024,0,0.76895281,0.5255549,0.67663225,0.6388935,0.00320393
"5704",229,160,0,0.2806639,0,0.7096985,0.48505646,0.62449202,0.58966136,0
"5705",230,160,0,0.24930109,0,0.63056942,0.43097423,0.55486318,0.52391602,0
"5706",231,160,0,0.16258719,0,0.41139844,0.28117781,0.36200589,0.34181523,0
"5707",232,160,0,0.12951619,0,0.32778466,0.22403044,0.2884308,0.27234374,0.00159271
"5708",233,160,0,0.17296624,0,0.43725534,0.29885018,0.38475841,0.36329875,0
"5709",222,161,0,0.24753402,0.04655479,0.89461017,0.61143773,0.78720318,0.7432974,0.00725608
"5710",223,161,0,0.24891489,0,0.89461017,0.61143773,0.78720318,0.7432974,0.00764013
"5711",224,161,0,0.24620201,0,0.89461017,0.61143773,0.78720318,0.7432974,0.01066417
"5712",225,161,0,0.24839621,0,0.89461017,0.61143773,0.78720318,0.7432974,0.0002291
"5713",226,161,0,0.24643518,0,0.89461017,0.61143773,0.78720318,0.7432974,0.02571411
"5714",227,161,0,0.24725008,0,0.89348111,0.61066605,0.78620967,0.7423593,0.04188773
"5715",228,161,0,0.24777704,0,0.89461017,0.61143773,0.78720318,0.7432974,0
"5716",229,161,0,0.24091471,0,0.86991498,0.59455935,0.76547289,0.72277911,0.01527957
"5717",230,161,0,0.21908446,0,0.55416042,0.3787511,0.48762786,0.46043071,0.00181257
"5718",231,161,0,0.20183622,0,0.51066184,0.3490212,0.44935173,0.4242894,0
"5719",232,161,0,0.30886519,0,0.78130993,0.5340006,0.68750577,0.64916056,0.00227663
"5720",233,161,0,0.25443955,0,0.64349243,0.4398067,0.56623465,0.53465326,0.00723856
"5721",234,161,0,0.18618061,0,0.66316478,0.45325213,0.58354515,0.55099827,0
"5722",235,161,0,0.14096414,0,0.49228179,0.33645901,0.43317838,0.40901812,0
"5723",236,161,0,0.23986386,0,0.84484761,0.57742659,0.74341511,0.70195158,0
"5724",237,161,0,0.21684159,0,0.76398711,0.522161,0.67226274,0.63476769,0
"5725",238,161,0,0.18216482,0,0.64046708,0.43773897,0.56357253,0.53213962,0
"5726",223,162,0,0.2461914,0,0.88982567,0.60816767,0.7829931,0.73932213,0.01015958
"5727",224,162,0,0.24832454,0,0.88982567,0.60816767,0.7829931,0.73932213,0.00474997
"5728",225,162,0,0.2449796,0,0.88982567,0.60816767,0.7829931,0.73932213,0.00661582
"5729",226,162,0,0.24568487,0,0.88982567,0.60816767,0.7829931,0.73932213,0
"5730",227,162,0,0.24531159,0,0.88982567,0.60816767,0.7829931,0.73932213,0.13048064
"5731",228,162,0,0.24525606,0,0.88982567,0.60816767,0.7829931,0.73932213,0.00618719
"5732",229,162,0,0.24515662,0,0.88982567,0.60816767,0.7829931,0.73932213,0
"5733",230,162,0,0.21826785,0,0.7921941,0.54143958,0.69708319,0.65820379,0
"5734",231,162,0,0.23190476,0,0.84266348,0.57593381,0.74149321,0.70013688,0
"5735",232,162,0,0.24501281,0,0.88982567,0.60816767,0.7829931,0.73932213,0
"5736",233,162,0,0.22660108,0,0.82216079,0.56192087,0.72345207,0.68310197,0
"5737",234,162,0,0.19856652,0,0.72043303,0.49239317,0.63393776,0.59858027,0.02177672
"5738",235,162,0,0.10953808,0,0.3860911,0.26388104,0.33973696,0.32078834,0
"5739",236,162,0,0.11389144,0,0.39685556,0.27123821,0.34920904,0.32973212,0
"5740",237,162,0,0.061408,0,0.21798587,0.14898644,0.19181446,0.18111613,0.00064005
"5741",238,162,0,0.14566862,0,0.52786332,0.36077787,0.46448799,0.43858146,0.00230077
"5742",239,162,0,0.10670372,0,0.38510406,0.26320643,0.33886842,0.31996824,0.00206193
"5743",240,162,0,0.22871613,0,0.79524882,0.54352739,0.69977116,0.66074185,0.01921796
"5744",241,162,0,0.25316479,0,0.88982567,0.60816767,0.7829931,0.73932213,0.00417439
"5745",222,163,0,0.24573984,0.04605643,0.88503354,0.60489241,0.77877632,0.73534054,0
"5746",223,163,0,0.24373922,0,0.88503354,0.60489241,0.77877632,0.73534054,0.01971975
"5747",224,163,0,0.24442964,0,0.88503354,0.60489241,0.77877632,0.73534054,0
"5748",225,163,0,0.24802415,0.04605643,0.88503354,0.60489241,0.77877632,0.73534054,0
"5749",226,163,0,0.24467808,0,0.88503354,0.60489241,0.77877632,0.73534054,0
"5750",227,163,0,0.24457109,0.04605643,0.88503354,0.60489241,0.77877632,0.73534054,0.00257117
"5751",228,163,0,0.24481942,0.04605643,0.88503354,0.60489241,0.77877632,0.73534054,0
"5752",229,163,0,0.24489449,0.04605643,0.88503354,0.60489241,0.77877632,0.73534054,0
"5753",230,163,0,0.24469425,0.04605643,0.88503354,0.60489241,0.77877632,0.73534054,0.01998733
"5754",231,163,0,0.24459103,0.04605643,0.88503354,0.60489241,0.77877632,0.73534054,0.01422071
"5755",232,163,0,0.24412656,0,0.88503354,0.60489241,0.77877632,0.73534054,0
"5756",233,163,0,0.24396441,0,0.88503354,0.60489241,0.77877632,0.73534054,0
"5757",234,163,0,0.24205757,0,0.87803553,0.60010949,0.77261849,0.72952616,0
"5758",235,163,0,0.19826975,0,0.71944272,0.49171632,0.63306635,0.59775746,0
"5759",236,163,0,0.1384785,0,0.50002199,0.3417492,0.43998929,0.41544916,0.01886324
"5760",237,163,0,0.20829981,0,0.75511349,0.51609617,0.66445448,0.62739494,0.0738659
"5761",238,163,0,0.24401207,0,0.88503354,0.60489241,0.77877632,0.73534054,0.05935255
"5762",239,163,0,0.24564258,0,0.88503354,0.60489241,0.77877632,0.73534054,0.03015882
"5763",240,163,0,0.24817152,0,0.88503354,0.60489241,0.77877632,0.73534054,0
"5764",241,163,0,0.28005851,0,0.88503354,0.60489241,0.77877632,0.73534054,0
"5765",242,163,0,0.25933711,0,0.88503354,0.60489241,0.77877632,0.73534054,0.01632168
"5766",243,163,0,0.25588846,0,0.88503354,0.60489241,0.77877632,0.73534054,0.01024285
"5767",244,163,0,0.24482415,0,0.84896121,0.58023811,0.74703483,0.70536941,0
"5768",245,163,0,0.10618819,0,0.43165899,0.29502526,0.37983397,0.35864896,0
"5769",246,163,0,0.00547671,0,0.02221234,0.01518143,0.01954553,0.01845539,0
"5770",222,164,0,0.24373628,0.04580665,0.8802338,0.60161194,0.77455283,0.73135262,0
"5771",223,164,0,0.24366205,0.04580665,0.8802338,0.60161194,0.77455283,0.73135262,0.01240005
"5772",224,164,0,0.24345794,0.04580665,0.8802338,0.60161194,0.77455283,0.73135262,0.00108339
"5773",225,164,0,0.24347055,0.04580665,0.8802338,0.60161194,0.77455283,0.73135262,0.00698824
"5774",226,164,0,0.2460689,0.04580665,0.8802338,0.60161194,0.77455283,0.73135262,0
"5775",227,164,0,0.24347362,0.04580665,0.8802338,0.60161194,0.77455283,0.73135262,0.02816837
"5776",228,164,0,0.24321308,0,0.8802338,0.60161194,0.77455283,0.73135262,0.00788376
"5777",229,164,0,0.24296361,0,0.8802338,0.60161194,0.77455283,0.73135262,0.01298845
"5778",230,164,0,0.24424189,0,0.8802338,0.60161194,0.77455283,0.73135262,0
"5779",231,164,0,0.21677843,0.04081104,0.78423679,0.53600102,0.69008123,0.65159237,0.00218366
"5780",232,164,0,0.16043841,0.03026674,0.58161433,0.39751498,0.51178565,0.48324112,0
"5781",233,164,0,0.20659735,0.03896558,0.74877387,0.51176324,0.658876,0.62212759,0.01964298
"5782",234,164,0,0.0884924,0.01652715,0.31759044,0.21706301,0.2794605,0.26387376,0
"5783",235,164,0,0.05602928,0,0.19971301,0.13649752,0.17573544,0.1659339,0.00219131
"5784",236,164,0,0.15938681,0,0.57626285,0.39385741,0.50707667,0.47879477,0.0072601
"5785",237,164,0,0.20909733,0,0.7581704,0.51818546,0.66714438,0.6299348,0.01093173
"5786",238,164,0,0.2155798,0,0.7801221,0.53318876,0.68646056,0.64817363,0
"5787",239,164,0,0.19210862,0,0.69565731,0.47545975,0.61213662,0.57799507,0.00343291
"5788",240,164,0,0.1349135,0,0.48815513,0.33363858,0.42954717,0.40558944,0
"5789",241,164,0,0.23007312,0,0.81222395,0.55512935,0.71470825,0.67484583,0
"5790",242,164,0,0.22795684,0,0.79722781,0.54487997,0.70151255,0.66238612,0
"5791",243,164,0,0.18868778,0,0.65826111,0.44990063,0.57923021,0.546924,0.00826691
"5792",244,164,0,0.24869078,0.04575815,0.87930171,0.60097488,0.77373265,0.73057818,0.06307792
"5793",245,164,0,0.25010745,0,0.8802338,0.60161194,0.77455283,0.73135262,0.00309727
"5794",246,164,0,0.21741571,0,0.75079802,0.51314668,0.66065713,0.62380938,0
"5795",247,164,0,0.05600685,0,0.19229493,0.1314275,0.16920798,0.15977051,0
"5796",223,165,0,0.24201891,0,0.87592632,0.5984857,0.77032217,0.72735792,0.00445816
"5797",224,165,0,0.24227638,0.04555645,0.8754259,0.59832589,0.77032217,0.72735792,0
"5798",225,165,0,0.24199511,0,0.8754259,0.59832589,0.77032217,0.72735792,0.02366547
"5799",226,165,0,0.24303701,0.04555645,0.8754259,0.59832589,0.77032217,0.72735792,0.07179465
"5800",227,165,0,0.24183144,0,0.8754259,0.59832589,0.77032217,0.72735792,0.02262962
"5801",228,165,0,0.2419455,0.04555645,0.8754259,0.59832589,0.77032217,0.72735792,0
"5802",229,165,0,0.24292387,0,0.8754259,0.59832589,0.77032217,0.72735792,0.00566469
"5803",230,165,0,0.24165934,0.04555645,0.8754259,0.59832589,0.77032217,0.72735792,0.05294795
"5804",231,165,0,0.18676638,0,0.67768644,0.46317722,0.59632333,0.56306376,0.0875503
"5805",232,165,0,0.16664443,0,0.60512986,0.4135871,0.5324779,0.50277927,0
"5806",233,165,0,0.13605712,0,0.49141445,0.33586622,0.43241517,0.40829748,0.00366539
"5807",234,165,0,0.16058521,0,0.57986986,0.39632269,0.51025062,0.4817917,0
"5808",235,165,0,0.14490917,0,0.52152533,0.35644605,0.45891094,0.43331546,0
"5809",236,165,0,0.15958634,0,0.57627972,0.39386894,0.50709151,0.47880879,0
"5810",237,165,0,0.22202837,0,0.80263752,0.54857733,0.70627277,0.66688084,0
"5811",238,165,0,0.24230423,0,0.8754259,0.59832589,0.77032217,0.72735792,0
"5812",239,165,0,0.18949008,0,0.68735829,0.46978763,0.60483398,0.57109973,0.00853404
"5813",240,165,0,0.06657571,0,0.23733556,0.16221134,0.20884103,0.19719305,0
"5814",241,165,0,0.13971939,0,0.49581317,0.3388726,0.43628578,0.41195221,0.01302438
"5815",242,165,0,0.19067571,0.03526738,0.6777082,0.4631921,0.59634248,0.56308184,0.00724332
"5816",243,165,0,0.24500172,0.0452403,0.86935072,0.5941737,0.76497638,0.72231028,0.00348464
"5817",244,165,0,0.24841573,0,0.8754259,0.59832589,0.77032217,0.72735792,0.02300185
"5818",245,165,0,0.24899994,0,0.8754259,0.59832589,0.77032217,0.72735792,0.01786609
"5819",246,165,0,0.24944524,0,0.8754259,0.59832589,0.77032217,0.72735792,0.04055821
"5820",247,165,0,0.23782136,0.04351816,0.83625748,0.57155551,0.73585631,0.69481437,0.0296754
"5821",248,165,0,0.16097204,0.02778202,0.53386721,0.36488134,0.46977106,0.44356986,0
"5822",249,165,0,0.04313719,0,0.1330602,0.09094244,0.11708498,0.11055464,0
"5823",224,166,0,0.23989047,0,0.87060983,0.59503426,0.76608432,0.72335643,0
"5824",225,166,0,0.24143345,0.04530583,0.87060983,0.59503426,0.76608432,0.72335643,0
"5825",226,166,0,0.24107651,0.04530583,0.87060983,0.59503426,0.76608432,0.72335643,0.01508603
"5826",227,166,0,0.24102359,0.04530583,0.87060983,0.59503426,0.76608432,0.72335643,0.00112344
"5827",228,166,0,0.24067563,0,0.87060983,0.59503426,0.76608432,0.72335643,0.00984676
"5828",229,166,0,0.2406744,0,0.87060983,0.59503426,0.76608432,0.72335643,0.00937502
"5829",230,166,0,0.24082286,0,0.87053039,0.59497996,0.76601442,0.72329042,0.03219599
"5830",231,166,0,0.23675771,0,0.85831855,0.58663356,0.75526873,0.71314408,0.03512543
"5831",232,166,0,0.24155811,0,0.87060983,0.59503426,0.76608432,0.72335643,0
"5832",233,166,0,0.24060124,0,0.87060983,0.59503426,0.76608432,0.72335643,0
"5833",234,166,0,0.24035691,0,0.87060983,0.59503426,0.76608432,0.72335643,0
"5834",235,166,0,0.24046333,0,0.86986982,0.59452848,0.76543315,0.72274158,0.01855888
"5835",236,166,0,0.22461748,0,0.81176253,0.55481399,0.71430223,0.67446245,0
"5836",237,166,0,0.24014948,0,0.87060983,0.59503426,0.76608432,0.72335643,0
"5837",238,166,0,0.24077766,0,0.87060983,0.59503426,0.76608432,0.72335643,0
"5838",239,166,0,0.16208332,0,0.58705343,0.40123243,0.51657173,0.48776025,0
"5839",240,166,0,0.11080023,0.01994949,0.38335523,0.26201116,0.33732956,0.31851521,0
"5840",241,166,0,0.11404169,0.02074797,0.39869906,0.27249819,0.35083121,0.33126381,0
"5841",242,166,0,0.04684727,0,0.1603955,0.10962525,0.1411384,0.13326649,0
"5842",243,166,0,0.22761712,0,0.80411537,0.5495874,0.70757319,0.66810872,0.04458615
"5843",244,166,0,0.24706395,0,0.87060983,0.59503426,0.76608432,0.72335643,0.01878346
"5844",245,166,0,0.24753596,0,0.87060983,0.59503426,0.76608432,0.72335643,0.01643679
"5845",246,166,0,0.24698746,0,0.87060983,0.59503426,0.76608432,0.72335643,0
"5846",247,166,0,0.24834255,0.04530583,0.87060983,0.59503426,0.76608432,0.72335643,0.01362792
"5847",248,166,0,0.2503755,0.04530583,0.87060983,0.59503426,0.76608432,0.72335643,0
"5848",249,166,0,0.2444327,0.04381508,0.84196319,0.57545519,0.740877,0.69955503,0
"5849",250,166,0,0.11752674,0,0.46744839,0.31948617,0.41132648,0.388385,0
"5850",251,166,0,0.00344538,0,0.01677869,0.0114677,0.01476424,0.01394077,0
"5851",223,167,0,0.23979528,0,0.86578669,0.59173779,0.76184025,0.71934907,0
"5852",224,167,0,0.23826642,0,0.86578669,0.59173779,0.76184025,0.71934907,0.0157437
"5853",225,167,0,0.2400146,0,0.86578669,0.59173779,0.76184025,0.71934907,0.01028313
"5854",226,167,0,0.23907646,0,0.86578669,0.59173779,0.76184025,0.71934907,0.05397623
"5855",227,167,0,0.23996281,0,0.86578669,0.59173779,0.76184025,0.71934907,0
"5856",228,167,0,0.23902007,0,0.86578669,0.59173779,0.76184025,0.71934907,0.00646604
"5857",229,167,0,0.21951274,0,0.79652643,0.5444006,0.70089538,0.66180337,0.02643683
"5858",230,167,0,0.13508357,0,0.48991647,0.33484239,0.43109704,0.40705287,0.00864583
"5859",231,167,0,0.23435464,0,0.84996077,0.58092127,0.74791438,0.70619991,0
"5860",232,167,0,0.23958554,0,0.86578669,0.59173779,0.76184025,0.71934907,0
"5861",233,167,0,0.2409334,0,0.86578669,0.59173779,0.76184025,0.71934907,0
"5862",234,167,0,0.23960889,0,0.86578669,0.59173779,0.76184025,0.71934907,0
"5863",235,167,0,0.23978526,0,0.86578669,0.59173779,0.76184025,0.71934907,0.01339499
"5864",236,167,0,0.23922997,0,0.86578669,0.59173779,0.76184025,0.71934907,0
"5865",237,167,0,0.24307696,0,0.86578669,0.59173779,0.76184025,0.71934907,0
"5866",238,167,0,0.24425309,0,0.86578669,0.59173779,0.76184025,0.71934907,0
"5867",239,167,0,0.18454039,0,0.65578044,0.44820517,0.57704737,0.5448629,0.02024846
"5868",240,167,0,0.23577366,0.04264773,0.81953102,0.56012351,0.72113804,0.680917,0.04868925
"5869",241,167,0,0.15622436,0,0.54962676,0.37565249,0.48363851,0.45666386,0.05215956
"5870",242,167,0,0.14125185,0,0.49553566,0.33868294,0.4360416,0.41172164,0.11509258
"5871",243,167,0,0.24678805,0.04505484,0.86578669,0.59173779,0.76184025,0.71934907,0.08992412
"5872",244,167,0,0.24580759,0,0.86578669,0.59173779,0.76184025,0.71934907,0.0064562
"5873",245,167,0,0.24560167,0,0.86578669,0.59173779,0.76184025,0.71934907,0.01051977
"5874",246,167,0,0.24874028,0.04505484,0.86578669,0.59173779,0.76184025,0.71934907,0
"5875",247,167,0,0.24857102,0.04505484,0.86578669,0.59173779,0.76184025,0.71934907,0.00971745
"5876",248,167,0,0.25043764,0.04505484,0.86578669,0.59173779,0.76184025,0.71934907,0
"5877",249,167,0,0.25030506,0.04505484,0.86578669,0.59173779,0.76184025,0.71934907,0.02235682
"5878",250,167,0,0.2501831,0.04505484,0.86578669,0.59173779,0.76184025,0.71934907,0.00116824
"5879",251,167,0,0.18711836,0.03405662,0.65444189,0.44729031,0.57586952,0.54375075,0.00964633
"5880",252,167,0,0.01018323,0,0.03343169,0.0228495,0.02941788,0.02777711,0
"5881",223,168,0,0.23874462,0,0.86095539,0.58843575,0.75758899,0.71533492,0
"5882",224,168,0,0.23846553,0,0.86095539,0.58843575,0.75758899,0.71533492,0.00544415
"5883",225,168,0,0.23925637,0,0.86095539,0.58843575,0.75758899,0.71533492,0
"5884",226,168,0,0.23844778,0,0.86095539,0.58843575,0.75758899,0.71533492,0.00316285
"5885",227,168,0,0.23804255,0,0.86095539,0.58843575,0.75758899,0.71533492,0
"5886",228,168,0,0.23844911,0,0.86095539,0.58843575,0.75758899,0.71533492,0.00932128
"5887",229,168,0,0.22723356,0,0.80672065,0.55136802,0.70986568,0.67027335,0.03646992
"5888",230,168,0,0.06395043,0,0.22689758,0.15507731,0.19965623,0.18852053,0
"5889",231,168,0,0.15654784,0,0.56768687,0.387996,0.49953032,0.47166932,0
"5890",232,168,0,0.23729645,0,0.86095539,0.58843575,0.75758899,0.71533492,0.01103512
"5891",233,168,0,0.23745295,0,0.86095539,0.58843575,0.75758899,0.71533492,0
"5892",234,168,0,0.23806376,0,0.86095539,0.58843575,0.75758899,0.71533492,0.01392405
"5893",235,168,0,0.24701711,0,0.86095539,0.58843575,0.75758899,0.71533492,0.00257533
"5894",236,168,0,0.25016313,0,0.86095539,0.58843575,0.75758899,0.71533492,0
"5895",237,168,0,0.24443833,0,0.86095539,0.58843575,0.75758899,0.71533492,0.06255834
"5896",238,168,0,0.24443668,0,0.86095539,0.58843575,0.75758899,0.71533492,0.07248352
"5897",239,168,0,0.24443386,0,0.86095539,0.58843575,0.75758899,0.71533492,0.01009104
"5898",240,168,0,0.24740454,0,0.86095539,0.58843575,0.75758899,0.71533492,0.01461416
"5899",241,168,0,0.25236436,0,0.86095539,0.58843575,0.75758899,0.71533492,0.00582209
"5900",242,168,0,0.27497271,0,0.86095539,0.58843575,0.75758899,0.71533492,0.04588366
"5901",243,168,0,0.24510101,0,0.86095539,0.58843575,0.75758899,0.71533492,0.03608141
"5902",244,168,0,0.24627212,0,0.86095539,0.58843575,0.75758899,0.71533492,0.03183255
"5903",245,168,0,0.24554452,0,0.86095539,0.58843575,0.75758899,0.71533492,0.00355317
"5904",246,168,0,0.24521033,0,0.86095539,0.58843575,0.75758899,0.71533492,0
"5905",247,168,0,0.24480722,0,0.86095539,0.58843575,0.75758899,0.71533492,0
"5906",248,168,0,0.24821902,0,0.86095539,0.58843575,0.75758899,0.71533492,0
"5907",249,168,0,0.24145313,0.04480342,0.86095539,0.58843575,0.75758899,0.71533492,0.03533757
"5908",250,168,0,0.25598608,0,0.86095539,0.58843575,0.75758899,0.71533492,0
"5909",251,168,0,0.23595458,0,0.86095539,0.58843575,0.75758899,0.71533492,0
"5910",252,168,0,0.13736608,0,0.47419556,0.32409765,0.41726359,0.39399096,0
"5911",221,169,0,0.22399261,0,0.80900544,0.5529296,0.71187616,0.67217169,0
"5912",222,169,0,0.23701359,0,0.85611647,0.5851285,0.75333103,0.71131445,0.02694552
"5913",223,169,0,0.23613284,0,0.85611647,0.5851285,0.75333103,0.71131445,0
"5914",224,169,0,0.2362081,0,0.85611647,0.5851285,0.75333103,0.71131445,0.00902094
"5915",225,169,0,0.23573809,0,0.85611647,0.5851285,0.75333103,0.71131445,0.0261329
"5916",226,169,0,0.23688062,0,0.85611647,0.5851285,0.75333103,0.71131445,0.00354472
"5917",227,169,0,0.23661169,0,0.85611647,0.5851285,0.75333103,0.71131445,0.00953406
"5918",228,169,0,0.16336391,0,0.58134934,0.39733387,0.51155248,0.48302095,0
"5919",229,169,0,0.12511193,0,0.44164644,0.30185136,0.38862232,0.36694715,0.06618186
"5920",230,169,0,0.13487856,0,0.47511241,0.32472429,0.41807036,0.39475274,0.05867017
"5921",231,169,0,0.21121498,0,0.75965858,0.51920259,0.66845389,0.63117128,0
"5922",232,169,0,0.23779604,0,0.85611647,0.5851285,0.75333103,0.71131445,0.00639302
"5923",233,169,0,0.24082425,0,0.85611647,0.5851285,0.75333103,0.71131445,0
"5924",234,169,0,0.24239917,0,0.85611647,0.5851285,0.75333103,0.71131445,0.00994101
"5925",235,169,0,0.24503609,0,0.85611647,0.5851285,0.75333103,0.71131445,0.00856231
"5926",236,169,0,0.23058173,0,0.85611647,0.5851285,0.75333103,0.71131445,0.01451042
"5927",237,169,0,0.229106,0,0.85611647,0.5851285,0.75333103,0.71131445,0.00672745
"5928",238,169,0,0.22849169,0,0.85611647,0.5851285,0.75333103,0.71131445,0
"5929",239,169,0,0.22897116,0,0.85611647,0.5851285,0.75333103,0.71131445,0.00413872
"5930",240,169,0,0.23262492,0,0.85611647,0.5851285,0.75333103,0.71131445,0.03488707
"5931",241,169,0,0.23752344,0,0.85611647,0.5851285,0.75333103,0.71131445,0
"5932",242,169,0,0.23345891,0,0.85611647,0.5851285,0.75333103,0.71131445,0
"5933",243,169,0,0.22922479,0,0.85590535,0.58498421,0.75314526,0.71113904,0
"5934",244,169,0,0.18852179,0,0.70436171,0.48140893,0.61979596,0.58522722,0
"5935",245,169,0,0.20944708,0,0.78030765,0.53331557,0.68662383,0.6483278,0.04264051
"5936",246,169,0,0.229588,0,0.85611647,0.5851285,0.75333103,0.71131445,0
"5937",247,169,0,0.23122931,0,0.85611647,0.5851285,0.75333103,0.71131445,0
"5938",248,169,0,0.23900794,0,0.85611647,0.5851285,0.75333103,0.71131445,0
"5939",249,169,0,0.23206901,0,0.85611647,0.5851285,0.75333103,0.71131445,0
"5940",250,169,0,0.23145317,0,0.85611647,0.5851285,0.75333103,0.71131445,0.00782844
"5941",251,169,0,0.22980262,0,0.85611647,0.5851285,0.75333103,0.71131445,0.00556686
"5942",252,169,0,0.2387222,0,0.85352044,0.5833542,0.75104669,0.70915751,0
"5943",253,169,0,0.06074486,0,0.21906977,0.14972725,0.19276823,0.1820167,0
"5944",221,170,0,0.23923606,0.04429939,0.85126994,0.58181605,0.74906637,0.70728765,0
"5945",222,170,0,0.23699209,0,0.85126994,0.58181605,0.74906637,0.70728765,0
"5946",223,170,0,0.24186847,0,0.85126994,0.58181605,0.74906637,0.70728765,0
"5947",224,170,0,0.2358197,0,0.85126994,0.58181605,0.74906637,0.70728765,0
"5948",225,170,0,0.23600547,0.04429939,0.85126994,0.58181605,0.74906637,0.70728765,0
"5949",226,170,0,0.2385769,0.04429939,0.85126994,0.58181605,0.74906637,0.70728765,0
"5950",227,170,0,0.18277258,0.03357316,0.64515147,0.4409406,0.56769451,0.53603169,0.00845285
"5951",228,170,0,0.18817461,0,0.66254829,0.45283078,0.58300267,0.55048605,0.02287395
"5952",229,170,0,0.240279,0,0.84582867,0.57809712,0.74427839,0.70276671,0.09518876
"5953",230,170,0,0.24183322,0,0.85126994,0.58181605,0.74906637,0.70728765,0.13067306
"5954",231,170,0,0.24361715,0,0.85126994,0.58181605,0.74906637,0.70728765,0.00533407
"5955",232,170,0,0.2429129,0,0.85126994,0.58181605,0.74906637,0.70728765,0
"5956",233,170,0,0.24168898,0,0.85126994,0.58181605,0.74906637,0.70728765,0.02596223
"5957",234,170,0,0.24501556,0,0.85126994,0.58181605,0.74906637,0.70728765,0.01772876
"5958",235,170,0,0.22839483,0,0.85126994,0.58181605,0.74906637,0.70728765,0
"5959",236,170,0,0.23196577,0,0.85126994,0.58181605,0.74906637,0.70728765,0
"5960",237,170,0,0.23294364,0,0.85126994,0.58181605,0.74906637,0.70728765,0.00334234
"5961",238,170,0,0.22907075,0,0.85126994,0.58181605,0.74906637,0.70728765,0
"5962",239,170,0,0.22907419,0,0.85126994,0.58181605,0.74906637,0.70728765,0
"5963",240,170,0,0.22938944,0,0.85126994,0.58181605,0.74906637,0.70728765,0
"5964",241,170,0,0.21781508,0,0.79578914,0.54389668,0.70024661,0.66119078,0
"5965",242,170,0,0.21249464,0,0.78905775,0.53929599,0.69432339,0.65559792,0
"5966",243,170,0,0.08122806,0,0.30488835,0.20838154,0.26828342,0.25332008,0.00163553
"5967",244,170,0,0.19764709,0,0.73833861,0.50463106,0.6496936,0.61345733,0
"5968",245,170,0,0.23036438,0,0.85126994,0.58181605,0.74906637,0.70728765,0
"5969",246,170,0,0.22963516,0,0.85126994,0.58181605,0.74906637,0.70728765,0
"5970",247,170,0,0.22990865,0,0.85126994,0.58181605,0.74906637,0.70728765,0
"5971",248,170,0,0.22867575,0,0.85126994,0.58181605,0.74906637,0.70728765,0
"5972",249,170,0,0.23211172,0,0.85126994,0.58181605,0.74906637,0.70728765,0
"5973",250,170,0,0.2307663,0,0.85126994,0.58181605,0.74906637,0.70728765,0.00550032
"5974",251,170,0,0.19583546,0,0.69525466,0.47518455,0.61178231,0.57766052,0
"5975",252,170,0,0.05970449,0,0.20958183,0.14324255,0.18441942,0.17413353,0
"5976",221,171,0,0.23565874,0,0.84641524,0.57849802,0.74479453,0.70325407,0.00718082
"5977",222,171,0,0.23389364,0,0.84641524,0.57849802,0.74479453,0.70325407,0.00693543
"5978",223,171,0,0.23492413,0,0.84641524,0.57849802,0.74479453,0.70325407,0.00319769
"5979",224,171,0,0.23301317,0,0.84641524,0.57849802,0.74479453,0.70325407,0.01867614
"5980",225,171,0,0.23447254,0.04404676,0.84641524,0.57849802,0.74479453,0.70325407,0
"5981",226,171,0,0.23926389,0.04369712,0.83969636,0.57390588,0.73888232,0.69767161,0
"5982",227,171,0,0.22244816,0.04053443,0.77892121,0.53236799,0.68540385,0.64717586,0.00558729
"5983",228,171,0,0.24032417,0,0.84641524,0.57849802,0.74479453,0.70325407,0.00603483
"5984",229,171,0,0.2410734,0,0.84641524,0.57849802,0.74479453,0.70325407,0.01512219
"5985",230,171,0,0.24097572,0,0.84641524,0.57849802,0.74479453,0.70325407,0.03029043
"5986",231,171,0,0.24107714,0,0.84641524,0.57849802,0.74479453,0.70325407,0
"5987",232,171,0,0.24407733,0,0.84641524,0.57849802,0.74479453,0.70325407,0.05532447
"5988",233,171,0,0.24215071,0,0.84641524,0.57849802,0.74479453,0.70325407,0
"5989",234,171,0,0.24091343,0.04404676,0.84641524,0.57849802,0.74479453,0.70325407,0.01128003
"5990",235,171,0,0.22639974,0,0.84641524,0.57849802,0.74479453,0.70325407,0
"5991",236,171,0,0.23157769,0,0.84641524,0.57849802,0.74479453,0.70325407,0
"5992",237,171,0,0.23123027,0,0.84641524,0.57849802,0.74479453,0.70325407,0
"5993",238,171,0,0.22932101,0,0.84641524,0.57849802,0.74479453,0.70325407,0
"5994",239,171,0,0.17815405,0,0.66546698,0.45482561,0.58557094,0.55291108,0.03704453
"5995",240,171,0,0.10031635,0,0.37130011,0.25377187,0.32672177,0.30849906,0.00513237
"5996",241,171,0,0.04859265,0,0.17764486,0.12141464,0.1563168,0.14759832,0
"5997",242,171,0,0.05758107,0,0.21558899,0.14734825,0.18970536,0.17912465,0
"5998",243,171,0,0.06813501,0,0.25306899,0.17296464,0.2226855,0.21026535,0.00206911
"5999",244,171,0,0.2150576,0,0.79968563,0.54655981,0.70367529,0.66442823,0.05724887
"6000",245,171,0,0.22926505,0,0.84641524,0.57849802,0.74479453,0.70325407,0.01238256
"6001",246,171,0,0.23126956,0,0.84641524,0.57849802,0.74479453,0.70325407,0
"6002",247,171,0,0.23141088,0,0.84641524,0.57849802,0.74479453,0.70325407,0
"6003",248,171,0,0.23156839,0,0.84641524,0.57849802,0.74479453,0.70325407,0
"6004",249,171,0,0.22235292,0,0.81261681,0.55539786,0.71505394,0.67517224,0
"6005",250,171,0,0.16753502,0,0.57487097,0.39290611,0.5058519,0.47763832,0
"6006",251,171,0,0.04392229,0,0.14649578,0.10012523,0.12890748,0.12171775,0
"6007",221,172,0,0.23384384,0,0.84155346,0.57517515,0.74051646,0.69921461,0.00603044
"6008",222,172,0,0.23323066,0.04379376,0.84155346,0.57517515,0.74051646,0.69921461,0
"6009",223,172,0,0.23320348,0.04379376,0.84155346,0.57517515,0.74051646,0.69921461,0
"6010",224,172,0,0.23551052,0,0.84155346,0.57517515,0.74051646,0.69921461,0
"6011",225,172,0,0.2255624,0,0.84155346,0.57517515,0.74051646,0.69921461,0
"6012",226,172,0,0.2257825,0,0.84155346,0.57517515,0.74051646,0.69921461,0
"6013",227,172,0,0.23992192,0,0.84155346,0.57517515,0.74051646,0.69921461,0.01382565
"6014",228,172,0,0.23963736,0,0.84155346,0.57517515,0.74051646,0.69921461,0.04235836
"6015",229,172,0,0.22581785,0,0.84155346,0.57517515,0.74051646,0.69921461,0
"6016",230,172,0,0.24079471,0,0.84155346,0.57517515,0.74051646,0.69921461,0.02417999
"6017",231,172,0,0.24145215,0,0.84155346,0.57517515,0.74051646,0.69921461,0
"6018",232,172,0,0.23998296,0,0.84155346,0.57517515,0.74051646,0.69921461,0.016599
"6019",233,172,0,0.22576615,0,0.84155346,0.57517515,0.74051646,0.69921461,0.01085075
"6020",234,172,0,0.23244946,0,0.84155346,0.57517515,0.74051646,0.69921461,0
"6021",235,172,0,0.22990775,0,0.84155346,0.57517515,0.74051646,0.69921461,0
"6022",236,172,0,0.22643097,0,0.84155346,0.57517515,0.74051646,0.69921461,0
"6023",237,172,0,0.22658792,0,0.83963215,0.57386199,0.73882582,0.69761826,0
"6024",238,172,0,0.17191042,0,0.64255326,0.43916481,0.56540825,0.53387294,0
"6025",239,172,0,0.06372507,0,0.23627179,0.16148429,0.20790498,0.1963092,0
"6026",240,172,0,0.10802078,0,0.40024275,0.27355325,0.35218956,0.3325464,0.00539506
"6027",241,172,0,0.19146259,0,0.70616875,0.48264398,0.62138605,0.58672862,0.01511114
"6028",242,172,0,0.19425635,0,0.7137381,0.48781739,0.62804662,0.5930177,0
"6029",243,172,0,0.22523169,0,0.83811186,0.57282292,0.73748806,0.69635511,0.01981965
"6030",244,172,0,0.22447422,0,0.84155346,0.57517515,0.74051646,0.69921461,0.01354249
"6031",245,172,0,0.22331714,0,0.84155346,0.57517515,0.74051646,0.69921461,0
"6032",246,172,0,0.21601821,0,0.80992392,0.55355736,0.71268437,0.67293483,0
"6033",247,172,0,0.16099083,0,0.56878818,0.38874871,0.50049941,0.47258436,0
"6034",248,172,0,0.11247627,0,0.38647308,0.26414211,0.34007308,0.32110571,0
"6035",249,172,0,0.03255927,0,0.10871598,0.07430393,0.09566352,0.09032795,0
"6036",221,173,0,0.22381359,0,0.83640172,0.57194636,0.73623169,0.69516882,0
"6037",222,173,0,0.22062478,0,0.83668407,0.57184708,0.73623169,0.69516882,0
"6038",223,173,0,0.24025758,0.04354036,0.83668407,0.57184708,0.73623169,0.69516882,0.03041909
"6039",224,173,0,0.24037102,0.04354036,0.83668407,0.57184708,0.73623169,0.69516882,0
"6040",225,173,0,0.24169245,0.04354036,0.83668407,0.57184708,0.73623169,0.69516882,0
"6041",226,173,0,0.24331682,0.04354036,0.83668407,0.57184708,0.73623169,0.69516882,0.01478949
"6042",227,173,0,0.2432678,0.04354036,0.83668407,0.57184708,0.73623169,0.69516882,0.09248446
"6043",228,173,0,0.2392981,0,0.83668407,0.57184708,0.73623169,0.69516882,0
"6044",229,173,0,0.22645743,0,0.83668407,0.57184708,0.73623169,0.69516882,0.00549845
"6045",230,173,0,0.22348527,0,0.83668407,0.57184708,0.73623169,0.69516882,0.00569426
"6046",231,173,0,0.22559927,0,0.83668407,0.57184708,0.73623169,0.69516882,0
"6047",232,173,0,0.22822678,0,0.83668407,0.57184708,0.73623169,0.69516882,0
"6048",233,173,0,0.22843674,0,0.83668407,0.57184708,0.73623169,0.69516882,0.00546754
"6049",234,173,0,0.22664232,0,0.83668407,0.57184708,0.73623169,0.69516882,0
"6050",235,173,0,0.22498793,0,0.83668407,0.57184708,0.73623169,0.69516882,0
"6051",236,173,0,0.22812235,0,0.83668407,0.57184708,0.73623169,0.69516882,0
"6052",237,173,0,0.2216566,0,0.81288125,0.5555786,0.71528664,0.67539196,0.00448697
"6053",238,173,0,0.19524819,0,0.72730753,0.49709167,0.63998691,0.60429202,0.03442415
"6054",239,173,0,0.21651185,0,0.80650626,0.5512215,0.70967703,0.67009522,0.02050953
"6055",240,173,0,0.22414167,0,0.83668407,0.57184708,0.73623169,0.69516882,0
"6056",241,173,0,0.22592597,0,0.83668407,0.57184708,0.73623169,0.69516882,0.00689418
"6057",242,173,0,0.22537191,0,0.83668407,0.57184708,0.73623169,0.69516882,0
"6058",243,173,0,0.22391576,0,0.83668407,0.57184708,0.73623169,0.69516882,0
"6059",244,173,0,0.21813453,0,0.82271253,0.56229797,0.72393758,0.6835604,0
"6060",245,173,0,0.13624263,0,0.50524016,0.34531566,0.44458097,0.41978474,0
"6061",246,173,0,0.03469713,0,0.1216047,0.08311297,0.10700483,0.1010367,0
"6062",222,174,0,0.22144346,0,0.83180707,0.5685138,0.73194022,0.6911167,0
"6063",223,174,0,0.22366964,0,0.83180707,0.5685138,0.73194022,0.6911167,0.00116257
"6064",224,174,0,0.22123194,0,0.83180707,0.5685138,0.73194022,0.6911167,0
"6065",225,174,0,0.22287866,0,0.83180707,0.5685138,0.73194022,0.6911167,0.03420784
"6066",226,174,0,0.22366017,0,0.83180707,0.5685138,0.73194022,0.6911167,0.00884887
"6067",227,174,0,0.22312375,0,0.83180707,0.5685138,0.73194022,0.6911167,0
"6068",228,174,0,0.22364314,0,0.83180707,0.5685138,0.73194022,0.6911167,0.00284579
"6069",229,174,0,0.22660455,0,0.83180707,0.5685138,0.73194022,0.6911167,0.00759242
"6070",230,174,0,0.22702922,0,0.83180707,0.5685138,0.73194022,0.6911167,0
"6071",231,174,0,0.22555979,0,0.83180707,0.5685138,0.73194022,0.6911167,0
"6072",232,174,0,0.22674468,0,0.83180707,0.5685138,0.73194022,0.6911167,0
"6073",233,174,0,0.22714296,0,0.83180707,0.5685138,0.73194022,0.6911167,0
"6074",234,174,0,0.22699627,0,0.83180707,0.5685138,0.73194022,0.6911167,0
"6075",235,174,0,0.22489966,0,0.83180707,0.5685138,0.73194022,0.6911167,0
"6076",236,174,0,0.22723903,0,0.83180707,0.5685138,0.73194022,0.6911167,0.01755569
"6077",237,174,0,0.22601075,0,0.83180707,0.5685138,0.73194022,0.6911167,0.00033431
"6078",238,174,0,0.22263315,0,0.83180707,0.5685138,0.73194022,0.6911167,0
"6079",239,174,0,0.22403503,0,0.83180707,0.5685138,0.73194022,0.6911167,0
"6080",240,174,0,0.221107,0,0.83180707,0.5685138,0.73194022,0.6911167,0
"6081",241,174,0,0.22524536,0,0.83180707,0.5685138,0.73194022,0.6911167,0
"6082",242,174,0,0.22105077,0,0.83180707,0.5685138,0.73194022,0.6911167,0
"6083",243,174,0,0.22342341,0,0.82017745,0.56056532,0.72170685,0.68145409,0
"6084",244,174,0,0.10643818,0,0.38444566,0.26275644,0.33828907,0.31942121,0
"6085",245,174,0,0.01788828,0,0.06445888,0.04405561,0.05671994,0.05355642,0
"6086",223,175,0,0.2200716,0,0.82692299,0.56517568,0.72764252,0.6870587,0
"6087",224,175,0,0.21900867,0,0.82692299,0.56517568,0.72764252,0.6870587,0
"6088",225,175,0,0.22160257,0,0.82692299,0.56517568,0.72764252,0.6870587,0
"6089",226,175,0,0.22167937,0,0.82692299,0.56517568,0.72764252,0.6870587,0
"6090",227,175,0,0.22315926,0,0.82692299,0.56517568,0.72764252,0.6870587,0
"6091",228,175,0,0.22404469,0,0.82692299,0.56517568,0.72764252,0.6870587,0.01103578
"6092",229,175,0,0.2264615,0,0.82692299,0.56517568,0.72764252,0.6870587,0
"6093",230,175,0,0.2263557,0,0.82692299,0.56517568,0.72764252,0.6870587,0
"6094",231,175,0,0.2273541,0,0.82692299,0.56517568,0.72764252,0.6870587,0
"6095",232,175,0,0.22755925,0,0.82692299,0.56517568,0.72764252,0.6870587,0
"6096",233,175,0,0.22055514,0,0.82692299,0.56517568,0.72764252,0.6870587,0
"6097",234,175,0,0.22304896,0,0.82692299,0.56517568,0.72764252,0.6870587,0
"6098",235,175,0,0.22489516,0,0.82692299,0.56517568,0.72764252,0.6870587,0
"6099",236,175,0,0.2258129,0,0.82692299,0.56517568,0.72764252,0.6870587,0
"6100",237,175,0,0.22235602,0,0.82692299,0.56517568,0.72764252,0.6870587,0
"6101",238,175,0,0.22165254,0,0.82692299,0.56517568,0.72764252,0.6870587,0
"6102",239,175,0,0.2214118,0,0.82692299,0.56517568,0.72764252,0.6870587,0
"6103",240,175,0,0.21958931,0,0.82692299,0.56517568,0.72764252,0.6870587,0
"6104",241,175,0,0.22740803,0,0.82692299,0.56517568,0.72764252,0.6870587,0
"6105",242,175,0,0.22632899,0,0.82692299,0.56517568,0.72764252,0.6870587,0
"6106",243,175,0,0.22062476,0,0.82692299,0.56517568,0.72764252,0.6870587,0
"6107",244,175,0,0.22223962,0,0.82692299,0.56517568,0.72764252,0.6870587,0
"6108",245,175,0,0.20510234,0,0.75828303,0.51826245,0.66724349,0.63002839,0
"6109",246,175,0,0.04831814,0,0.17049667,0.11652907,0.15002682,0.14165916,0
"6110",225,176,0,0.22325862,0,0.82203129,0.56183236,0.72333812,0.68299437,0
"6111",226,176,0,0.21992048,0,0.80689477,0.55148703,0.71001889,0.67041802,0.02827567
"6112",227,176,0,0.19632501,0,0.71591297,0.48930385,0.62996038,0.59482472,0
"6113",228,176,0,0.21889441,0,0.82203129,0.56183236,0.72333812,0.68299437,0
"6114",229,176,0,0.21952663,0,0.82203129,0.56183236,0.72333812,0.68299437,0.00520252
"6115",230,176,0,0.21785716,0,0.81943145,0.56005545,0.72105042,0.68083427,0
"6116",231,176,0,0.21945929,0,0.81871864,0.55956827,0.72042319,0.68024202,0
"6117",232,176,0,0.18587451,0,0.69524323,0.47517674,0.61177225,0.57765102,0.02143623
"6118",233,176,0,0.2048595,0,0.7612371,0.52028145,0.66984289,0.6324828,0.04328926
"6119",234,176,0,0.20534819,0,0.75585568,0.51660343,0.66510757,0.62801159,0.02836712
"6120",235,176,0,0.16902311,0,0.63620983,0.43482928,0.55982641,0.52860243,0
"6121",236,176,0,0.2196413,0,0.82171678,0.5616174,0.72306137,0.68273306,0
"6122",237,176,0,0.21724425,0,0.82203129,0.56183236,0.72333812,0.68299437,0
"6123",238,176,0,0.22192013,0,0.82203129,0.56183236,0.72333812,0.68299437,0
"6124",239,176,0,0.22217829,0,0.82203129,0.56183236,0.72333812,0.68299437,0
"6125",240,176,0,0.2197191,0,0.82203129,0.56183236,0.72333812,0.68299437,0.03542945
"6126",241,176,0,0.22070295,0,0.82203129,0.56183236,0.72333812,0.68299437,0.02711776
"6127",242,176,0,0.21853228,0,0.82203129,0.56183236,0.72333812,0.68299437,0
"6128",243,176,0,0.21867856,0,0.82203129,0.56183236,0.72333812,0.68299437,0
"6129",244,176,0,0.22436204,0,0.82203129,0.56183236,0.72333812,0.68299437,0
"6130",245,176,0,0.22890878,0,0.82203129,0.56183236,0.72333812,0.68299437,0
"6131",246,176,0,0.22263699,0,0.81231373,0.55519071,0.71478725,0.67492043,0
"6132",247,176,0,0,0,0.14304003,0.09776333,0.12586663,0.1188465,0
"6133",224,177,0,0.22462713,0,0.81685621,0.5585808,0.71902702,0.67892372,0
"6134",225,177,0,0.15827302,0,0.58364012,0.39889954,0.51356822,0.48492426,0.00177549
"6135",226,177,0,0.09285754,0,0.34189169,0.23367214,0.30084413,0.28406474,0.00112739
"6136",227,177,0,0.02760925,0,0.10132619,0.06925324,0.08916096,0.08418806,0
"6137",228,177,0,0.10774634,0,0.39855922,0.27240261,0.35070816,0.33114762,0.0029453
"6138",229,177,0,0.13817792,0,0.51821759,0.35418531,0.45600033,0.43056718,0.01636719
"6139",230,177,0,0.17813918,0,0.67229251,0.45949065,0.591577,0.55858215,0.11926033
"6140",231,177,0,0.15801266,0,0.59089986,0.40386134,0.51995636,0.4909561,0.01350698
"6141",232,177,0,0.19737489,0,0.72279781,0.49400942,0.63601862,0.60054507,0
"6142",233,177,0,0,0,0.81713197,0.55848383,0.71902702,0.67892372,0
"6143",234,177,0,0,0,0.80631364,0.55108985,0.70950754,0.66993518,0
"6144",235,177,0,0,0,0.81713197,0.55848383,0.71902702,0.67892372,0
"6145",236,177,0,0.21996769,0,0.81713197,0.55848383,0.71902702,0.67892372,0
"6146",237,177,0,0.22066282,0,0.81713197,0.55848383,0.71902702,0.67892372,0
"6147",238,177,0,0,0,0.81713197,0.55848383,0.71902702,0.67892372,0
"6148",239,177,0,0.21655341,0,0.81713197,0.55848383,0.71902702,0.67892372,0
"6149",240,177,0,0.21678017,0,0.81713197,0.55848383,0.71902702,0.67892372,0
"6150",241,177,0,0,0,0.81713197,0.55848383,0.71902702,0.67892372,0
"6151",242,177,0,0,0,0.81713197,0.55848383,0.71902702,0.67892372,0
"6152",243,177,0,0.21640836,0,0.81713197,0.55848383,0.71902702,0.67892372,0
"6153",244,177,0,0,0,0.81713197,0.55848383,0.71902702,0.67892372,0
"6154",245,177,0,0,0,0.80003115,0.54679597,0.70397933,0.66471531,0
"6155",246,177,0,0,0,0.48806752,0.3335787,0.42947008,0.40551665,0
"6156",247,177,0,0,0,0.00228588,0.00156232,0.00201143,0.00189925,0
"6157",223,178,0,0.22527968,0,0.81222558,0.55513047,0.71470969,0.67484719,0
"6158",224,178,0,0.14526853,0,0.53903696,0.3684147,0.47432013,0.44786521,0.00627903
"6159",225,178,0,0.01832714,0,0.0705863,0.0482435,0.0621117,0.05864745,0
"6160",227,178,0,0.14475883,0,0.54671731,0.37366397,0.48107837,0.45424652,0
"6161",228,178,0,0.20740465,0,0.78306855,0.53520256,0.68905325,0.65062172,0
"6162",229,178,0,0.18063641,0,0.68273376,0.46662691,0.60076467,0.56725738,0.00423398
"6163",230,178,0,0.14704895,0,0.55530417,0.37953282,0.48863429,0.46138101,0.01302629
"6164",231,178,0,0.18686612,0,0.70548315,0.4821754,0.62078277,0.58615898,0.01206512
"6165",232,178,0,0,0,0.80169999,0.54793656,0.7054478,0.66610188,0.00912936
"6166",233,178,0,0,0,0.81222558,0.55513047,0.71470969,0.67484719,0.01280241
"6167",234,178,0,0,0,0.81222558,0.55513047,0.71470969,0.67484719,0
"6168",235,178,0,0,0,0.81222558,0.55513047,0.71470969,0.67484719,0
"6169",236,178,0,0,0,0.81222558,0.55513047,0.71470969,0.67484719,0
"6170",237,178,0,0,0,0.81222558,0.55513047,0.71470969,0.67484719,0
"6171",238,178,0,0,0,0.81222558,0.55513047,0.71470969,0.67484719,0.00309937
"6172",239,178,0,0,0,0.81222558,0.55513047,0.71470969,0.67484719,0
"6173",240,178,0,0,0,0.81222558,0.55513047,0.71470969,0.67484719,0
"6174",241,178,0,0,0,0.81222558,0.55513047,0.71470969,0.67484719,0
"6175",242,178,0,0,0,0.81222558,0.55513047,0.71470969,0.67484719,0
"6176",243,178,0,0,0,0.81222558,0.55513047,0.71470969,0.67484719,0
"6177",244,178,0,0,0,0.3667561,0.25066619,0.32272333,0.30472363,0
"6178",245,178,0,0,0,0.04595041,0.03140565,0.0404336,0.03817844,0
"6179",223,179,0,0.21961434,0,0.80731211,0.55177227,0.71038613,0.67076478,0.00551662
"6180",224,179,0,0.21752008,0,0.78867196,0.53903232,0.69398392,0.65527739,0.02527395
"6181",225,179,0,0.17941222,0,0.68100289,0.46544391,0.59924161,0.56581927,0.01104222
"6182",226,179,0,0.18290339,0,0.70174881,0.47962309,0.61749677,0.58305626,0
"6183",227,179,0,0.20499269,0,0.77499262,0.52968292,0.68194692,0.64391174,0
"6184",228,179,0,0,0,0.80731211,0.55177227,0.71038613,0.67076478,0
"6185",229,179,0,0,0,0.80731211,0.55177227,0.71038613,0.67076478,0
"6186",230,179,0,0,0,0.80731211,0.55177227,0.71038613,0.67076478,0.00964018
"6187",231,179,0,0,0,0.80731211,0.55177227,0.71038613,0.67076478,0
"6188",232,179,0,0,0,0.80731211,0.55177227,0.71038613,0.67076478,0
"6189",233,179,0,0,0,0.80731211,0.55177227,0.71038613,0.67076478,0.00487431
"6190",234,179,0,0,0,0.80731211,0.55177227,0.71038613,0.67076478,0.00057404
"6191",235,179,0,0,0,0.80731211,0.55177227,0.71038613,0.67076478,0
"6192",236,179,0,0,0,0.80731211,0.55177227,0.71038613,0.67076478,0
"6193",237,179,0,0,0,0.80731211,0.55177227,0.71038613,0.67076478,0
"6194",238,179,0,0,0,0.80731211,0.55177227,0.71038613,0.67076478,0
"6195",239,179,0,0,0,0.80731211,0.55177227,0.71038613,0.67076478,0
"6196",240,179,0,0,0,0.80731211,0.55177227,0.71038613,0.67076478,0
"6197",241,179,0,0,0,0.80731211,0.55177227,0.71038613,0.67076478,0
"6198",242,179,0,0,0,0.80731211,0.55177227,0.71038613,0.67076478,0
"6199",243,179,0,0,0,0.78633548,0.53743541,0.69192796,0.6533361,0
"6200",244,179,0,0,0,0.20869491,0.14263636,0.18363897,0.17339662,0
"6201",226,180,0,0,0,0.80239103,0.54840887,0.70605588,0.66667604,0
"6202",227,180,0,0,0,0.80239103,0.54840887,0.70605588,0.66667604,0.00327272
"6203",228,180,0,0,0,0.80239103,0.54840887,0.70605588,0.66667604,0.00485692
"6204",229,180,0,0,0,0.80239103,0.54840887,0.70605588,0.66667604,0
"6205",230,180,0,0,0,0.80239103,0.54840887,0.70605588,0.66667604,0
"6206",231,180,0,0,0,0.80239103,0.54840887,0.70605588,0.66667604,0.0093641
"6207",232,180,0,0,0,0.80239103,0.54840887,0.70605588,0.66667604,0
"6208",233,180,0,0,0,0.80239103,0.54840887,0.70605588,0.66667604,0.00852972
"6209",234,180,0,0,0,0.80239103,0.54840887,0.70605588,0.66667604,0.02003763
"6210",235,180,0,0,0,0.80239103,0.54840887,0.70605588,0.66667604,0.00578847
"6211",236,180,0,0,0,0.80239103,0.54840887,0.70605588,0.66667604,0.00891356
"6212",237,180,0,0,0,0.80239103,0.54840887,0.70605588,0.66667604,0
"6213",238,180,0,0,0,0.80239103,0.54840887,0.70605588,0.66667604,0
"6214",239,180,0,0,0,0.80239103,0.54840887,0.70605588,0.66667604,0
"6215",240,180,0,0,0,0.80239103,0.54840887,0.70605588,0.66667604,0
"6216",241,180,0,0,0,0.80239103,0.54840887,0.70605588,0.66667604,0
"6217",242,180,0,0,0,0.6414291,0.43839648,0.56441905,0.53293892,0
"6218",243,180,0,0,0,0.61592044,0.42096212,0.54197296,0.51174475,0
"6219",244,180,0,0,0,0.26133046,0.1786111,0.2299551,0.21712949,0
"6220",228,181,0,0,0,0.79746288,0.54504063,0.7017194,0.66258142,0
"6221",229,181,0,0,0,0.79746288,0.54504063,0.7017194,0.66258142,0.01571851
"6222",230,181,0,0,0,0.79746288,0.54504063,0.7017194,0.66258142,0.00317243
"6223",231,181,0,0,0,0.79746288,0.54504063,0.7017194,0.66258142,0
"6224",232,181,0,0,0,0.79746288,0.54504063,0.7017194,0.66258142,0
"6225",233,181,0,0,0,0.79746288,0.54504063,0.7017194,0.66258142,0
"6226",234,181,0,0,0,0.79746288,0.54504063,0.7017194,0.66258142,0
"6227",235,181,0,0,0,0.79746288,0.54504063,0.7017194,0.66258142,0
"6228",236,181,0,0,0,0.79746288,0.54504063,0.7017194,0.66258142,0.01261754
"6229",237,181,0,0,0,0.79746288,0.54504063,0.7017194,0.66258142,0.054244
"6230",238,181,0,0,0,0.79746288,0.54504063,0.7017194,0.66258142,0.00294535
"6231",239,181,0,0,0,0.79746288,0.54504063,0.7017194,0.66258142,0
"6232",240,181,0,0,0,0.79746288,0.54504063,0.7017194,0.66258142,0
"6233",241,181,0,0,0,0.6191248,0.4231522,0.54479261,0.51440713,0
"6234",242,181,0,0,0,0.0105011,0.00717717,0.00924034,0.00872496,0
"6235",228,182,0,0,0,0.7925271,0.54166718,0.69737621,0.65848048,0
"6236",229,182,0,0,0,0.7925271,0.54166718,0.69737621,0.65848048,0
"6237",230,182,0,0,0,0.7925271,0.54166718,0.69737621,0.65848048,0
"6238",231,182,0,0,0,0.7925271,0.54166718,0.69737621,0.65848048,0
"6239",232,182,0,0,0,0.7925271,0.54166718,0.69737621,0.65848048,0
"6240",233,182,0,0,0,0.7925271,0.54166718,0.69737621,0.65848048,0
"6241",234,182,0,0,0,0.7925271,0.54166718,0.69737621,0.65848048,0
"6242",235,182,0,0,0,0.7925271,0.54166718,0.69737621,0.65848048,0
"6243",236,182,0,0,0,0.7925271,0.54166718,0.69737621,0.65848048,0
"6244",237,182,0,0,0,0.7925271,0.54166718,0.69737621,0.65848048,0
"6245",238,182,0,0,0,0.7925271,0.54166718,0.69737621,0.65848048,0
"6246",239,182,0,0,0,0.7925271,0.54166718,0.69737621,0.65848048,0
"6247",240,182,0,0,0,0.7925271,0.54166718,0.69737621,0.65848048,0
"6248",241,182,0,0,0,0.7079709,0.48387569,0.62297183,0.58822596,0
"6249",242,182,0,0,0,0.37463071,0.25604823,0.3296525,0.31126633,0
"6250",243,182,0,0,0,0.03939151,0.02692285,0.03466216,0.0327289,0
"6251",233,183,0,0,0,0.7875848,0.53828928,0.69302728,0.6543741,0
"6252",234,183,0,0,0,0.7875848,0.53828928,0.69302728,0.6543741,0
"6253",235,183,0,0,0,0.7875848,0.53828928,0.69302728,0.6543741,0
"6254",236,183,0,0,0,0.7875848,0.53828928,0.69302728,0.6543741,0
"6255",237,183,0,0,0,0.7875848,0.53828928,0.69302728,0.6543741,0
"6256",238,183,0,0,0,0.7875848,0.53828928,0.69302728,0.6543741,0
"6257",239,183,0,0,0,0.7875848,0.53828928,0.69302728,0.6543741,0
"6258",240,183,0,0,0,0.7875848,0.53828928,0.69302728,0.6543741,0.00768415
"6259",241,183,0,0,0,0.70662473,0.48295563,0.62178729,0.58710748,0
"6260",242,183,0,0,0,0.31568546,0.21576102,0.27778423,0.26229098,0
"6261",243,183,0,0,0,0.065046,0.04445688,0.05723657,0.05404423,0
"6262",237,184,0,0,0,0.78263542,0.53490653,0.68867213,0.65026186,0
"6263",238,184,0,0,0,0.78263542,0.53490653,0.68867213,0.65026186,0
"6264",239,184,0,0,0,0.78263542,0.53490653,0.68867213,0.65026186,0
"6265",240,184,0,0,0,0.78263542,0.53490653,0.68867213,0.65026186,0
"6266",241,184,0,0,0,0.78263542,0.53490653,0.68867213,0.65026186,0
"6267",242,184,0,0,0,0.32732922,0.22371916,0.28803004,0.27196534,0
"6268",201,151,0,0.08550087,0.0276407,0.56189611,0.38343017,0.49339499,0.46587618,0.03676808
"6269",202,151,0,0.13008323,0.04184647,0.85085668,0.58061289,0.7471282,0.70545757,0.09553645
"6270",203,151,0,0.12472392,0.04196255,0.85312883,0.58216337,0.74912335,0.70734145,0.05917362
"6271",204,151,0,0.11262077,0,0.85482736,0.58332243,0.75061481,0.70874972,0.07919439
"6272",205,151,0.00667778,0.27165918,0.04757061,0.68830358,0.46968889,0.60439205,0.57068245,0.03924653
"6273",206,151,0.00494065,0.20063217,0.03501765,0.50841241,0.34693363,0.44643153,0.42153208,0.04180339
"6274",193,152,0,0.07380345,0.02755364,0.56019158,0.38226702,0.49189827,0.46446294,0.03179182
"6275",198,152,0,0.10229082,0.03819095,0.77641977,0.52981816,0.68176593,0.64374085,0.09202475
"6276",199,152,0,0.13558795,0.04434175,0.89147901,0.608333,0.78279823,0.73913813,0.06084956
"6277",200,152,0,0.15209598,0.04547394,0.91583201,0.62495116,0.80418234,0.75932956,0.0607808
"6278",201,152,0,0.13708947,0.04154984,0.83823523,0.57200019,0.73604544,0.69499295,0.06079681
"6279",202,152,0,0.15513021,0.04624324,0.9320299,0.63600438,0.81840554,0.77275946,0
"6280",203,152,0,0.14427249,0.04646203,0.93927768,0.64095016,0.82476973,0.7787687,0.03825996
"6281",204,152,0.00913316,0.370733,0.06461388,0.93927768,0.64095016,0.82476973,0.7787687,0.02136497
"6282",205,152,0.00893555,0.3643094,0.06405851,0.92291947,0.62978755,0.81040577,0.76520588,0.20491238
"6283",206,152,0.00909393,0.37080067,0.06519396,0.93927768,0.64095016,0.82476973,0.7787687,0.04012012
"6284",207,152,0.00909393,0.3708003,0.06519396,0.93927768,0.64095016,0.82476973,0.7787687,0.07388449
"6285",208,152,0.00876008,0.35693804,0.06271436,0.90439108,0.61714403,0.79413618,0.74984372,0.05697871
"6286",209,152,0.00769175,0.31333193,0.05503185,0.79393613,0.54177109,0.69714687,0.65826392,0.1039488
"6287",210,152,0.00889116,0.36075376,0.06281858,0.91399662,0.62369871,0.8025707,0.75780781,0.28215611
"6288",211,152,0.00724348,0.29386984,0.05118832,0.74467013,0.50815265,0.65388692,0.61741677,0.17707589
"6289",192,153,0,0.09339863,0.03486942,0.70892527,0.48376085,0.62249974,0.58778019,0
"6290",195,153,0,0.10140685,0.03785921,0.76971018,0.52523963,0.67587431,0.63817783,0.02797371
"6291",196,153,0,0.10719573,0.03219024,0.65445518,0.44659121,0.57467013,0.54261825,0.02746921
"6292",197,153,0,0.1483022,0.04414262,0.89745738,0.61241257,0.78804778,0.74409489,0.15067042
"6293",198,153,0,0.12336066,0.0395235,0.80083766,0.54648059,0.70320702,0.66398608,0.05607612
"6294",199,153,0,0.1398142,0.04529632,0.91088311,0.62157409,0.79983676,0.75522635,0
"6295",200,153,0,0.14337264,0.04571615,0.91729607,0.62595021,0.80546792,0.76054343,0.03785348
"6296",201,153,0,0.1330306,0.04580615,0.91910201,0.62718256,0.8070537,0.76204077,0.08633303
"6297",202,153,0,0.13913091,0.04657641,0.93455724,0.637729,0.82062477,0.77485492,0.07925598
"6298",203,153,0.00904823,0.36885532,0.06486632,0.93455724,0.637729,0.82062477,0.77485492,0.02324847
"6299",204,153,0.00904823,0.36900725,0.06486632,0.93455724,0.637729,0.82062477,0.77485492,0.05248033
"6300",205,153,0.00904823,0.36892907,0.06486632,0.93455724,0.637729,0.82062477,0.77485492,0.01167733
"6301",206,153,0,0.36898068,0,0.93455724,0.637729,0.82062477,0.77485492,0.09023335
"6302",207,153,0.00904823,0.36892165,0.06486632,0.93455724,0.637729,0.82062477,0.77485492,0.10333149
"6303",208,153,0.00904823,0.36874702,0.06486627,0.93455724,0.637729,0.82062477,0.77485492,0.2519143
"6304",209,153,0,0.36894121,0,0.93455724,0.637729,0.82062477,0.77485492,0.16872979
"6305",210,153,0,0.36891675,0,0.93455724,0.637729,0.82062477,0.77485492,0.30384826
"6306",211,153,0.00906451,0.36882668,0.06462496,0.93455724,0.637729,0.82062477,0.77485492,0.3386976
"6307",212,153,0.00904823,0.36882309,0.06486632,0.93455724,0.637729,0.82062477,0.77485492,0.57771209
"6308",213,153,0,0.36816069,0.05177401,0.93241323,0.63626595,0.81874213,0.77307729,0.61378893
"6309",214,153,0.00867795,0.35337934,0.06199867,0.89531228,0.61094878,0.78616418,0.74231635,0.52635556
"6310",215,153,0.0068431,0.27811556,0.0486015,0.70465251,0.48084517,0.61874787,0.58423758,0.19761015
"6311",216,153,0.00657116,0.26732927,0.04683563,0.67742919,0.46226835,0.59484336,0.56166633,0.16553714
"6312",217,153,0,0.24155151,0.03371152,0.6121545,0.41772581,0.53752636,0.50754615,0.07473034
"6313",218,153,0.00522067,0.21188176,0.03693422,0.53690622,0.36637742,0.47145164,0.44515671,0.0957939
"6314",219,153,0,0.27197694,0,0.68910949,0.47023883,0.60509971,0.57135064,0.10111803
"6315",194,154,0,0.09724341,0.03630483,0.73810831,0.50367495,0.64812505,0.61197627,0
"6316",195,154,0,0.14565486,0.04419662,0.89863245,0.61321441,0.78907959,0.74506915,0.12445226
"6317",196,154,0,0.29081142,0.04069294,0.73702976,0.50293896,0.64717799,0.61108203,0.35487202
"6318",197,154,0,0.36259052,0.0509651,0.91892262,0.62706015,0.80689617,0.76189203,0.51917543
"6319",198,154,0.0090077,0.36681484,0.06445994,0.92982809,0.63450189,0.81647215,0.77093391,0.38420332
"6320",199,154,0.00865429,0.3527011,0.06204224,0.89386948,0.60996423,0.78489728,0.74112011,0.05835579
"6321",200,154,0.00900244,0.36692536,0.06453808,0.92982809,0.63450189,0.81647215,0.77093391,0.15940893
"6322",201,154,0.00900244,0.36696002,0.06453808,0.92982809,0.63450189,0.81647215,0.77093391,0.06599798
"6323",202,154,0.00894965,0.36473527,0.06415961,0.92437535,0.63078102,0.81168416,0.76641297,0.24191696
"6324",203,154,0.00900244,0.36688751,0.06453803,0.92982809,0.63450189,0.81647215,0.77093391,0.15748837
"6325",204,154,0.00900244,0.36703861,0.06453808,0.92982809,0.63450189,0.81647215,0.77093391,0.0141736
"6326",205,154,0.00900244,0.36709538,0.06453808,0.92982809,0.63450189,0.81647215,0.77093391,0.05989678
"6327",206,154,0,0.36713996,0,0.92982809,0.63450189,0.81647215,0.77093391,0.06124214
"6328",207,154,0.00900244,0.36698294,0.06453808,0.92982809,0.63450189,0.81647215,0.77093391,0.10134537
"6329",208,154,0.00900244,0.36707445,0.06453808,0.92982809,0.63450189,0.81647215,0.77093391,0.05086754
"6330",209,154,0.00900244,0.36701615,0.06453808,0.92982809,0.63450189,0.81647215,0.77093391,0.11015042
"6331",210,154,0.00900244,0.36703964,0.06453808,0.92982809,0.63450189,0.81647215,0.77093391,0.13931047
"6332",211,154,0.00900244,0.36707967,0.06453808,0.92982809,0.63450189,0.81647215,0.77093391,0.15293672
"6333",212,154,0.00900244,0.36713996,0.06453808,0.92982809,0.63450189,0.81647215,0.77093391,0.32458227
"6334",213,154,0.00900244,0.36697838,0.06453808,0.92982809,0.63450189,0.81647215,0.77093391,0.31572912
"6335",214,154,0.00900244,0.36713996,0.06453808,0.92982809,0.63450189,0.81647215,0.77093391,0.49673584
"6336",215,154,0.00900244,0.36699396,0.06453808,0.92982809,0.63450189,0.81647215,0.77093391,0.18723554
"6337",216,154,0.00900244,0.36713996,0.06453808,0.92982809,0.63450189,0.81647215,0.77093391,0.1480315
"6338",217,154,0.00900456,0.36713996,0.06450651,0.92982809,0.63450189,0.81647215,0.77093391,0.23909389
"6339",218,154,0.00900244,0.36713996,0.06453803,0.92982809,0.63450189,0.81647215,0.77093391,0.11238962
"6340",219,154,0.00896613,0.3655222,0.06420388,0.9257309,0.63170603,0.81287445,0.76753687,0.06991043
"6341",220,154,0.00801759,0.32627587,0.0571475,0.82655493,0.56402971,0.72578909,0.68530864,0.08923856
"6342",221,154,0.00757915,0.30822675,0.05394165,0.78097498,0.53292658,0.68576582,0.64751765,0.16357031
"6343",222,154,0,0.27865503,0.03883632,0.70572888,0.48157967,0.61969302,0.58513002,0.02216432
"6344",223,154,0,0.26658335,0.03715577,0.67515594,0.46071712,0.59284725,0.55978155,0.09198876
"6345",224,154,0,0.19041489,0.02655286,0.48248902,0.32924387,0.42366848,0.40003863,0.11941403
"6346",191,155,0,0.10037209,0.03747306,0.76185606,0.51988009,0.6689777,0.63166587,0.03133749
"6347",192,155,0,0.14671501,0.04386938,0.89100789,0.60801152,0.78238455,0.73874752,0.02286318
"6348",193,155,0,0.14411731,0.04576985,0.92015385,0.62790032,0.8079773,0.76291286,0.08392484
"6349",194,155,0,0.10682092,0.04006593,0.81080471,0.55328197,0.71195899,0.67224991,0.01034966
"6350",195,155,0.00882564,0.3589995,0.06285056,0.90959353,0.62069411,0.7987044,0.75415715,0.13563558
"6351",196,155,0.0089786,0.36513351,0.06388313,0.92509075,0.6312692,0.81231234,0.76700612,0.17895301
"6352",197,155,0.00895657,0.36507727,0.06420926,0.92509075,0.6312692,0.81231234,0.76700612,0.17018087
"6353",198,155,0.00895657,0.36495173,0.06420922,0.92509075,0.6312692,0.81231234,0.76700612,0.16385801
"6354",199,155,0.00895657,0.36504915,0.06420926,0.92509075,0.6312692,0.81231234,0.76700612,0.07303761
"6355",200,155,0.00895657,0.36506343,0.06420926,0.92509075,0.6312692,0.81231234,0.76700612,0.05511704
"6356",201,155,0.00895657,0.36515166,0.06420926,0.92509075,0.6312692,0.81231234,0.76700612,0.05303375
"6357",202,155,0.00895657,0.36519588,0.06420926,0.92509075,0.6312692,0.81231234,0.76700612,0.03106795
"6358",203,155,0.00895657,0.36500409,0.06420922,0.92509075,0.6312692,0.81231234,0.76700612,0.04430388
"6359",204,155,0.00895657,0.36493304,0.06420926,0.92509075,0.6312692,0.81231234,0.76700612,0.04257358
"6360",205,155,0.00895657,0.36506581,0.06420926,0.92509075,0.6312692,0.81231234,0.76700612,0.06633919
"6361",206,155,0.00895657,0.36522286,0.06420926,0.92509075,0.6312692,0.81231234,0.76700612,0
"6362",207,155,0,0.36526938,0,0.92509075,0.6312692,0.81231234,0.76700612,0
"6363",208,155,0,0.36523051,0,0.92509075,0.6312692,0.81231234,0.76700612,0.0154937
"6364",209,155,0,0.36526943,0,0.92509075,0.6312692,0.81231234,0.76700612,0.10952258
"6365",210,155,0,0.36508721,0,0.92509075,0.6312692,0.81231234,0.76700612,0.09379253
"6366",211,155,0,0.36526938,0,0.92509075,0.6312692,0.81231234,0.76700612,0.01262569
"6367",212,155,0.00895657,0.36526943,0.06420922,0.92509075,0.6312692,0.81231234,0.76700612,0.20553878
"6368",213,155,0.00895657,0.36526943,0.06420926,0.92509075,0.6312692,0.81231234,0.76700612,0.26911124
"6369",214,155,0.00895657,0.36522176,0.06420926,0.92509075,0.6312692,0.81231234,0.76700612,0.17779802
"6370",215,155,0.00895657,0.36526943,0.06420926,0.92509075,0.6312692,0.81231234,0.76700612,0.14198828
"6371",216,155,0.00895657,0.36526943,0.06420922,0.92509075,0.6312692,0.81231234,0.76700612,0.04641085
"6372",217,155,0.00895657,0.3650482,0.06420926,0.92509075,0.6312692,0.81231234,0.76700612,0.08573205
"6373",218,155,0.00895657,0.36522862,0.06420926,0.92509075,0.6312692,0.81231234,0.76700612,0.01879109
"6374",219,155,0.00895657,0.36526943,0.06420926,0.92509075,0.6312692,0.81231234,0.76700612,0.02771659
"6375",220,155,0.00895657,0.36526943,0.06420926,0.92509075,0.6312692,0.81231234,0.76700612,0.05811075
"6376",221,155,0.00896124,0.36518764,0.06414009,0.92509075,0.6312692,0.81231234,0.76700612,0.04217007
"6377",222,155,0.00895657,0.36526943,0.06420926,0.92509075,0.6312692,0.81231234,0.76700612,0.05257235
"6378",223,155,0.00895657,0.36526943,0.06420926,0.92509075,0.6312692,0.81231234,0.76700612,0.03490763
"6379",224,155,0.00897406,0.36522663,0.06395015,0.92509075,0.6312692,0.81231234,0.76700612,0.03377005
"6380",225,155,0.00896849,0.36481455,0.06380963,0.92404165,0.6305533,0.81139114,0.76613629,0.27976472
"6381",226,155,0.00839418,0.34033657,0.05917957,0.8623047,0.58842486,0.75718058,0.71494929,0.23992618
"6382",227,155,0.00856779,0.34856386,0.06102827,0.88308452,0.60260472,0.77542712,0.73217814,0.12531942
"6383",228,155,0.00897716,0.36490192,0.06386386,0.92490045,0.63113934,0.81214524,0.76684833,0.03493107
"6384",229,155,0.00901464,0.36517244,0.0633524,0.92509075,0.6312692,0.81231234,0.76700612,0.03960206
"6385",230,155,0.00772092,0.31347275,0.05463334,0.79408881,0.54187527,0.69728093,0.65839051,0.0853811
"6386",231,155,0.00518264,0.05525401,0.01026114,0.23307659,0.15904826,0.20466207,0.19324717,0.0278105
"6387",192,156,0,0.15309345,0.04464717,0.90135991,0.61507559,0.79147454,0.74733053,0.16745388
"6388",193,156,0,0.12978834,0.04586811,0.92034524,0.62803092,0.80814536,0.76307154,0.05486645
"6389",194,156,0,0.12958979,0,0.92034524,0.62803092,0.80814536,0.76307154,0.06337637
"6390",195,156,0.00892019,0.36330643,0.06373806,0.92034524,0.62803092,0.80814536,0.76307154,0.08134656
"6391",196,156,0.00891063,0.36332845,0.06387989,0.92034524,0.62803092,0.80814536,0.76307154,0.02789455
"6392",197,156,0.00891063,0.36333685,0.06387984,0.92034524,0.62803092,0.80814536,0.76307154,0.00376948
"6393",198,156,0.00891063,0.36303869,0.06387984,0.92034524,0.62803092,0.80814536,0.76307154,0.02256585
"6394",199,156,0.00891063,0.36276856,0.06387989,0.92034524,0.62803092,0.80814536,0.76307154,0.06296741
"6395",200,156,0.00891063,0.36334464,0.06387989,0.92034524,0.62803092,0.80814536,0.76307154,0.04805139
"6396",201,156,0.00891063,0.36329341,0.06387989,0.92034524,0.62803092,0.80814536,0.76307154,0.06534013
"6397",202,156,0.00891063,0.36325934,0.06387989,0.92034524,0.62803092,0.80814536,0.76307154,0.00520397
"6398",203,156,0.00891063,0.36313963,0.06387989,0.92034524,0.62803092,0.80814536,0.76307154,0.05435273
"6399",204,156,0.00891063,0.36313147,0.06387989,0.92034524,0.62803092,0.80814536,0.76307154,0.05976619
"6400",205,156,0.00891063,0.36329319,0.06387989,0.92034524,0.62803092,0.80814536,0.76307154,0.13799866
"6401",206,156,0.00891063,0.36335481,0.06387989,0.92034524,0.62803092,0.80814536,0.76307154,0.10337458
"6402",207,156,0,0.25993702,0.0477933,0.92034524,0.62803092,0.80814536,0.76307154,0.06555877
"6403",208,156,0,0.26099662,0,0.92034524,0.62803092,0.80814536,0.76307154,0.01504602
"6404",209,156,0,0.26379741,0.0477933,0.92034524,0.62803092,0.80814536,0.76307154,0.02256585
"6405",210,156,0,0.26086439,0.0477933,0.92034524,0.62803092,0.80814536,0.76307154,0.04849984
"6406",211,156,0,0.26498334,0.0477933,0.92034524,0.62803092,0.80814536,0.76307154,0.07929198
"6407",212,156,0.00891063,0.36339568,0.06387989,0.92034524,0.62803092,0.80814536,0.76307154,0.20699866
"6408",213,156,0.00891063,0.36339568,0.06387984,0.92034524,0.62803092,0.80814536,0.76307154,0.10689879
"6409",214,156,0.00891063,0.36339568,0.06387989,0.92034524,0.62803092,0.80814536,0.76307154,0.03868111
"6410",215,156,0.00891063,0.36339568,0.06387984,0.92034524,0.62803092,0.80814536,0.76307154,0.03016832
"6411",216,156,0.00891063,0.36339568,0.06387989,0.92034524,0.62803092,0.80814536,0.76307154,0.02159965
"6412",217,156,0.00891063,0.36339568,0.06387984,0.92034524,0.62803092,0.80814536,0.76307154,0.01880229
"6413",218,156,0.00891063,0.36339568,0.06387989,0.92034524,0.62803092,0.80814536,0.76307154,0.10194575
"6414",219,156,0.00891063,0.36339568,0.06387989,0.92034524,0.62803092,0.80814536,0.76307154,0.0292808
"6415",220,156,0.00891063,0.36339563,0.06387989,0.92034524,0.62803092,0.80814536,0.76307154,0.03053392
"6416",221,156,0.00891063,0.36325712,0.06387989,0.92034524,0.62803092,0.80814536,0.76307154,0.01125399
"6417",222,156,0.00891063,0.3633228,0.06387989,0.92034524,0.62803092,0.80814536,0.76307154,0.01903242
"6418",223,156,0.00891063,0.36325025,0.06387989,0.92034524,0.62803092,0.80814536,0.76307154,0.00749249
"6419",224,156,0.00891063,0.36323998,0.06387984,0.92034524,0.62803092,0.80814536,0.76307154,0.18441469
"6420",225,156,0.00891063,0.36339568,0.06387989,0.92034524,0.62803092,0.80814536,0.76307154,0.05224147
"6421",226,156,0.00891063,0.36309792,0.06387989,0.92034524,0.62803092,0.80814536,0.76307154,0.01589674
"6422",227,156,0.00891063,0.36331205,0.06387989,0.92034524,0.62803092,0.80814536,0.76307154,0.01728405
"6423",228,156,0,0.36339568,0,0.92034524,0.62803092,0.80814536,0.76307154,0.01506541
"6424",229,156,0,0.36333307,0,0.92034524,0.62803092,0.80814536,0.76307154,0.00885701
"6425",230,156,0.00891063,0.36313507,0.06387989,0.92034524,0.62803092,0.80814536,0.76307154,0.01134491
"6426",231,156,0,0.36226983,0,0.917494,0.62608528,0.80564172,0.76070754,0.03800246
"6427",232,156,0.01413902,0.25107084,0,0.63586845,0.43390788,0.55834932,0.52720772,0.00956378
"6428",233,156,0.00355471,0.04605043,0,0.15986436,0.10908924,0.14037519,0.13254585,0
"6429",191,157,0,0.08767365,0.0327322,0.6654708,0.45410811,0.58434283,0.55175146,0.03065689
"6430",192,157,0,0.14107393,0.04372746,0.88705302,0.60531277,0.77891182,0.73546848,0.08643645
"6431",193,157,0,0.12062626,0,0.91559154,0.62478707,0.80397119,0.75913018,0.1055284
"6432",194,157,0,0.13139421,0,0.91559154,0.62478707,0.80397119,0.75913018,0.14773785
"6433",195,157,0,0.25969178,0,0.91559154,0.62478707,0.80397119,0.75913018,0.0375896
"6434",198,157,0.0088646,0.3614785,0.06354989,0.91559154,0.62478707,0.80397119,0.75913018,0.04144835
"6435",199,157,0,0.25651408,0.04754644,0.91559154,0.62478707,0.80397119,0.75913018,0.03916251
"6436",200,157,0,0.25500368,0.04754644,0.91559154,0.62478707,0.80397119,0.75913018,0.10176931
"6437",201,157,0,0.24832237,0.04754644,0.91559154,0.62478707,0.80397119,0.75913018,0.05895214
"6438",202,157,0,0.25598614,0.04754644,0.91559154,0.62478707,0.80397119,0.75913018,0.07843711
"6439",203,157,0.0088646,0.36142028,0.06354994,0.91559154,0.62478707,0.80397119,0.75913018,0.0350851
"6440",204,157,0,0.25472036,0.04754644,0.91559154,0.62478707,0.80397119,0.75913018,0.04529069
"6441",205,157,0,0.25509173,0.04754644,0.91559154,0.62478707,0.80397119,0.75913018,0.04442435
"6442",206,157,0,0.25828872,0.04754644,0.91559154,0.62478707,0.80397119,0.75913018,0
"6443",207,157,0,0.25682547,0.04754644,0.91559154,0.62478707,0.80397119,0.75913018,0.00891612
"6444",208,157,0,0.25903055,0,0.91559154,0.62478707,0.80397119,0.75913018,0.01545289
"6445",209,157,0,0.26274996,0.04754644,0.91559154,0.62478707,0.80397119,0.75913018,0.06278753
"6446",210,157,0,0.26711389,0.04754644,0.91559154,0.62478707,0.80397119,0.75913018,0.12358466
"6447",211,157,0,0.26993438,0.04754644,0.91559154,0.62478707,0.80397119,0.75913018,0.14018949
"6448",212,157,0,0.26747041,0.04754644,0.91559154,0.62478707,0.80397119,0.75913018,0.0274547
"6449",213,157,0,0.26315542,0.04754644,0.91559154,0.62478707,0.80397119,0.75913018,0.01505684
"6450",214,157,0,0.26389552,0.04754644,0.91559154,0.62478707,0.80397119,0.75913018,0.01507094
"6451",215,157,0.0088646,0.3615187,0.06354994,0.91559154,0.62478707,0.80397119,0.75913018,0.07100271
"6452",216,157,0.0088646,0.3615187,0.06354994,0.91559154,0.62478707,0.80397119,0.75913018,0.07203884
"6453",217,157,0.0088646,0.3615187,0.06354994,0.91559154,0.62478707,0.80397119,0.75913018,0.21392774
"6454",218,157,0.0088646,0.3615187,0.06354989,0.91559154,0.62478707,0.80397119,0.75913018,0.18783844
"6455",219,157,0.0088646,0.3615187,0.06354994,0.91559154,0.62478707,0.80397119,0.75913018,0.12545594
"6456",220,157,0.0088646,0.3615187,0.06354994,0.91559154,0.62478707,0.80397119,0.75913018,0.04048092
"6457",221,157,0.0088646,0.36151865,0.06354994,0.91559154,0.62478707,0.80397119,0.75913018,0.04589963
"6458",222,157,0,0.36148672,0.05083995,0.91559154,0.62478707,0.80397119,0.75913018,0.06037121
"6459",223,157,0,0.3614229,0.05083995,0.91559154,0.62478707,0.80397119,0.75913018,0.27470678
"6460",224,157,0.0088646,0.3615187,0.06354994,0.91559154,0.62478707,0.80397119,0.75913018,0.21615673
"6461",225,157,0,0.3615187,0.05083995,0.91559154,0.62478707,0.80397119,0.75913018,0.04520665
"6462",226,157,0.0088646,0.36126067,0.06354994,0.91559154,0.62478707,0.80397119,0.75913018,0.04189828
"6463",227,157,0.0088646,0.36122914,0.06354994,0.91559154,0.62478707,0.80397119,0.75913018,0
"6464",228,157,0,0.36133018,0,0.91559154,0.62478707,0.80397119,0.75913018,0
"6465",229,157,0,0.36130279,0,0.91559154,0.62478707,0.80397119,0.75913018,0.0572385
"6466",230,157,0,0.36143364,0,0.91559154,0.62478707,0.80397119,0.75913018,0.03062253
"6467",231,157,0.0088646,0.36118118,0.06354994,0.91559154,0.62478707,0.80397119,0.75913018,0
"6468",232,157,0.0088646,0.36142461,0.06354994,0.91559154,0.62478707,0.80397119,0.75913018,0.05219208
"6469",233,157,0,0.3549695,0,0.89900487,0.61346855,0.78940661,0.74537793,0.03275835
"6470",234,157,0.01268996,0.22533951,0,0.57070064,0.38943826,0.50112616,0.47317615,0
"6471",235,157,0.00573597,0.10185525,0,0.25796123,0.17602919,0.22651301,0.21387939,0.00775109
"6472",236,157,0.00054893,0.00974748,0,0.02468671,0.01684587,0.02167714,0.02046811,0
"6473",207,158,0,0.25599944,0.04729915,0.91082967,0.62153763,0.79978984,0.75518205,0.03278483
"6474",208,158,0,0.25758937,0.04729915,0.91082967,0.62153763,0.79978984,0.75518205,0.0563819
"6475",209,158,0,0.25811244,0,0.91082967,0.62153763,0.79978984,0.75518205,0.0616769
"6476",210,158,0,0.25868835,0,0.91082967,0.62153763,0.79978984,0.75518205,0.20924684
"6477",211,158,0,0.25816529,0,0.91082967,0.62153763,0.79978984,0.75518205,0.02375079
"6478",212,158,0,0.25659727,0.04729915,0.91082967,0.62153763,0.79978984,0.75518205,0.05892205
"6479",213,158,0,0.25775515,0,0.91082967,0.62153763,0.79978984,0.75518205,0.0807115
"6480",214,158,0,0.25765422,0,0.91082967,0.62153763,0.79978984,0.75518205,0.03288017
"6481",215,158,0,0.25764836,0,0.91082967,0.62153763,0.79978984,0.75518205,0.00084066
"6482",216,158,0,0.2580543,0,0.91082967,0.62153763,0.79978984,0.75518205,0.05263402
"6483",217,158,0,0.26153417,0.04729428,0.91073588,0.62147363,0.79970749,0.75510429,0.1259788
"6484",218,158,0.0088185,0.35963849,0.06321942,0.91082967,0.62153763,0.79978984,0.75518205,0.14879117
"6485",219,158,0,0.35963849,0,0.91082967,0.62153763,0.79978984,0.75518205,0.06265609
"6486",220,158,0,0.35963849,0,0.91082967,0.62153763,0.79978984,0.75518205,0.02274833
"6487",221,158,0,0.35963849,0,0.91082967,0.62153763,0.79978984,0.75518205,0
"6488",222,158,0,0.35963849,0,0.91082967,0.62153763,0.79978984,0.75518205,0.0141946
"6489",223,158,0,0.35963849,0.05057554,0.91082967,0.62153763,0.79978984,0.75518205,0.02686783
"6490",224,158,0,0.35956483,0,0.91082967,0.62153763,0.79978984,0.75518205,0.05013119
"6491",225,158,0,0.35957244,0,0.91082967,0.62153763,0.79978984,0.75518205,0.00380321
"6492",226,158,0,0.35963849,0,0.91082967,0.62153763,0.79978984,0.75518205,0.01499677
"6493",227,158,0.0088185,0.35935782,0.06321942,0.91082967,0.62153763,0.79978984,0.75518205,0
"6494",228,158,0,0.35945652,0,0.91082967,0.62153763,0.79978984,0.75518205,0
"6495",229,158,0,0.359587,0,0.91082967,0.62153763,0.79978984,0.75518205,0
"6496",230,158,0,0.35960224,0,0.91082967,0.62153763,0.79978984,0.75518205,0.0150666
"6497",231,158,0,0.29365631,0,0.74403979,0.50772251,0.65333342,0.61689415,0.01536971
"6498",232,158,0.0053522,0.21822316,0.03836965,0.55280858,0.37722897,0.48541533,0.45834158,0.09831809
"6499",233,158,0,0.25705068,0,0.6512457,0.4444011,0.57185192,0.53995723,0.13197016
"6500",234,158,0,0.26955612,0,0.68301061,0.46607704,0.59974435,0.56629397,0.07854325
"6501",235,158,0.00827273,0.33738059,0.05930675,0.85445876,0.58307089,0.75029114,0.70844411,0.0226997
"6502",236,158,0.01885911,0.2333028,0.04101137,0.59086867,0.40320064,0.51883549,0.48989775,0.07601425
"6503",237,158,0.00255106,0.04529991,0,0.11472771,0.07828861,0.10074118,0.09512241,0
"6504",210,159,0,0.25620282,0,0.90605962,0.61828261,0.79560131,0.75122713,0.01940277
"6505",211,159,0,0.25601215,0,0.90605962,0.61828261,0.79560131,0.75122713,0.02807241
"6506",212,159,0,0.25964452,0,0.90605962,0.61828261,0.79560131,0.75122713,0.01267512
"6507",213,159,0,0.25918085,0,0.90605962,0.61828261,0.79560131,0.75122713,0
"6508",214,159,0,0.25536688,0,0.90605962,0.61828261,0.79560131,0.75122713,0.02656852
"6509",215,159,0,0.25472324,0.04704414,0.90591894,0.61818661,0.79547778,0.75111049,0.02772853
"6510",216,159,0,0.19237098,0,0.6799598,0.46399521,0.59706547,0.5637645,0.03101869
"6511",217,159,0,0.13678832,0,0.48329603,0.32979456,0.4243771,0.40070772,0.02056279
"6512",218,159,0,0.24028786,0,0.84864832,0.57910593,0.74518906,0.70362659,0.00352855
"6513",219,159,0,0.26140617,0,0.90605962,0.61828261,0.79560131,0.75122713,0.02858047
"6514",220,159,0,0.25857329,0,0.90605962,0.61828261,0.79560131,0.75122713,0.12465088
"6515",221,159,0,0.25778697,0,0.90605962,0.61828261,0.79560131,0.75122713,0
"6516",222,159,0,0.25648112,0,0.90605962,0.61828261,0.79560131,0.75122713,0
"6517",223,159,0,0.35775499,0,0.90605962,0.61828261,0.79560131,0.75122713,0
"6518",228,159,0,0.35775505,0.05031067,0.90605962,0.61828261,0.79560131,0.75122713,0.01041233
"6519",229,159,0,0.35492192,0.04991225,0.89888436,0.61338632,0.7893008,0.74527802,0.01051051
"6520",230,159,0,0.27454013,0.03863715,0.69582781,0.47482332,0.61099899,0.57692089,0.0170218
"6521",231,159,0,0.20049734,0,0.50820412,0.3467915,0.44624863,0.42135938,0
"6522",232,159,0,0.14439869,0,0.36605079,0.24978802,0.3214253,0.303498,0.00858971
"6523",233,159,0,0.09233654,0,0.23401555,0.15968899,0.20548656,0.19402568,0
"6524",234,159,0,0.02714727,0,0.06877425,0.0469306,0.06038994,0.05702172,0
"6525",235,159,0,0.18430404,0,0.46677315,0.31851958,0.40986854,0.38700837,0.0163753
"6526",236,159,0,0.2296117,0,0.5815205,0.39682158,0.51062696,0.48214705,0.15109375
"6527",237,159,0,0.34589656,0,0.8760265,0.59778843,0.76922955,0.72632624,0.10750426
"6528",238,159,0.01493616,0.26522593,0.02957222,0.67171799,0.45837111,0.58982842,0.5569311,0.01826757
"6529",239,159,0.00577897,0.10261892,0,0.25989532,0.17734899,0.22821131,0.21548297,0
"6530",214,160,0,0.25470564,0,0.90128139,0.61502201,0.79140559,0.74726543,0
"6531",215,160,0,0.18685984,0,0.66170623,0.45153922,0.5810372,0.5486302,0.06088017
"6532",216,160,0,0.04867598,0,0.16829483,0.11484208,0.1477779,0.13953568,0
"6533",217,160,0,0.15147785,0.02769797,0.53337394,0.36396704,0.46834998,0.44222805,0.00449432
"6534",218,160,0,0.24560981,0.04503442,0.86721815,0.59177773,0.76149503,0.71902311,0.00740923
"6535",219,160,0,0.25471053,0.04680331,0.90128139,0.61502201,0.79140559,0.74726543,0
"6536",220,160,0,0.25460946,0,0.90128139,0.61502201,0.79140559,0.74726543,0
"6537",221,160,0,0.25512953,0,0.90128139,0.61502201,0.79140559,0.74726543,0
"6538",234,160,0,0.20397331,0,0.72153418,0.49236499,0.63357148,0.59823442,0
"6539",235,160,0,0.2171252,0,0.76725535,0.52356449,0.67371876,0.63614251,0
"6540",236,160,0,0.24558288,0,0.86553435,0.59062873,0.7600165,0.71762704,0.01435776
"6541",237,160,0,0.25621694,0,0.90128139,0.61502201,0.79140559,0.74726543,0
"6542",238,160,0,0.25597318,0,0.90128139,0.61502201,0.79140559,0.74726543,0.00649875
"6543",239,160,0,0.25197153,0,0.88935953,0.6068867,0.78093714,0.73738084,0.01229709
"6544",240,160,0,0.15016042,0,0.49965205,0.34095568,0.43873915,0.41426874,0.04211392
"6545",241,160,0,0.00791345,0,0.02447842,0.01670373,0.02149424,0.02029541,0
"6546",217,161,0,0.09617588,0.0170861,0.32902345,0.22452107,0.28891199,0.2727981,0.01538467
"6547",218,161,0,0.23887161,0.04336494,0.83506938,0.56983985,0.73326553,0.69236809,0.01654333
"6548",219,161,0,0.26214793,0.04655479,0.89649552,0.6117562,0.78720318,0.7432974,0.02352904
"6549",220,161,0,0.26342746,0,0.89649552,0.6117562,0.78720318,0.7432974,0.05604172
"6550",221,161,0,0.24834899,0.04655479,0.89649552,0.6117562,0.78720318,0.7432974,0
"6551",239,161,0,0.20966004,0,0.73774279,0.50422384,0.64916931,0.61296229,0
"6552",240,161,0,0.25346244,0,0.89649552,0.6117562,0.78720318,0.7432974,0.0519276
"6553",241,161,0,0.24553482,0,0.8574643,0.58512184,0.75293028,0.71093605,0.02418203
"6554",242,161,0,0.11972529,0,0.38389323,0.26196345,0.33709256,0.31829142,0
"6555",219,162,0,0.25302493,0,0.89170093,0.60848444,0.7829931,0.73932213,0
"6556",242,162,0,0.25278683,0,0.89150736,0.60835235,0.78282313,0.73916164,0.01413042
"6557",243,162,0,0.2007445,0,0.67310135,0.4593151,0.59104314,0.55807806,0.00560606
"6558",244,162,0,0.04029141,0,0.13616896,0.09291982,0.11956851,0.11289965,0.00726565
"6559",196,157,0,0.25958784,0,0.91418831,0.62462861,0.80397119,0.75913018,0.05042185
"6560",197,157,0,0.3615187,0,0.91559154,0.62478707,0.80397119,0.75913018,0
"6561",192,158,0,0.10810857,0.03227399,0.65518511,0.447662,0.57619415,0.54405727,0.18239625
"6562",193,158,0,0.2563117,0.04714136,0.90943374,0.62138,0.79978984,0.75518205,0.20449049
"6563",194,158,0,0.25805382,0,0.90943374,0.62138,0.79978984,0.75518205,0.05920834
"6564",195,158,0,0.25745822,0,0.90943374,0.62138,0.79978984,0.75518205,0.07430465
"6565",196,158,0,0.25904576,0.04729915,0.90943374,0.62138,0.79978984,0.75518205,0.08302906
"6566",197,158,0,0.27238918,0.04729915,0.90943374,0.62138,0.79978984,0.75518205,0.10552161
"6567",198,158,0,0.25784205,0,0.90943374,0.62138,0.79978984,0.75518205,0.10792531
"6568",199,158,0,0.25525683,0.04729915,0.90943374,0.62138,0.79978984,0.75518205,0.01773192
"6569",200,158,0,0.25390402,0.04729915,0.90943374,0.62138,0.79978984,0.75518205,0.04130354
"6570",201,158,0,0.25508948,0.04729915,0.90943374,0.62138,0.79978984,0.75518205,0.00490375
"6571",202,158,0,0.25687596,0.04729915,0.90943374,0.62138,0.79978984,0.75518205,0.03896556
"6572",203,158,0,0.25456681,0.04729915,0.90943374,0.62138,0.79978984,0.75518205,0.02143819
"6573",204,158,0,0.25809599,0,0.90943374,0.62138,0.79978984,0.75518205,0.03312297
"6574",205,158,0,0.25443134,0.04729915,0.90943374,0.62138,0.79978984,0.75518205,0.06826921
"6575",206,158,0,0.25431785,0.04729915,0.90943374,0.62138,0.79978984,0.75518205,0.0560146
"6576",193,159,0,0.24754784,0.04605055,0.88763064,0.6064828,0.78061538,0.73707703,0.10588027
"6577",194,159,0,0.25600443,0.04691989,0.904671,0.6181258,0.79560131,0.75122713,0.09119174
"6578",195,159,0,0.25666575,0,0.904671,0.6181258,0.79560131,0.75122713,0.07633681
"6579",196,159,0,0.25721797,0.04705145,0.904671,0.6181258,0.79560131,0.75122713,0.12318699
"6580",197,159,0,0.2555158,0.04705145,0.904671,0.6181258,0.79560131,0.75122713,0.09160729
"6581",198,159,0,0.25322245,0.04705145,0.904671,0.6181258,0.79560131,0.75122713,0.08615931
"6582",199,159,0,0.25488354,0.04705145,0.904671,0.6181258,0.79560131,0.75122713,0.03768131
"6583",200,159,0,0.25275,0.04705145,0.904671,0.6181258,0.79560131,0.75122713,0.12909381
"6584",201,159,0,0.25472996,0.04705145,0.904671,0.6181258,0.79560131,0.75122713,0.05578862
"6585",202,159,0,0.25548857,0.04705145,0.904671,0.6181258,0.79560131,0.75122713,0.02837003
"6586",203,159,0,0.25537266,0.04705145,0.904671,0.6181258,0.79560131,0.75122713,0
"6587",204,159,0,0.25864762,0.04705145,0.904671,0.6181258,0.79560131,0.75122713,0.0037832
"6588",205,159,0,0.26264455,0.04705145,0.904671,0.6181258,0.79560131,0.75122713,0.03529345
"6589",206,159,0,0.26395805,0.04705145,0.904671,0.6181258,0.79560131,0.75122713,0.14029515
"6590",207,159,0,0.25671421,0.04705145,0.904671,0.6181258,0.79560131,0.75122713,0.0800958
"6591",208,159,0,0.26041061,0.04705145,0.904671,0.6181258,0.79560131,0.75122713,0.12041638
"6592",209,159,0,0.25840717,0.04705145,0.904671,0.6181258,0.79560131,0.75122713,0.02804461
"6593",193,160,0,0.23030275,0.04224211,0.81392084,0.55611982,0.71579225,0.67586937,0.11374555
"6594",194,160,0,0.25848843,0.04671111,0.89990009,0.61486603,0.79140559,0.74726543,0.21365638
"6595",195,160,0,0.26083982,0.04670915,0.89990009,0.61486603,0.79140559,0.74726543,0.23088352
"6596",196,160,0,0.26036244,0.04680331,0.89990009,0.61486603,0.79140559,0.74726543,0.07225233
"6597",197,160,0,0.25536329,0.04680331,0.89990009,0.61486603,0.79140559,0.74726543,0.0217778
"6598",198,160,0,0.25721009,0.04680331,0.89990009,0.61486603,0.79140559,0.74726543,0.00647156
"6599",199,160,0,0.25486784,0.04680331,0.89990009,0.61486603,0.79140559,0.74726543,0.02571865
"6600",200,160,0,0.2550275,0.04680331,0.89990009,0.61486603,0.79140559,0.74726543,0
"6601",201,160,0,0.25420974,0.04680331,0.89990009,0.61486603,0.79140559,0.74726543,0.05091485
"6602",202,160,0,0.25267051,0.04680331,0.89990009,0.61486603,0.79140559,0.74726543,0.06879391
"6603",203,160,0,0.25936886,0.04680331,0.89990009,0.61486603,0.79140559,0.74726543,0.03492313
"6604",204,160,0,0.26030737,0.04680331,0.89990009,0.61486603,0.79140559,0.74726543,0.14204302
"6605",205,160,0,0.25770633,0.04680331,0.89990009,0.61486603,0.79140559,0.74726543,0.15444864
"6606",206,160,0,0.25835403,0.04680331,0.89990009,0.61486603,0.79140559,0.74726543,0.31563997
"6607",207,160,0,0.25844051,0.04680331,0.89990009,0.61486603,0.79140559,0.74726543,0.17973324
"6608",208,160,0,0.25942134,0.04680331,0.89990009,0.61486603,0.79140559,0.74726543,0.08306781
"6609",209,160,0,0.25462322,0,0.89990009,0.61486603,0.79140559,0.74726543,0.05092687
"6610",210,160,0,0.25480737,0,0.89990009,0.61486603,0.79140559,0.74726543,0.05626559
"6611",211,160,0,0.25671412,0,0.89990009,0.61486603,0.79140559,0.74726543,0.04045278
"6612",212,160,0,0.25689269,0,0.89990009,0.61486603,0.79140559,0.74726543,0.02755449
"6613",213,160,0,0.25488563,0,0.90128139,0.61502201,0.79140559,0.74726543,0.01272413
"6614",193,161,0,0.19823625,0.03703611,0.71369149,0.48763708,0.62764683,0.5926402,0.17494495
"6615",194,161,0,0.25316587,0.04646948,0.89512156,0.61160105,0.78720318,0.7432974,0.15690107
"6616",195,161,0,0.25417147,0,0.89512156,0.61160105,0.78720318,0.7432974,0.10506962
"6617",196,161,0,0.25428448,0,0.89512156,0.61160105,0.78720318,0.7432974,0.01806667
"6618",197,161,0,0.25387526,0,0.89512156,0.61160105,0.78720318,0.7432974,0.01420243
"6619",198,161,0,0.25359635,0,0.89512156,0.61160105,0.78720318,0.7432974,0
"6620",199,161,0,0.25372677,0,0.89512156,0.61160105,0.78720318,0.7432974,0.02535956
"6621",200,161,0,0.25399146,0,0.89512156,0.61160105,0.78720318,0.7432974,0.02123806
"6622",201,161,0,0.25728242,0.04655479,0.89512156,0.61160105,0.78720318,0.7432974,0.00745638
"6623",202,161,0,0.25522702,0.04655479,0.89512156,0.61160105,0.78720318,0.7432974,0.03307403
"6624",203,161,0,0.25942268,0.04655479,0.89512156,0.61160105,0.78720318,0.7432974,0.05636209
"6625",204,161,0,0.25612837,0.04655479,0.89512156,0.61160105,0.78720318,0.7432974,0.05434037
"6626",205,161,0,0.25565161,0,0.89512156,0.61160105,0.78720318,0.7432974,0.30612531
"6627",206,161,0,0.28153697,0,0.89512156,0.61160105,0.78720318,0.7432974,0.10535914
"6628",207,161,0,0.25531869,0,0.89512156,0.61160105,0.78720318,0.7432974,0.14265075
"6629",208,161,0,0.25634189,0.04655479,0.89512156,0.61160105,0.78720318,0.7432974,0.04108897
"6630",209,161,0,0.26045701,0.04655479,0.89512156,0.61160105,0.78720318,0.7432974,0.03889147
"6631",210,161,0,0.25915791,0.04655479,0.89512156,0.61160105,0.78720318,0.7432974,0.03144254
"6632",211,161,0,0.25964881,0.04655479,0.89512156,0.61160105,0.78720318,0.7432974,0.02655252
"6633",212,161,0,0.25456398,0,0.89512156,0.61160105,0.78720318,0.7432974,0.00375226
"6634",213,161,0,0.25433641,0,0.89512156,0.61160105,0.78720318,0.7432974,0.00375226
"6635",214,161,0,0.25434449,0,0.89512156,0.61160105,0.78720318,0.7432974,0.0139185
"6636",215,161,0,0.19429991,0,0.68339352,0.46693568,0.60100167,0.56748117,0.01362031
"6637",216,161,0,0.1041265,0,0.36592315,0.25002077,0.32180643,0.30385787,0
"6638",193,162,0,0.23705286,0.04445258,0.85661565,0.58529149,0.75333965,0.71132259,0.02905852
"6639",194,162,0,0.25165991,0,0.89033432,0.60833012,0.7829931,0.73932213,0.01676319
"6640",195,162,0,0.25248587,0,0.89033432,0.60833012,0.7829931,0.73932213,0.02049587
"6641",196,162,0,0.25263136,0,0.89033432,0.60833012,0.7829931,0.73932213,0.04074567
"6642",197,162,0,0.25153036,0,0.89033432,0.60833012,0.7829931,0.73932213,0.04305223
"6643",198,162,0,0.25250529,0.0463058,0.89033432,0.60833012,0.7829931,0.73932213,0.07555674
"6644",199,162,0,0.2526328,0,0.89033432,0.60833012,0.7829931,0.73932213,0.01280418
"6645",200,162,0,0.25274531,0,0.89033432,0.60833012,0.7829931,0.73932213,0.02773991
"6646",201,162,0,0.25355419,0,0.89033432,0.60833012,0.7829931,0.73932213,0.03018861
"6647",202,162,0,0.25719571,0.0463058,0.89033432,0.60833012,0.7829931,0.73932213,0.08629551
"6648",203,162,0,0.25490552,0.0463058,0.89033432,0.60833012,0.7829931,0.73932213,0.03462088
"6649",204,162,0,0.25311618,0,0.89033432,0.60833012,0.7829931,0.73932213,0.01262584
"6650",205,162,0,0.25211772,0,0.89033432,0.60833012,0.7829931,0.73932213,0
"6651",206,162,0,0.26226985,0,0.89033432,0.60833012,0.7829931,0.73932213,0.00374391
"6652",207,162,0,0.25288773,0,0.89033432,0.60833012,0.7829931,0.73932213,0.0156937
"6653",208,162,0,0.25308694,0,0.89033432,0.60833012,0.7829931,0.73932213,0.00373598
"6654",209,162,0,0.25436745,0.0463058,0.89033432,0.60833012,0.7829931,0.73932213,0.04711326
"6655",210,162,0,0.25640062,0.0463058,0.89033432,0.60833012,0.7829931,0.73932213,0.07134779
"6656",211,162,0,0.25351265,0,0.89033432,0.60833012,0.7829931,0.73932213,0
"6657",212,162,0,0.25551433,0.0463058,0.89033432,0.60833012,0.7829931,0.73932213,0.01497887
"6658",213,162,0,0.25375682,0,0.89033432,0.60833012,0.7829931,0.73932213,0
"6659",214,162,0,0.25339959,0,0.89033432,0.60833012,0.7829931,0.73932213,0.0079497
"6660",215,162,0,0.22127142,0.04000987,0.76928076,0.52561902,0.6765341,0.63880082,0.02643796
"6661",216,162,0,0.14582977,0,0.51200724,0.34983423,0.4502782,0.42516421,0
"6662",217,162,0,0.11649177,0,0.40792816,0.27872113,0.35874719,0.33873828,0
"6663",218,162,0,0.20636793,0,0.72349191,0.49433332,0.63626568,0.60077835,0.00400924
"6664",220,162,0,0.25268908,0,0.89033432,0.60833012,0.7829931,0.73932213,0.03820596
"6665",221,162,0,0.24952217,0,0.89033432,0.60833012,0.7829931,0.73932213,0
"6666",222,162,0,0.24628745,0,0.89033432,0.60833012,0.7829931,0.73932213,0
"6667",192,163,0,0.16407561,0.03147478,0.60651837,0.41440994,0.5333948,0.50364503,0.03023359
"6668",193,163,0,0.24702465,0.04599117,0.88553945,0.60505398,0.77877632,0.73534054,0.03744684
"6669",194,163,0,0.25125455,0.04605643,0.88553945,0.60505398,0.77877632,0.73534054,0.01993963
"6670",195,163,0,0.25111914,0.04605643,0.88553945,0.60505398,0.77877632,0.73534054,0
"6671",196,163,0,0.25074584,0.04605643,0.88553945,0.60505398,0.77877632,0.73534054,0
"6672",197,163,0,0.25524544,0.04605643,0.88553945,0.60505398,0.77877632,0.73534054,0.02798855
"6673",198,163,0,0.25514451,0.04605643,0.88553945,0.60505398,0.77877632,0.73534054,0.01887183
"6674",199,163,0,0.25143145,0.04605643,0.88553945,0.60505398,0.77877632,0.73534054,0
"6675",200,163,0,0.25227568,0.04605643,0.88553945,0.60505398,0.77877632,0.73534054,0
"6676",201,163,0,0.25101179,0,0.88553945,0.60505398,0.77877632,0.73534054,0.02247062
"6677",202,163,0,0.25109059,0,0.88553945,0.60505398,0.77877632,0.73534054,0.02611887
"6678",203,163,0,0.2521265,0.04605643,0.88553945,0.60505398,0.77877632,0.73534054,0.00756888
"6679",204,163,0,0.2493937,0.04605643,0.88553945,0.60505398,0.77877632,0.73534054,0
"6680",205,163,0,0.24992293,0.04605643,0.88553945,0.60505398,0.77877632,0.73534054,0
"6681",206,163,0,0.24988812,0.04605643,0.88553945,0.60505398,0.77877632,0.73534054,0.04292695
"6682",207,163,0,0.25225307,0,0.88553945,0.60505398,0.77877632,0.73534054,0
"6683",208,163,0,0.25092536,0,0.88553945,0.60505398,0.77877632,0.73534054,0.03704745
"6684",209,163,0,0.25112905,0,0.88553945,0.60505398,0.77877632,0.73534054,0
"6685",210,163,0,0.25135993,0.04605643,0.88553945,0.60505398,0.77877632,0.73534054,0.01096292
"6686",211,163,0,0.25175931,0,0.88553945,0.60505398,0.77877632,0.73534054,0
"6687",212,163,0,0.25242234,0,0.88553945,0.60505398,0.77877632,0.73534054,0.03836733
"6688",213,163,0,0.25229584,0,0.88553945,0.60505398,0.77877632,0.73534054,0.02779368
"6689",214,163,0,0.25395477,0.04605643,0.88553945,0.60505398,0.77877632,0.73534054,0.13093653
"6690",215,163,0,0.25416511,0.04605643,0.88553945,0.60505398,0.77877632,0.73534054,0.09473277
"6691",216,163,0,0.21544198,0,0.75731347,0.51744225,0.66600962,0.62886334,0
"6692",217,163,0,0.09047131,0,0.31816834,0.2173918,0.27980907,0.26420289,0
"6693",218,163,0,0.2052663,0.03707906,0.71292927,0.48711629,0.62697651,0.59200727,0.0087346
"6694",219,163,0,0.25229957,0,0.87736744,0.59947037,0.77158955,0.72855461,0.01115842
"6695",220,163,0,0.25183795,0,0.88553945,0.60505398,0.77877632,0.73534054,0.01981538
"6696",221,163,0,0.2464192,0.04605643,0.88553945,0.60505398,0.77877632,0.73534054,0
"6697",192,164,0,0.24467695,0.04563991,0.87948531,0.60091742,0.77345208,0.73031325,0.02814403
"6698",193,164,0,0.23555135,0,0.88073697,0.60177263,0.77455283,0.73135262,0.00931821
"6699",194,164,0,0.24950827,0.04580665,0.88073697,0.60177263,0.77455283,0.73135262,0
"6700",195,164,0,0.2512234,0.04580665,0.88073697,0.60177263,0.77455283,0.73135262,0.03585901
"6701",196,164,0,0.24984542,0,0.88073697,0.60177263,0.77455283,0.73135262,0.00116486
"6702",197,164,0,0.24961789,0.04580665,0.88073697,0.60177263,0.77455283,0.73135262,0.02720306
"6703",198,164,0,0.24931384,0.04580665,0.88073697,0.60177263,0.77455283,0.73135262,0.01056286
"6704",199,164,0,0.24985504,0.04580665,0.88073697,0.60177263,0.77455283,0.73135262,0.03619094
"6705",200,164,0,0.24800739,0.04580665,0.88073697,0.60177263,0.77455283,0.73135262,0
"6706",201,164,0,0.25173972,0.04580665,0.88073697,0.60177263,0.77455283,0.73135262,0.03660061
"6707",202,164,0,0.25059461,0.04580665,0.88073697,0.60177263,0.77455283,0.73135262,0.03639437
"6708",203,164,0,0.24615247,0.04580665,0.88073697,0.60177263,0.77455283,0.73135262,0
"6709",204,164,0,0.24785991,0.04580665,0.88073697,0.60177263,0.77455283,0.73135262,0
"6710",205,164,0,0.2479612,0.04580665,0.88073697,0.60177263,0.77455283,0.73135262,0.00571886
"6711",206,164,0,0.24620016,0.04580665,0.88073697,0.60177263,0.77455283,0.73135262,0
"6712",207,164,0,0.24977081,0.04580665,0.88073697,0.60177263,0.77455283,0.73135262,0.0097889
"6713",208,164,0,0.25518709,0,0.88073697,0.60177263,0.77455283,0.73135262,0.01080093
"6714",209,164,0,0.25145114,0,0.88073697,0.60177263,0.77455283,0.73135262,0
"6715",210,164,0,0.2517121,0,0.88073697,0.60177263,0.77455283,0.73135262,0.05708118
"6716",211,164,0,0.25331189,0,0.88073697,0.60177263,0.77455283,0.73135262,0.07516328
"6717",212,164,0,0.25060599,0.04580665,0.88073697,0.60177263,0.77455283,0.73135262,0.02343714
"6718",213,164,0,0.24832905,0.04580665,0.88073697,0.60177263,0.77455283,0.73135262,0
"6719",214,164,0,0.25032694,0.04580665,0.88073697,0.60177263,0.77455283,0.73135262,0.01371632
"6720",215,164,0,0.2502324,0,0.88073697,0.60177263,0.77455283,0.73135262,0
"6721",216,164,0,0.25037393,0,0.88073697,0.60177263,0.77455283,0.73135262,0
"6722",217,164,0,0.2443903,0,0.86123357,0.58844674,0.75740082,0.71515725,0.07322178
"6723",218,164,0,0.11615722,0,0.4091183,0.2795343,0.35979384,0.33972656,0.0298537
"6724",219,164,0,0.21606518,0,0.75984565,0.51917239,0.66823652,0.63096603,0.01391186
"6725",220,164,0,0.24332741,0,0.85445478,0.58381505,0.7514393,0.70952823,0.03958388
"6726",221,164,0,0.24450453,0.04580665,0.88073697,0.60177263,0.77455283,0.73135262,0
"6727",192,165,0,0.21927378,0,0.80286658,0.54856688,0.70607072,0.66669005,0.08439064
"6728",193,165,0,0.24311363,0,0.87592632,0.5984857,0.77032217,0.72735792,0.08693825
"6729",194,165,0,0.255181,0.04555645,0.87592632,0.5984857,0.77032217,0.72735792,0.04282143
"6730",195,165,0,0.25011058,0,0.87592632,0.5984857,0.77032217,0.72735792,0
"6731",196,165,0,0.24956092,0.04555645,0.87592632,0.5984857,0.77032217,0.72735792,0.01016187
"6732",197,165,0,0.24986785,0.04555645,0.87592632,0.5984857,0.77032217,0.72735792,0
"6733",198,165,0,0.24917346,0.04555645,0.87592632,0.5984857,0.77032217,0.72735792,0.02306482
"6734",199,165,0,0.24931535,0.04555645,0.87592632,0.5984857,0.77032217,0.72735792,0.00823802
"6735",200,165,0,0.24704764,0.04555645,0.87592632,0.5984857,0.77032217,0.72735792,0.00106034
"6736",201,165,0,0.25160841,0.04555645,0.87592632,0.5984857,0.77032217,0.72735792,0
"6737",202,165,0,0.24607934,0.04555645,0.87592632,0.5984857,0.77032217,0.72735792,0.01014764
"6738",203,165,0,0.24565013,0.04555645,0.87592632,0.5984857,0.77032217,0.72735792,0.01146071
"6739",204,165,0,0.2510064,0.04555645,0.87592632,0.5984857,0.77032217,0.72735792,0
"6740",205,165,0,0.24934063,0.04555645,0.87592632,0.5984857,0.77032217,0.72735792,0
"6741",206,165,0,0.2502565,0,0.87592632,0.5984857,0.77032217,0.72735792,0.06403168
"6742",207,165,0,0.24860455,0,0.87592632,0.5984857,0.77032217,0.72735792,0.00855924
"6743",208,165,0,0.24644544,0.04555645,0.87592632,0.5984857,0.77032217,0.72735792,0.01145714
"6744",209,165,0,0.24624354,0.04555645,0.87592632,0.5984857,0.77032217,0.72735792,0
"6745",210,165,0,0.24609136,0.04555645,0.87592632,0.5984857,0.77032217,0.72735792,0.02986962
"6746",211,165,0,0.24846403,0,0.87592632,0.5984857,0.77032217,0.72735792,0.03879746
"6747",212,165,0,0.24979257,0,0.87592632,0.5984857,0.77032217,0.72735792,0.04454081
"6748",213,165,0,0.24661756,0.04555645,0.87592632,0.5984857,0.77032217,0.72735792,0
"6749",214,165,0,0.24654744,0.04555645,0.87592632,0.5984857,0.77032217,0.72735792,0.00748919
"6750",215,165,0,0.24680276,0.04555645,0.87592632,0.5984857,0.77032217,0.72735792,0.0326021
"6751",216,165,0,0.24882608,0,0.87592632,0.5984857,0.77032217,0.72735792,0.02803011
"6752",217,165,0,0.24893889,0,0.87592632,0.5984857,0.77032217,0.72735792,0.07429178
"6753",218,165,0,0.22481627,0,0.79189126,0.54106788,0.69641861,0.65757629,0.34018571
"6754",219,165,0,0.16134383,0,0.56858739,0.38849321,0.50003689,0.47214763,0.06383207
"6755",220,165,0,0.24011697,0,0.8440631,0.57671483,0.74230047,0.70089911,0.01283797
"6756",221,165,0,0.24491811,0,0.87592632,0.5984857,0.77032217,0.72735792,0.04722042
"6757",222,165,0,0.24254024,0,0.87592632,0.5984857,0.77032217,0.72735792,0.03342372
"6758",191,166,0,0.21888716,0,0.79977798,0.54645657,0.70335449,0.66412532,0.08899653
"6759",192,166,0,0.23654379,0,0.86262407,0.5893968,0.75862368,0.7163119,0.07769197
"6760",193,166,0,0.23655506,0,0.8711075,0.5951932,0.76608432,0.72335643,0.03766571
"6761",194,166,0,0.2434455,0.04519992,0.8711075,0.5951932,0.76608432,0.72335643,0.07285924
"6762",195,166,0,0.24620006,0.04520913,0.8711075,0.5951932,0.76608432,0.72335643,0.00948431
"6763",196,166,0,0.24972116,0.04520041,0.8711075,0.5951932,0.76608432,0.72335643,0.06206505
"6764",197,166,0,0.25445619,0.04530583,0.8711075,0.5951932,0.76608432,0.72335643,0.10421208
"6765",198,166,0,0.25465803,0.04530583,0.8711075,0.5951932,0.76608432,0.72335643,0.04043335
"6766",199,166,0,0.24981349,0.04530583,0.8711075,0.5951932,0.76608432,0.72335643,0
"6767",200,166,0,0.24764607,0.04521093,0.8711075,0.5951932,0.76608432,0.72335643,0.0317809
"6768",201,166,0,0.25513629,0.04523897,0.8711075,0.5951932,0.76608432,0.72335643,0
"6769",202,166,0,0.25043481,0.04530583,0.8711075,0.5951932,0.76608432,0.72335643,0.00724656
"6770",203,166,0,0.24903729,0.04530583,0.8711075,0.5951932,0.76608432,0.72335643,0
"6771",204,166,0,0.24690081,0.04530583,0.8711075,0.5951932,0.76608432,0.72335643,0
"6772",205,166,0,0.24806517,0.04530583,0.8711075,0.5951932,0.76608432,0.72335643,0.01692048
"6773",206,166,0,0.24716777,0,0.8711075,0.5951932,0.76608432,0.72335643,0.00030731
"6774",207,166,0,0.24512885,0.04530583,0.8711075,0.5951932,0.76608432,0.72335643,0.01669075
"6775",208,166,0,0.24894335,0.04530583,0.8711075,0.5951932,0.76608432,0.72335643,0
"6776",209,166,0,0.24817121,0.04530583,0.8711075,0.5951932,0.76608432,0.72335643,0
"6777",210,166,0,0.2478792,0.04530583,0.8711075,0.5951932,0.76608432,0.72335643,0
"6778",211,166,0,0.24908862,0.04530583,0.8711075,0.5951932,0.76608432,0.72335643,0
"6779",212,166,0,0.24675724,0.04530583,0.8711075,0.5951932,0.76608432,0.72335643,0.01658401
"6780",213,166,0,0.2441106,0.04530583,0.8711075,0.5951932,0.76608432,0.72335643,0
"6781",214,166,0,0.25006079,0.04530583,0.8711075,0.5951932,0.76608432,0.72335643,0
"6782",215,166,0,0.24868425,0.04530583,0.8711075,0.5951932,0.76608432,0.72335643,0
"6783",216,166,0,0.24744115,0.04530583,0.8711075,0.5951932,0.76608432,0.72335643,0.01311964
"6784",217,166,0,0.24718729,0,0.8711075,0.5951932,0.76608432,0.72335643,0.03966279
"6785",218,166,0,0.24832793,0,0.8711075,0.5951932,0.76608432,0.72335643,0.08234907
"6786",219,166,0,0.24787579,0,0.8711075,0.5951932,0.76608432,0.72335643,0.11679656
"6787",220,166,0,0.24813598,0,0.8711075,0.5951932,0.76608432,0.72335643,0
"6788",221,166,0,0.24485398,0,0.8711075,0.5951932,0.76608432,0.72335643,0
"6789",222,166,0,0.24000574,0,0.8711075,0.5951932,0.76608432,0.72335643,0.01708717
"6790",223,166,0,0.23981804,0,0.8711075,0.5951932,0.76608432,0.72335643,0
"6791",191,167,0,0.22933651,0,0.86310481,0.58972527,0.75904646,0.7167111,0.03831956
"6792",192,167,0,0.24045396,0,0.8662816,0.59189585,0.76184025,0.71934907,0.0820145
"6793",193,167,0,0.23526683,0,0.8662816,0.59189585,0.76184025,0.71934907,0.01801534
"6794",194,167,0,0.23727375,0,0.8662816,0.59189585,0.76184025,0.71934907,0.02713939
"6795",195,167,0,0.24385251,0.04498255,0.8662816,0.59189585,0.76184025,0.71934907,0.01742505
"6796",196,167,0,0.24409341,0.04501169,0.8662816,0.59189585,0.76184025,0.71934907,0.02243933
"6797",197,167,0,0.24773564,0.0449747,0.8662816,0.59189585,0.76184025,0.71934907,0.02795675
"6798",198,167,0,0.24778151,0.04493986,0.8662816,0.59189585,0.76184025,0.71934907,0.14169211
"6799",199,167,0,0.24864209,0.04494996,0.8662816,0.59189585,0.76184025,0.71934907,0.02449009
"6800",200,167,0,0.24527684,0.0449575,0.8662816,0.59189585,0.76184025,0.71934907,0.04453737
"6801",201,167,0,0.24674575,0.04505484,0.8662816,0.59189585,0.76184025,0.71934907,0.01270217
"6802",202,167,0,0.242867,0.04505484,0.8662816,0.59189585,0.76184025,0.71934907,0.0447197
"6803",203,167,0,0.24420888,0.04505484,0.8662816,0.59189585,0.76184025,0.71934907,0
"6804",204,167,0,0.23495832,0,0.8662816,0.59189585,0.76184025,0.71934907,0
"6805",205,167,0,0.23689163,0,0.8662816,0.59189585,0.76184025,0.71934907,0.10451635
"6806",206,167,0,0.23537597,0,0.8662816,0.59189585,0.76184025,0.71934907,0.03440647
"6807",207,167,0,0.2462771,0,0.8662816,0.59189585,0.76184025,0.71934907,0.01693623
"6808",208,167,0,0.24722495,0,0.8662816,0.59189585,0.76184025,0.71934907,0.06285404
"6809",209,167,0,0.24579485,0,0.8662816,0.59189585,0.76184025,0.71934907,0.02137242
"6810",210,167,0,0.24544251,0.04505484,0.8662816,0.59189585,0.76184025,0.71934907,0
"6811",211,167,0,0.24660412,0.04505484,0.8662816,0.59189585,0.76184025,0.71934907,0.01912641
"6812",212,167,0,0.24603135,0.04505484,0.8662816,0.59189585,0.76184025,0.71934907,0.00374453
"6813",213,167,0,0.24741726,0.04505484,0.8662816,0.59189585,0.76184025,0.71934907,0
"6814",214,167,0,0.24750169,0.04505484,0.8662816,0.59189585,0.76184025,0.71934907,0
"6815",215,167,0,0.24762497,0.04505484,0.8662816,0.59189585,0.76184025,0.71934907,0
"6816",216,167,0,0.2468915,0,0.8662816,0.59189585,0.76184025,0.71934907,0.01598721
"6817",217,167,0,0.24624323,0,0.8662816,0.59189585,0.76184025,0.71934907,0.02580417
"6818",218,167,0,0.20623088,0,0.72597291,0.49602849,0.63844757,0.60283854,0.08810801
"6819",219,167,0,0.23717742,0,0.83512452,0.57060745,0.73443955,0.69347663,0.06133687
"6820",220,167,0,0.23836026,0,0.84226264,0.57548465,0.74071708,0.69940403,0.01615459
"6821",221,167,0,0.23981515,0,0.8662816,0.59189585,0.76184025,0.71934907,0.01480991
"6822",222,167,0,0.23823581,0,0.8662816,0.59189585,0.76184025,0.71934907,0
"6823",191,168,0,0.22804448,0,0.85331255,0.58303461,0.75043478,0.70857973,0.05897767
"6824",192,168,0,0.23325933,0,0.86144754,0.58859293,0.75758899,0.71533492,0.00036786
"6825",193,168,0,0.23764106,0,0.86144754,0.58859293,0.75758899,0.71533492,0.01744235
"6826",194,168,0,0.23341411,0,0.86144754,0.58859293,0.75758899,0.71533492,0.01272909
"6827",195,168,0,0.23445325,0,0.86144754,0.58859293,0.75758899,0.71533492,0.08523407
"6828",196,168,0,0.24730789,0.04480342,0.86144754,0.58859293,0.75758899,0.71533492,0.01074223
"6829",197,168,0,0.24651729,0.04476654,0.86144754,0.58859293,0.75758899,0.71533492,0.01984535
"6830",198,168,0,0.23759297,0,0.86144754,0.58859293,0.75758899,0.71533492,0.074009
"6831",199,168,0,0.23217283,0,0.86144754,0.58859293,0.75758899,0.71533492,0.09645852
"6832",200,168,0,0.23370683,0,0.86144754,0.58859293,0.75758899,0.71533492,0.13603092
"6833",201,168,0,0.23776429,0,0.86144754,0.58859293,0.75758899,0.71533492,0.15271859
"6834",202,168,0,0.24743313,0.04480342,0.86144754,0.58859293,0.75758899,0.71533492,0.02342254
"6835",203,168,0,0.24551097,0.04480342,0.86144754,0.58859293,0.75758899,0.71533492,0.00754107
"6836",204,168,0,0.24178738,0.04480342,0.86144754,0.58859293,0.75758899,0.71533492,0.01675128
"6837",205,168,0,0.2358854,0,0.86144754,0.58859293,0.75758899,0.71533492,0.04516642
"6838",206,168,0,0.23031632,0,0.86144754,0.58859293,0.75758899,0.71533492,0
"6839",207,168,0,0.22979118,0,0.86144754,0.58859293,0.75758899,0.71533492,0.05235546
"6840",208,168,0,0.22766178,0,0.86144754,0.58859293,0.75758899,0.71533492,0
"6841",209,168,0,0.22529558,0,0.86144754,0.58859293,0.75758899,0.71533492,0
"6842",210,168,0,0.23090573,0,0.86144754,0.58859293,0.75758899,0.71533492,0
"6843",211,168,0,0.22892594,0,0.86144754,0.58859293,0.75758899,0.71533492,0
"6844",212,168,0,0.22808881,0,0.86144754,0.58859293,0.75758899,0.71533492,0.00379973
"6845",213,168,0,0.24459306,0,0.86144754,0.58859293,0.75758899,0.71533492,0
"6846",214,168,0,0.24503725,0,0.86144754,0.58859293,0.75758899,0.71533492,0.0198171
"6847",215,168,0,0.24495934,0,0.86144754,0.58859293,0.75758899,0.71533492,0.06786137
"6848",216,168,0,0.24672586,0,0.86144754,0.58859293,0.75758899,0.71533492,0.01195788
"6849",217,168,0,0.24372622,0,0.86144754,0.58859293,0.75758899,0.71533492,0.00830243
"6850",218,168,0,0.22374282,0,0.79979323,0.54646698,0.7033679,0.66413798,0.02260809
"6851",219,168,0,0.1191086,0,0.4319003,0.29510034,0.37982918,0.35864444,0
"6852",220,168,0,0.19979411,0,0.72454376,0.49505201,0.63719072,0.6016518,0.00521663
"6853",221,168,0,0.17435461,0,0.63273468,0.4323225,0.5564504,0.52541472,0
"6854",222,168,0,0.20241696,0,0.73561599,0.50261723,0.64692805,0.61084603,0
"6855",191,169,0,0.15953647,0,0.58758337,0.4014724,0.51674266,0.48792165,0.06930865
"6856",192,169,0,0.21625072,0,0.79305636,0.54186395,0.69744324,0.65854377,0.02993795
"6857",193,169,0,0.23498677,0,0.85660585,0.5852848,0.75333103,0.71131445,0.1091685
"6858",194,169,0,0.23218101,0,0.85660585,0.5852848,0.75333103,0.71131445,0.00358772
"6859",195,169,0,0.22912053,0,0.85660585,0.5852848,0.75333103,0.71131445,0.01607795
"6860",196,169,0,0.23687121,0,0.85660585,0.5852848,0.75333103,0.71131445,0.07955973
"6861",197,169,0,0.23467949,0,0.85660585,0.5852848,0.75333103,0.71131445,0.03552694
"6862",198,169,0,0.24706181,0,0.85660585,0.5852848,0.75333103,0.71131445,0.02452362
"6863",199,169,0,0.23785725,0,0.85660585,0.5852848,0.75333103,0.71131445,0.06958351
"6864",200,169,0,0.2399271,0,0.85660585,0.5852848,0.75333103,0.71131445,0.03594528
"6865",201,169,0,0.2394376,0,0.85660585,0.5852848,0.75333103,0.71131445,0.08831321
"6866",202,169,0,0.24200925,0,0.85660585,0.5852848,0.75333103,0.71131445,0.06457421
"6867",203,169,0,0.23286435,0,0.85660585,0.5852848,0.75333103,0.71131445,0.02752559
"6868",204,169,0,0.24251912,0.0445516,0.85660585,0.5852848,0.75333103,0.71131445,0.03926822
"6869",205,169,0,0.22827669,0,0.85660585,0.5852848,0.75333103,0.71131445,0.0142322
"6870",206,169,0,0.23014195,0,0.85660585,0.5852848,0.75333103,0.71131445,0.04766569
"6871",207,169,0,0.22550463,0,0.85660585,0.5852848,0.75333103,0.71131445,0.02282332
"6872",208,169,0,0.22805621,0,0.85660585,0.5852848,0.75333103,0.71131445,0
"6873",209,169,0,0.22337356,0,0.85660585,0.5852848,0.75333103,0.71131445,0.02373331
"6874",210,169,0,0.22771779,0,0.85660585,0.5852848,0.75333103,0.71131445,0
"6875",211,169,0,0.22359274,0,0.85660585,0.5852848,0.75333103,0.71131445,0
"6876",212,169,0,0.2316716,0,0.85660585,0.5852848,0.75333103,0.71131445,0.03339544
"6877",213,169,0,0.23012737,0,0.85660585,0.5852848,0.75333103,0.71131445,0.02576574
"6878",214,169,0,0.22907732,0,0.85660585,0.5852848,0.75333103,0.71131445,0
"6879",215,169,0,0.23896947,0,0.85660585,0.5852848,0.75333103,0.71131445,0.02278104
"6880",216,169,0,0.23699199,0,0.85660585,0.5852848,0.75333103,0.71131445,0
"6881",217,169,0,0.23693897,0,0.85660585,0.5852848,0.75333103,0.71131445,0.00152916
"6882",218,169,0,0.23634987,0.04445264,0.85470304,0.58398468,0.75165763,0.70973438,0.0068867
"6883",219,169,0,0.13642612,0,0.49385568,0.337432,0.43431505,0.41009139,0
"6884",220,169,0,0.12512851,0,0.45322165,0.30976265,0.39880781,0.37656454,0
"6885",193,170,0,0.22463273,0,0.78803773,0.53843492,0.69302968,0.65437637,0.3098308
"6886",194,170,0,0.23814141,0,0.85175655,0.58197146,0.74906637,0.70728765,0.23239145
"6887",195,170,0,0.23425038,0,0.85175655,0.58197146,0.74906637,0.70728765,0.05925782
"6888",196,170,0,0.23912071,0,0.85175655,0.58197146,0.74906637,0.70728765,0.08837356
"6889",197,170,0,0.23929609,0,0.85175655,0.58197146,0.74906637,0.70728765,0.06998591
"6890",198,170,0,0.23609985,0,0.85175655,0.58197146,0.74906637,0.70728765,0.0037074
"6891",199,170,0,0.23173127,0,0.85175655,0.58197146,0.74906637,0.70728765,0.02312289
"6892",200,170,0,0.22921842,0,0.85175655,0.58197146,0.74906637,0.70728765,0.07067015
"6893",201,170,0,0.22588318,0,0.85175655,0.58197146,0.74906637,0.70728765,0.03444073
"6894",202,170,0,0.23684092,0,0.85175655,0.58197146,0.74906637,0.70728765,0.12393228
"6895",203,170,0,0.23326592,0,0.85175655,0.58197146,0.74906637,0.70728765,0.00970815
"6896",204,170,0,0.22936732,0,0.85175655,0.58197146,0.74906637,0.70728765,0.04496294
"6897",205,170,0,0.22731485,0,0.85175655,0.58197146,0.74906637,0.70728765,0.04197107
"6898",206,170,0,0.23027765,0,0.85175655,0.58197146,0.74906637,0.70728765,0.11987568
"6899",207,170,0,0.22662999,0,0.85175655,0.58197146,0.74906637,0.70728765,0.04148374
"6900",208,170,0,0.22780897,0,0.85175655,0.58197146,0.74906637,0.70728765,0.00372076
"6901",209,170,0,0.2310504,0,0.85175655,0.58197146,0.74906637,0.70728765,0
"6902",210,170,0,0.23345655,0,0.85175655,0.58197146,0.74906637,0.70728765,0
"6903",211,170,0,0.22764855,0,0.85175655,0.58197146,0.74906637,0.70728765,0.02944104
"6904",212,170,0,0.22627566,0,0.85175655,0.58197146,0.74906637,0.70728765,0
"6905",213,170,0,0.23164193,0,0.85175655,0.58197146,0.74906637,0.70728765,0
"6906",214,170,0,0.24324196,0,0.85175655,0.58197146,0.74906637,0.70728765,0.02606059
"6907",215,170,0,0.23500868,0,0.85175655,0.58197146,0.74906637,0.70728765,0
"6908",216,170,0,0.23618713,0.04429939,0.85175655,0.58197146,0.74906637,0.70728765,0
"6909",217,170,0,0.19085902,0,0.68598886,0.46870897,0.60328411,0.5696363,0
"6910",218,170,0,0.16725719,0,0.60421757,0.4128379,0.5313714,0.50173448,0.01660962
"6911",219,170,0,0.14729988,0,0.5317246,0.36330632,0.46761838,0.44153725,0.01812528
"6912",220,170,0,0.23469372,0,0.83948982,0.57359009,0.73827856,0.69710152,0.01283579
"6913",191,171,0,0.20618622,0,0.75249955,0.51415309,0.66177608,0.62486592,0.04698976
"6914",192,171,0,0.14770167,0,0.5386395,0.368031,0.4736996,0.44727929,0.04776051
"6915",193,171,0,0.15438845,0,0.55217041,0.37727614,0.48559919,0.45851519,0.05109847
"6916",194,171,0,0.19073825,0,0.69482672,0.47474753,0.61105645,0.57697514,0.05635337
"6917",195,171,0,0.19485234,0,0.68567744,0.46849619,0.60301023,0.5693777,0.02846436
"6918",196,171,0,0.23073985,0,0.84043387,0.57423513,0.73910879,0.69788545,0.07823188
"6919",197,171,0,0.22260742,0,0.79448387,0.54283931,0.69869865,0.65972916,0.0203315
"6920",198,171,0,0.22330369,0,0.83575715,0.57103971,0.73499591,0.69400196,0.05275851
"6921",199,171,0,0.22735059,0,0.84689907,0.57865254,0.74479453,0.70325407,0.00529328
"6922",200,171,0,0.233329,0,0.84689907,0.57865254,0.74479453,0.70325407,0.05246099
"6923",201,171,0,0.22983724,0,0.84689907,0.57865254,0.74479453,0.70325407,0.04269402
"6924",202,171,0,0.22729657,0,0.84689907,0.57865254,0.74479453,0.70325407,0.03147889
"6925",203,171,0,0.22841084,0,0.84689907,0.57865254,0.74479453,0.70325407,0.00431839
"6926",204,171,0,0.22924863,0,0.84689907,0.57865254,0.74479453,0.70325407,0
"6927",205,171,0,0.22687973,0,0.84689907,0.57865254,0.74479453,0.70325407,0.05568585
"6928",206,171,0,0.22480361,0,0.84689907,0.57865254,0.74479453,0.70325407,0.02932902
"6929",207,171,0,0.22240824,0,0.84689907,0.57865254,0.74479453,0.70325407,0.02407145
"6930",213,171,0,0.22790581,0,0.84689907,0.57865254,0.74479453,0.70325407,0
"6931",214,171,0,0.22655634,0,0.84689907,0.57865254,0.74479453,0.70325407,0
"6932",215,171,0,0.22523046,0,0.84689907,0.57865254,0.74479453,0.70325407,0
"6933",216,171,0,0.22082998,0,0.84689907,0.57865254,0.74479453,0.70325407,0
"6934",217,171,0,0.22480128,0,0.81436402,0.55642263,0.71618199,0.67623738,0.00364178
"6935",218,171,0,0.2335063,0,0.84689907,0.57865254,0.74479453,0.70325407,0
"6936",219,171,0,0.24095225,0.04404676,0.84689907,0.57865254,0.74479453,0.70325407,0
"6937",220,171,0,0.23950806,0.04404676,0.84689907,0.57865254,0.74479453,0.70325407,0.01126835
"6938",197,172,0,0.11973257,0,0.4481289,0.3061887,0.39410122,0.37212046,0.02117782
"6939",198,172,0,0.21900339,0,0.81662017,0.55796416,0.71816613,0.67811085,0.02900979
"6940",199,172,0,0.23066745,0,0.84203452,0.57532878,0.74051646,0.69921461,0.03321996
"6941",200,172,0,0.2326417,0,0.84203452,0.57532878,0.74051646,0.69921461,0.00936989
"6942",201,172,0,0.22470209,0,0.84203452,0.57532878,0.74051646,0.69921461,0.02043194
"6943",202,172,0,0.22533942,0,0.84203452,0.57532878,0.74051646,0.69921461,0.01428736
"6944",203,172,0,0.22900011,0,0.84203452,0.57532878,0.74051646,0.69921461,0
"6945",204,172,0,0.22844697,0,0.84203452,0.57532878,0.74051646,0.69921461,0.02591806
"6946",205,172,0,0.2259035,0,0.84203452,0.57532878,0.74051646,0.69921461,0.01283128
"6947",213,172,0,0.22948627,0,0.84203452,0.57532878,0.74051646,0.69921461,0.02518998
"6948",214,172,0,0.22444901,0,0.84203452,0.57532878,0.74051646,0.69921461,0
"6949",215,172,0,0.22563308,0,0.84203452,0.57532878,0.74051646,0.69921461,0
"6950",216,172,0,0.2208418,0,0.84203452,0.57532878,0.74051646,0.69921461,0.00415879
"6951",217,172,0,0.22379905,0,0.84203452,0.57532878,0.74051646,0.69921461,0.04426517
"6952",218,172,0,0.22650963,0,0.84203452,0.57532878,0.74051646,0.69921461,0.00713453
"6953",219,172,0,0.22568848,0,0.84203452,0.57532878,0.74051646,0.69921461,0
"6954",220,172,0,0.23855829,0,0.84203452,0.57532878,0.74051646,0.69921461,0
"6955",199,173,0,0.22151995,0,0.82865769,0.56618892,0.72875238,0.68810665,0.09107796
"6956",200,173,0,0.22754615,0,0.83716235,0.57199982,0.73623169,0.69516882,0.09636859
"6957",201,173,0,0.23040469,0,0.83716235,0.57199982,0.73623169,0.69516882,0.0698124
"6958",202,173,0,0.22724482,0,0.83716235,0.57199982,0.73623169,0.69516882,0.02589158
"6959",203,173,0,0.22637611,0,0.83716235,0.57199982,0.73623169,0.69516882,0.01132434
"6960",204,173,0,0.22523459,0,0.83716235,0.57199982,0.73623169,0.69516882,0.02051351
"6961",215,173,0,0.22542995,0,0.83716235,0.57199982,0.73623169,0.69516882,0.00644029
"6962",200,174,0,0.21812025,0,0.80835233,0.55231508,0.7108951,0.67124535,0.23058279
"6963",201,174,0,0.2318149,0,0.83228255,0.56866565,0.73194022,0.6911167,0.05499523
"6964",202,174,0,0.23222253,0,0.83228255,0.56866565,0.73194022,0.6911167,0.13913037
"6965",204,174,0,0.22437934,0,0.83228255,0.56866565,0.73194022,0.6911167,0.01366883
"6966",208,171,0,0.229391,0,0.8461296,0.57859846,0.74479453,0.70325407,0
"6967",209,171,0,0.22600593,0,0.8461296,0.57859846,0.74479453,0.70325407,0.01173735
"6968",210,171,0,0.23257187,0,0.8461296,0.57859846,0.74479453,0.70325407,0.01816642
"6969",211,171,0,0.22850567,0,0.8461296,0.57859846,0.74479453,0.70325407,0
"6970",212,171,0,0.22537565,0,0.8461296,0.57859846,0.74479453,0.70325407,0
"6971",206,172,0,0.22234696,0,0.84126947,0.57527501,0.74051646,0.69921461,0.03717584
"6972",207,172,0,0.22722026,0,0.84126947,0.57527501,0.74051646,0.69921461,0.01468586
"6973",208,172,0,0.22792645,0,0.84126947,0.57527501,0.74051646,0.69921461,0.00763784
"6974",209,172,0,0.22681624,0,0.84126947,0.57527501,0.74051646,0.69921461,0.01292878
"6975",210,172,0,0.22480301,0,0.84126947,0.57527501,0.74051646,0.69921461,0
"6976",211,172,0,0.22408111,0,0.84126947,0.57527501,0.74051646,0.69921461,0
"6977",212,172,0,0.22420249,0,0.84126947,0.57527501,0.74051646,0.69921461,0.00622265
"6978",205,173,0,0.22593933,0,0.83640172,0.57194636,0.73623169,0.69516882,0.04055419
"6979",206,173,0,0.22342281,0,0.83640172,0.57194636,0.73623169,0.69516882,0.04023659
"6980",207,173,0,0.22353198,0,0.83640172,0.57194636,0.73623169,0.69516882,0.00959753
"6981",208,173,0,0.22768152,0,0.83640172,0.57194636,0.73623169,0.69516882,0.00788293
"6982",209,173,0,0.22327514,0,0.83640172,0.57194636,0.73623169,0.69516882,0
"6983",210,173,0,0.22661788,0,0.83640172,0.57194636,0.73623169,0.69516882,0.00608747
"6984",211,173,0,0.22277761,0,0.83640172,0.57194636,0.73623169,0.69516882,0.01299014
"6985",212,173,0,0.22563367,0,0.83640172,0.57194636,0.73623169,0.69516882,0
"6986",213,173,0,0.22670337,0,0.83640172,0.57194636,0.73623169,0.69516882,0.01466868
"6987",214,173,0,0.22704808,0,0.83640172,0.57194636,0.73623169,0.69516882,0
"6988",216,173,0,0.22600123,0,0.83640172,0.57194636,0.73623169,0.69516882,0.00498337
"6989",217,173,0,0.22749705,0,0.83640172,0.57194636,0.73623169,0.69516882,0
"6990",218,173,0,0.226545,0,0.83640172,0.57194636,0.73623169,0.69516882,0
"6991",219,173,0,0.22588663,0,0.83640172,0.57194636,0.73623169,0.69516882,0.0114228
"6992",220,173,0,0.22584449,0,0.83640172,0.57194636,0.73623169,0.69516882,0.01780815
"6993",203,174,0,0.22244213,0,0.83152636,0.5686125,0.73194022,0.6911167,0.03238988
"6994",205,174,0,0.22296785,0,0.83152636,0.5686125,0.73194022,0.6911167,0
"6995",206,174,0,0.22175917,0,0.83152636,0.5686125,0.73194022,0.6911167,0
"6996",207,174,0,0.22225019,0,0.83152636,0.5686125,0.73194022,0.6911167,0.00514537
"6997",208,174,0,0.22249631,0,0.83152636,0.5686125,0.73194022,0.6911167,0
"6998",209,174,0,0.231011,0,0.83152636,0.5686125,0.73194022,0.6911167,0.01794315
"6999",210,174,0,0.22656412,0,0.83152636,0.5686125,0.73194022,0.6911167,0
"7000",211,174,0,0.222161,0,0.83152636,0.5686125,0.73194022,0.6911167,0.00186432
"7001",212,174,0,0.22829314,0,0.83152636,0.5686125,0.73194022,0.6911167,0.00816782
"7002",213,174,0,0.22484621,0,0.83152636,0.5686125,0.73194022,0.6911167,0
"7003",214,174,0,0.22708675,0,0.83152636,0.5686125,0.73194022,0.6911167,0.00824638
"7004",215,174,0,0.22855288,0,0.83152636,0.5686125,0.73194022,0.6911167,0.04688927
"7005",216,174,0,0.22515359,0,0.83152636,0.5686125,0.73194022,0.6911167,0.01521417
"7006",217,174,0,0.2170742,0,0.83152636,0.5686125,0.73194022,0.6911167,0
"7007",218,174,0,0.22537691,0,0.83152636,0.5686125,0.73194022,0.6911167,0
"7008",219,174,0,0.22617202,0,0.83152636,0.5686125,0.73194022,0.6911167,0.03031737
"7009",220,174,0,0.22532243,0,0.83152636,0.5686125,0.73194022,0.6911167,0.0099707
"7010",221,174,0,0.22180257,0,0.83152636,0.5686125,0.73194022,0.6911167,0
"7011",202,175,0,0.08693052,0,0.31648078,0.21641518,0.27857808,0.26304055,0.09643729
"7012",203,175,0,0.141943,0,0.52600059,0.35968855,0.46300515,0.43718132,0.03599615
"7013",204,175,0,0.20443579,0,0.76261638,0.52149064,0.67128311,0.6338427,0.04856711
"7014",205,175,0,0.22204207,0,0.82664393,0.56527381,0.72764252,0.6870587,0.00471765
"7015",206,175,0,0.22206922,0,0.82664393,0.56527381,0.72764252,0.6870587,0
"7016",207,175,0,0.22693423,0,0.82664393,0.56527381,0.72764252,0.6870587,0.04678124
"7017",208,175,0,0.22351339,0,0.82664393,0.56527381,0.72764252,0.6870587,0.02122951
"7018",209,175,0,0.21836999,0,0.82664393,0.56527381,0.72764252,0.6870587,0.01448274
"7019",210,175,0,0.22004946,0,0.82664393,0.56527381,0.72764252,0.6870587,0.02117395
"7020",211,175,0,0.22144479,0,0.82664393,0.56527381,0.72764252,0.6870587,0.02704319
"7021",212,175,0,0.22035832,0,0.82664393,0.56527381,0.72764252,0.6870587,0.01811981
"7022",213,175,0,0.22609372,0,0.82664393,0.56527381,0.72764252,0.6870587,0.08514233
"7023",214,175,0,0.22869342,0,0.82664393,0.56527381,0.72764252,0.6870587,0.06320591
"7024",215,175,0,0.2222177,0,0.82664393,0.56527381,0.72764252,0.6870587,0.00384714
"7025",216,175,0,0.22413457,0,0.82664393,0.56527381,0.72764252,0.6870587,0.00389055
"7026",217,175,0,0.22361674,0,0.82664393,0.56527381,0.72764252,0.6870587,0.00501207
"7027",218,175,0,0.22269614,0,0.82664393,0.56527381,0.72764252,0.6870587,0.01759029
"7028",219,175,0,0.22113005,0,0.82664393,0.56527381,0.72764252,0.6870587,0
"7029",220,175,0,0.21685433,0,0.82664393,0.56527381,0.72764252,0.6870587,0
"7030",221,175,0,0.2187507,0,0.82664393,0.56527381,0.72764252,0.6870587,0
"7031",222,175,0,0.21930122,0,0.82664393,0.56527381,0.72764252,0.6870587,0
"7032",204,176,0,0.08470669,0,0.31264435,0.21379176,0.27520111,0.25985193,0.01540492
"7033",205,176,0,0.15388175,0,0.55660501,0.38061639,0.48994429,0.46261794,0.05696199
"7034",206,176,0,0.22098358,0,0.82083407,0.56130092,0.72252847,0.68222988,0.02388862
"7035",207,176,0,0.21701637,0,0.82175388,0.5619299,0.72333812,0.68299437,0.00791257
"7036",208,176,0,0.21804649,0,0.82175388,0.5619299,0.72333812,0.68299437,0.00459112
"7037",209,176,0,0.21649658,0,0.82175388,0.5619299,0.72333812,0.68299437,0.0415299
"7038",210,176,0,0.22126067,0,0.82175388,0.5619299,0.72333812,0.68299437,0.02388199
"7039",211,176,0,0.22151203,0,0.82175388,0.5619299,0.72333812,0.68299437,0.06400815
"7040",212,176,0,0.2153968,0,0.82175388,0.5619299,0.72333812,0.68299437,0.03756193
"7041",213,176,0,0.21586721,0,0.82175388,0.5619299,0.72333812,0.68299437,0
"7042",214,176,0,0.21628438,0,0.82175388,0.5619299,0.72333812,0.68299437,0
"7043",215,176,0,0.21663312,0,0.82175388,0.5619299,0.72333812,0.68299437,0.01492728
"7044",216,176,0,0.221211,0,0.82175388,0.5619299,0.72333812,0.68299437,0.04764846
"7045",217,176,0,0.21966088,0,0.82175388,0.5619299,0.72333812,0.68299437,0
"7046",218,176,0,0.2204018,0,0.82175388,0.5619299,0.72333812,0.68299437,0
"7047",219,176,0,0.22360043,0,0.82175388,0.5619299,0.72333812,0.68299437,0
"7048",220,176,0,0.22451929,0,0.82175388,0.5619299,0.72333812,0.68299437,0
"7049",221,176,0,0.22486659,0,0.82175388,0.5619299,0.72333812,0.68299437,0.01391316
"7050",222,176,0,0.22491433,0,0.82175388,0.5619299,0.72333812,0.68299437,0.00266895
"7051",223,176,0,0.22332423,0,0.82175388,0.5619299,0.72333812,0.68299437,0
"7052",224,176,0,0.22136989,0,0.82175388,0.5619299,0.72333812,0.68299437,0
"7053",206,177,0,0.08930115,0,0.34184757,0.23376144,0.30090686,0.28412396,0.0478285
"7054",207,177,0,0.20111244,0,0.73159803,0.50027973,0.64397961,0.60806204,0.06465962
"7055",208,177,0,0.22163236,0,0.81685621,0.5585808,0.71902702,0.67892372,0.02027511
"7056",209,177,0,0.21675144,0,0.81685621,0.5585808,0.71902702,0.67892372,0.02487387
"7057",210,177,0,0.21365327,0,0.81685621,0.5585808,0.71902702,0.67892372,0.01298498
"7058",211,177,0,0.21524981,0,0.81685621,0.5585808,0.71902702,0.67892372,0
"7059",212,177,0,0.21441153,0,0.81685621,0.5585808,0.71902702,0.67892372,0.04466072
"7060",213,177,0,0.21387923,0,0.81685621,0.5585808,0.71902702,0.67892372,0.02458548
"7061",214,177,0,0.21370318,0,0.81685621,0.5585808,0.71902702,0.67892372,0.00363165
"7062",215,177,0,0.21505443,0,0.81685621,0.5585808,0.71902702,0.67892372,0
"7063",216,177,0,0.21430123,0,0.81685621,0.5585808,0.71902702,0.67892372,0.00438452
"7064",217,177,0,0.21659353,0,0.81685621,0.5585808,0.71902702,0.67892372,0
"7065",218,177,0,0.21793805,0,0.81685621,0.5585808,0.71902702,0.67892372,0.01971175
"7066",219,177,0,0.21921845,0,0.81685621,0.5585808,0.71902702,0.67892372,0.02305054
"7067",220,177,0,0.22150187,0,0.81685621,0.5585808,0.71902702,0.67892372,0
"7068",221,177,0,0.22215293,0,0.81685621,0.5585808,0.71902702,0.67892372,0
"7069",222,177,0,0.22261481,0,0.81685621,0.5585808,0.71902702,0.67892372,0
"7070",223,177,0,0.22370761,0,0.81685621,0.5585808,0.71902702,0.67892372,0
"7071",208,178,0,0.13671482,0,0.49564857,0.3389333,0.43628818,0.41195447,0.01205874
"7072",209,178,0,0.21174786,0,0.78820782,0.53899051,0.69380964,0.65511283,0.03728178
"7073",210,178,0,0.21327064,0,0.81195148,0.55522685,0.71470969,0.67484719,0.00979645
"7074",211,178,0,0.21426414,0,0.81195148,0.55522685,0.71470969,0.67484719,0
"7075",212,178,0,0.21732353,0,0.81195148,0.55522685,0.71470969,0.67484719,0
"7076",213,178,0,0.21632199,0,0.81195148,0.55522685,0.71470969,0.67484719,0.02752818
"7077",214,178,0,0.21428618,0,0.81195148,0.55522685,0.71470969,0.67484719,0.02170798
"7078",215,178,0,0.21436127,0,0.81195148,0.55522685,0.71470969,0.67484719,0.01487451
"7079",216,178,0,0.2199894,0,0.81195148,0.55522685,0.71470969,0.67484719,0
"7080",217,178,0,0.22219693,0,0.81195148,0.55522685,0.71470969,0.67484719,0.0038723
"7081",218,178,0,0.22360222,0,0.81195148,0.55522685,0.71470969,0.67484719,0
"7082",219,178,0,0.22276229,0,0.81195148,0.55522685,0.71470969,0.67484719,0
"7083",220,178,0,0.21603313,0,0.81195148,0.55522685,0.71470969,0.67484719,0
"7084",221,178,0,0.22125107,0,0.81195148,0.55522685,0.71470969,0.67484719,0.00961526
"7085",222,178,0,0.21932437,0,0.81195148,0.55522685,0.71470969,0.67484719,0
"7086",210,179,0,0.18060473,0,0.68517738,0.46853647,0.60311844,0.56947988,0.07071263
"7087",211,179,0,0.2127683,0,0.80703967,0.55186807,0.71038613,0.67076478,0.00383108
"7088",212,179,0,0.21375289,0,0.80703967,0.55186807,0.71038613,0.67076478,0.00512507
"7089",213,179,0,0.21428043,0,0.80703967,0.55186807,0.71038613,0.67076478,0.0048628
"7090",214,179,0,0.21372902,0,0.80703967,0.55186807,0.71038613,0.67076478,0.01486855
"7091",215,179,0,0.21914959,0,0.80703967,0.55186807,0.71038613,0.67076478,0.01260261
"7092",216,179,0,0.22056051,0,0.80703967,0.55186807,0.71038613,0.67076478,0
"7093",217,179,0,0.21857616,0,0.80703967,0.55186807,0.71038613,0.67076478,0.01154961
"7094",218,179,0,0.22006634,0,0.80703967,0.55186807,0.71038613,0.67076478,0
"7095",219,179,0,0.21629705,0,0.80703967,0.55186807,0.71038613,0.67076478,0
"7096",220,179,0,0.21680846,0,0.80703967,0.55186807,0.71038613,0.67076478,0
"7097",221,179,0,0.22119993,0,0.80703967,0.55186807,0.71038613,0.67076478,0
"7098",222,179,0,0.22149429,0,0.80703967,0.55186807,0.71038613,0.67076478,0.00502484
"7099",211,180,0,0.16639491,0,0.63436494,0.43379002,0.55839145,0.52724751,0.08416743
"7100",212,180,0,0.20989359,0,0.80212025,0.54850408,0.70605588,0.66667604,0.02344737
"7101",213,180,0,0.21571283,0,0.80212025,0.54850408,0.70605588,0.66667604,0.01544118
"7102",214,180,0,0.21968958,0,0.80212025,0.54850408,0.70605588,0.66667604,0.00434626
"7103",215,180,0,0.21490012,0,0.80212025,0.54850408,0.70605588,0.66667604,0.01099585
"7104",216,180,0,0.21752062,0,0.80212025,0.54850408,0.70605588,0.66667604,0.03396919
"7105",217,180,0,0.20615701,0,0.80212025,0.54850408,0.70605588,0.66667604,0.01930474
"7106",218,180,0,0.20994324,0,0.80212025,0.54850408,0.70605588,0.66667604,0.01057929
"7107",219,180,0,0.21571075,0,0.80212025,0.54850408,0.70605588,0.66667604,0.02950291
"7108",220,180,0,0.22507896,0,0.80212025,0.54850408,0.70605588,0.66667604,0.01947372
"7109",221,180,0,0.2180881,0,0.80212025,0.54850408,0.70605588,0.66667604,0
"7110",222,180,0,0.21897448,0,0.80212025,0.54850408,0.70605588,0.66667604,0.02065197
"7111",223,180,0,0.21933366,0,0.80212025,0.54850408,0.70605588,0.66667604,0
"7112",224,180,0,0.21675678,0,0.80212025,0.54850408,0.70605588,0.66667604,0
"7113",225,180,0,0,0,0.80239103,0.54840887,0.70605588,0.66667604,0
"7114",212,181,0,0.13080557,0,0.48434652,0.33120476,0.4263397,0.40256086,0.00995238
"7115",213,181,0,0.10312326,0,0.37799639,0.25848065,0.33272639,0.31416878,0.00338709
"7116",214,181,0,0.11267676,0,0.40639349,0.27789909,0.35772256,0.3377708,0.00832376
"7117",215,181,0,0.15333036,0,0.53103315,0.36312991,0.467435,0.44136409,0.07207879
"7118",216,181,0,0.20484335,0,0.68309897,0.46711522,0.60128895,0.56775242,0.14113259
"7119",217,181,0,0.21732527,0,0.79719376,0.54513526,0.7017194,0.66258142,0.11654987
"7120",218,181,0,0.21642734,0,0.79719376,0.54513526,0.7017194,0.66258142,0.03425519
"7121",219,181,0,0.21714442,0,0.79719376,0.54513526,0.7017194,0.66258142,0.01946294
"7122",220,181,0,0.2117553,0,0.79719376,0.54513526,0.7017194,0.66258142,0.00517008
"7123",221,181,0,0.21285052,0,0.79719376,0.54513526,0.7017194,0.66258142,0.00526325
"7124",222,181,0,0.21290717,0,0.79719376,0.54513526,0.7017194,0.66258142,0
"7125",223,181,0,0.21274849,0,0.79719376,0.54513526,0.7017194,0.66258142,0
"7126",224,181,0,0,0,0.79719376,0.54513526,0.7017194,0.66258142,0
"7127",225,181,0,0,0,0.79719376,0.54513526,0.7017194,0.66258142,0
"7128",226,181,0,0,0,0.79719376,0.54513526,0.7017194,0.66258142,0
"7129",227,181,0,0,0,0.79719376,0.54513526,0.7017194,0.66258142,0
"7130",212,182,0,0.12056822,0,0.44005105,0.30091473,0.38734919,0.36574503,0.01884094
"7131",216,182,0,0.18212289,0,0.67265581,0.459974,0.59209649,0.55907267,0.21281308
"7132",217,182,0,0.21356101,0,0.79225965,0.54176123,0.69737621,0.65848048,0.13703478
"7133",218,182,0,0.20816037,0,0.79225965,0.54176123,0.69737621,0.65848048,0.06999641
"7134",219,182,0,0.21008138,0,0.79225965,0.54176123,0.69737621,0.65848048,0
"7135",220,182,0,0.21064648,0,0.79225965,0.54176123,0.69737621,0.65848048,0.0196592
"7136",221,182,0,0.2082208,0,0.79225965,0.54176123,0.69737621,0.65848048,0
"7137",222,182,0,0.21665016,0,0.79225965,0.54176123,0.69737621,0.65848048,0.0037947
"7138",223,182,0,0.21377377,0,0.79225965,0.54176123,0.69737621,0.65848048,0
"7139",224,182,0,0,0,0.79225965,0.54176123,0.69737621,0.65848048,0
"7140",225,182,0,0,0,0.79225965,0.54176123,0.69737621,0.65848048,0
"7141",226,182,0,0,0,0.79225965,0.54176123,0.69737621,0.65848048,0
"7142",227,182,0,0,0,0.79225965,0.54176123,0.69737621,0.65848048,0
"7143",215,183,0,0.10553126,0,0.3996165,0.27326486,0.35175721,0.33213816,0.07700041
"7144",216,183,0,0.20790061,0,0.78731901,0.53838273,0.69302728,0.6543741,0.1135921
"7145",217,183,0,0.20869678,0,0.78731901,0.53838273,0.69302728,0.6543741,0.00379181
"7146",218,183,0,0.20881322,0,0.78731901,0.53838273,0.69302728,0.6543741,0
"7147",219,183,0,0.20880757,0,0.78731901,0.53838273,0.69302728,0.6543741,0
"7148",220,183,0,0.2092349,0,0.78731901,0.53838273,0.69302728,0.6543741,0.00430477
"7149",221,183,0,0.21154435,0,0.78731901,0.53838273,0.69302728,0.6543741,0
"7150",222,183,0,0,0,0.78731901,0.53838273,0.69302728,0.6543741,0
"7151",223,183,0,0,0,0.78731901,0.53838273,0.69302728,0.6543741,0
"7152",224,183,0,0,0,0.78731901,0.53838273,0.69302728,0.6543741,0
"7153",225,183,0,0,0,0.78731901,0.53838273,0.69302728,0.6543741,0
"7154",226,183,0,0,0,0.78731901,0.53838273,0.69302728,0.6543741,0
"7155",227,183,0,0,0,0.78731901,0.53838273,0.69302728,0.6543741,0
"7156",228,183,0,0,0,0.78731901,0.53838273,0.69302728,0.6543741,0
"7157",229,183,0,0,0,0.78731901,0.53838273,0.69302728,0.6543741,0
"7158",230,183,0,0,0,0.78731901,0.53838273,0.69302728,0.6543741,0
"7159",231,183,0,0,0,0.78731901,0.53838273,0.69302728,0.6543741,0
"7160",232,183,0,0,0,0.78731901,0.53838273,0.69302728,0.6543741,0
"7161",216,184,0,0.20724857,0,0.78237131,0.5349994,0.68867213,0.65026186,0.02157208
"7162",217,184,0,0.21347924,0,0.78237131,0.5349994,0.68867213,0.65026186,0
"7163",218,184,0,0.2088726,0,0.78237131,0.5349994,0.68867213,0.65026186,0.01550642
"7164",219,184,0,0.20825478,0,0.78237131,0.5349994,0.68867213,0.65026186,0.00399674
"7165",220,184,0,0.20994725,0,0.78237131,0.5349994,0.68867213,0.65026186,0
"7166",221,184,0,0.2138965,0,0.78237131,0.5349994,0.68867213,0.65026186,0
"7167",222,184,0,0,0,0.78237131,0.5349994,0.68867213,0.65026186,0
"7168",223,184,0,0,0,0.78237131,0.5349994,0.68867213,0.65026186,0
"7169",224,184,0,0,0,0.78237131,0.5349994,0.68867213,0.65026186,0.00362298
"7170",225,184,0,0,0,0.78237131,0.5349994,0.68867213,0.65026186,0.03427122
"7171",226,184,0,0,0,0.78237131,0.5349994,0.68867213,0.65026186,0.01597172
"7172",227,184,0,0,0,0.78237131,0.5349994,0.68867213,0.65026186,0
"7173",228,184,0,0,0,0.78237131,0.5349994,0.68867213,0.65026186,0
"7174",229,184,0,0,0,0.78237131,0.5349994,0.68867213,0.65026186,0
"7175",230,184,0,0,0,0.78237131,0.5349994,0.68867213,0.65026186,0
"7176",231,184,0,0,0,0.78237131,0.5349994,0.68867213,0.65026186,0
"7177",232,184,0,0,0,0.78237131,0.5349994,0.68867213,0.65026186,0
"7178",233,184,0,0,0,0.78237131,0.5349994,0.68867213,0.65026186,0
"7179",234,184,0,0,0,0.78237131,0.5349994,0.68867213,0.65026186,0
"7180",235,184,0,0,0,0.78237131,0.5349994,0.68867213,0.65026186,0
"7181",236,184,0,0,0,0.78237131,0.5349994,0.68867213,0.65026186,0
"7182",214,185,0,0.1195832,0,0.45052794,0.30807901,0.39657134,0.37445281,0.02083147
"7183",215,185,0,0.18063922,0,0.67746046,0.4632595,0.59632572,0.56306602,0.01920534
"7184",216,185,0,0.20723413,0,0.77741653,0.53161124,0.68431075,0.64614373,0.00519246
"7185",217,185,0,0.21205783,0,0.77741653,0.53161124,0.68431075,0.64614373,0
"7186",218,185,0,0.2108688,0,0.77741653,0.53161124,0.68431075,0.64614373,0
"7187",219,185,0,0.21252875,0,0.77741653,0.53161124,0.68431075,0.64614373,0
"7188",220,185,0,0.21418571,0,0.77741653,0.53161124,0.68431075,0.64614373,0
"7189",221,185,0,0.21024334,0,0.77741653,0.53161124,0.68431075,0.64614373,0
"7190",222,185,0,0,0,0.77741653,0.53161124,0.68431075,0.64614373,0
"7191",223,185,0,0,0,0.77741653,0.53161124,0.68431075,0.64614373,0
"7192",224,185,0,0,0,0.77741653,0.53161124,0.68431075,0.64614373,0
"7193",225,185,0,0,0,0.77741653,0.53161124,0.68431075,0.64614373,0
"7194",226,185,0,0,0,0.77741653,0.53161124,0.68431075,0.64614373,0
"7195",227,185,0,0,0,0.77741653,0.53161124,0.68431075,0.64614373,0
"7196",228,185,0,0,0,0.77741653,0.53161124,0.68431075,0.64614373,0
"7197",229,185,0,0,0,0.77741653,0.53161124,0.68431075,0.64614373,0
"7198",230,185,0,0,0,0.77741653,0.53161124,0.68431075,0.64614373,0.00364822
"7199",231,185,0,0,0,0.77741653,0.53161124,0.68431075,0.64614373,0
"7200",232,185,0,0,0,0.77741653,0.53161124,0.68431075,0.64614373,0
"7201",233,185,0,0,0,0.77741653,0.53161124,0.68431075,0.64614373,0.02503957
"7202",234,185,0,0,0,0.77741653,0.53161124,0.68431075,0.64614373,0
"7203",235,185,0,0,0,0.77741653,0.53161124,0.68431075,0.64614373,0
"7204",236,185,0,0,0,0.77741653,0.53161124,0.68431075,0.64614373,0
"7205",237,185,0,0,0,0.77741653,0.53161124,0.68431075,0.64614373,0
"7206",238,185,0,0,0,0.77741653,0.53161124,0.68431075,0.64614373,0
"7207",239,185,0,0,0,0.77741653,0.53161124,0.68431075,0.64614373,0
"7208",240,185,0,0,0,0.77741653,0.53161124,0.68431075,0.64614373,0
"7209",241,185,0,0,0,0.77741653,0.53161124,0.68431075,0.64614373,0
"7210",242,185,0,0,0,0.58604484,0.40074788,0.51585832,0.48708663,0
"7211",243,185,0,0,0,0.01644938,0.01124838,0.01447935,0.01367178,0
"7212",210,186,0,0.11257034,0,0.38266071,0.26167019,0.33683209,0.31804548,0.05014868
"7213",211,186,0,0.19170652,0,0.71247734,0.48720467,0.62714888,0.59217003,0.21330837
"7214",212,186,0,0.21372194,0,0.77245414,0.52821787,0.67994267,0.64201928,0.05419614
"7215",213,186,0,0.20616347,0,0.77245414,0.52821787,0.67994267,0.64201928,0.00574708
"7216",214,186,0,0.20803628,0,0.77245414,0.52821787,0.67994267,0.64201928,0.00233178
"7217",215,186,0,0.21490635,0,0.77245414,0.52821787,0.67994267,0.64201928,0
"7218",216,186,0,0,0,0.77245414,0.52821787,0.67994267,0.64201928,0
"7219",217,186,0,0,0,0.77245414,0.52821787,0.67994267,0.64201928,0
"7220",218,186,0,0.20555149,0,0.77245414,0.52821787,0.67994267,0.64201928,0
"7221",219,186,0,0.21763409,0,0.77245414,0.52821787,0.67994267,0.64201928,0
"7222",220,186,0,0.21394432,0,0.77245414,0.52821787,0.67994267,0.64201928,0
"7223",221,186,0,0,0,0.77245414,0.52821787,0.67994267,0.64201928,0
"7224",222,186,0,0,0,0.77245414,0.52821787,0.67994267,0.64201928,0
"7225",223,186,0,0,0,0.77245414,0.52821787,0.67994267,0.64201928,0
"7226",224,186,0,0,0,0.77245414,0.52821787,0.67994267,0.64201928,0
"7227",225,186,0,0,0,0.77245414,0.52821787,0.67994267,0.64201928,0
"7228",226,186,0,0,0,0.77245414,0.52821787,0.67994267,0.64201928,0
"7229",227,186,0,0,0,0.77245414,0.52821787,0.67994267,0.64201928,0
"7230",228,186,0,0,0,0.77245414,0.52821787,0.67994267,0.64201928,0
"7231",229,186,0,0,0,0.77245414,0.52821787,0.67994267,0.64201928,0
"7232",230,186,0,0,0,0.77245414,0.52821787,0.67994267,0.64201928,0
"7233",231,186,0,0,0,0.77245414,0.52821787,0.67994267,0.64201928,0
"7234",232,186,0,0,0,0.77245414,0.52821787,0.67994267,0.64201928,0.03084821
"7235",233,186,0,0,0,0.77245414,0.52821787,0.67994267,0.64201928,0
"7236",234,186,0,0,0,0.77245414,0.52821787,0.67994267,0.64201928,0
"7237",235,186,0,0,0,0.77245414,0.52821787,0.67994267,0.64201928,0
"7238",236,186,0,0,0,0.77245414,0.52821787,0.67994267,0.64201928,0
"7239",237,186,0,0,0,0.77245414,0.52821787,0.67994267,0.64201928,0
"7240",238,186,0,0,0,0.77245414,0.52821787,0.67994267,0.64201928,0
"7241",239,186,0,0,0,0.77245414,0.52821787,0.67994267,0.64201928,0.00416434
"7242",240,186,0,0,0,0.77245414,0.52821787,0.67994267,0.64201928,0
"7243",241,186,0,0,0,0.77245414,0.52821787,0.67994267,0.64201928,0
"7244",242,186,0,0,0,0.77245414,0.52821787,0.67994267,0.64201928,0
"7245",243,186,0,0,0,0.72156881,0.49342157,0.63515152,0.59972633,0
"7246",244,186,0,0,0,0.49133999,0.33598702,0.43249561,0.40837343,0
"7247",209,187,0,0.21785019,0,0.76748576,0.5248204,0.67556932,0.63788985,0.05962494
"7248",210,187,0,0.22016237,0,0.76748576,0.5248204,0.67556932,0.63788985,0.02402908
"7249",211,187,0,0.21312645,0,0.76748576,0.5248204,0.67556932,0.63788985,0.04516791
"7250",212,187,0,0.20690062,0,0.76748576,0.5248204,0.67556932,0.63788985,0.01146284
"7251",213,187,0,0.20490485,0,0.76748576,0.5248204,0.67556932,0.63788985,0
"7252",214,187,0,0,0,0.76748576,0.5248204,0.67556932,0.63788985,0
"7253",215,187,0,0,0,0.76748576,0.5248204,0.67556932,0.63788985,0
"7254",216,187,0,0,0,0.76748576,0.5248204,0.67556932,0.63788985,0
"7255",217,187,0,0,0,0.76748576,0.5248204,0.67556932,0.63788985,0
"7256",218,187,0,0,0,0.76748576,0.5248204,0.67556932,0.63788985,0
"7257",219,187,0,0,0,0.76748576,0.5248204,0.67556932,0.63788985,0
"7258",220,187,0,0,0,0.76748576,0.5248204,0.67556932,0.63788985,0
"7259",221,187,0,0,0,0.76748576,0.5248204,0.67556932,0.63788985,0
"7260",222,187,0,0,0,0.76748576,0.5248204,0.67556932,0.63788985,0.00817094
"7261",223,187,0,0,0,0.76748576,0.5248204,0.67556932,0.63788985,0.01810292
"7262",224,187,0,0,0,0.76748576,0.5248204,0.67556932,0.63788985,0
"7263",225,187,0,0,0,0.76748576,0.5248204,0.67556932,0.63788985,0
"7264",226,187,0,0,0,0.76748576,0.5248204,0.67556932,0.63788985,0
"7265",227,187,0,0,0,0.76748576,0.5248204,0.67556932,0.63788985,0
"7266",228,187,0,0,0,0.76748576,0.5248204,0.67556932,0.63788985,0
"7267",229,187,0,0,0,0.76748576,0.5248204,0.67556932,0.63788985,0
"7268",230,187,0,0,0,0.76748576,0.5248204,0.67556932,0.63788985,0
"7269",231,187,0,0,0,0.76748576,0.5248204,0.67556932,0.63788985,0
"7270",232,187,0,0,0,0.76748576,0.5248204,0.67556932,0.63788985,0
"7271",233,187,0,0,0,0.76748576,0.5248204,0.67556932,0.63788985,0.00399664
"7272",234,187,0,0,0,0.76748576,0.5248204,0.67556932,0.63788985,0.00234877
"7273",235,187,0,0,0,0.76748576,0.5248204,0.67556932,0.63788985,0
"7274",236,187,0,0,0,0.76748576,0.5248204,0.67556932,0.63788985,0
"7275",237,187,0,0,0,0.76748576,0.5248204,0.67556932,0.63788985,0
"7276",238,187,0,0,0,0.76748576,0.5248204,0.67556932,0.63788985,0.02946159
"7277",239,187,0,0,0,0.76748576,0.5248204,0.67556932,0.63788985,0.04282439
"7278",240,187,0,0,0,0.76748576,0.5248204,0.67556932,0.63788985,0
"7279",241,187,0,0,0,0.76748576,0.5248204,0.67556932,0.63788985,0
"7280",242,187,0,0,0,0.76748576,0.5248204,0.67556932,0.63788985,0
"7281",243,187,0,0,0,0.76496731,0.52309824,0.67335248,0.63579665,0
"7282",244,187,0,0,0,0.2370145,0.16207473,0.20862892,0.19699277,0
"7283",208,188,0,0.21409589,0,0.76250977,0.52141773,0.67118927,0.63375409,0.0147911
"7284",209,188,0,0,0,0.76250977,0.52141773,0.67118927,0.63375409,0
"7285",210,188,0,0,0,0.76250977,0.52141773,0.67118927,0.63375409,0.01147914
"7286",211,188,0,0,0,0.76250977,0.52141773,0.67118927,0.63375409,0
"7287",212,188,0,0,0,0.76250977,0.52141773,0.67118927,0.63375409,0.02917367
"7288",213,188,0,0,0,0.76250977,0.52141773,0.67118927,0.63375409,0.00781084
"7289",214,188,0,0,0,0.76250977,0.52141773,0.67118927,0.63375409,0
"7290",215,188,0,0,0,0.76250977,0.52141773,0.67118927,0.63375409,0
"7291",216,188,0,0,0,0.76250977,0.52141773,0.67118927,0.63375409,0
"7292",217,188,0,0,0,0.76250977,0.52141773,0.67118927,0.63375409,0
"7293",218,188,0,0,0,0.76250977,0.52141773,0.67118927,0.63375409,0
"7294",219,188,0,0,0,0.76250977,0.52141773,0.67118927,0.63375409,0
"7295",220,188,0,0,0,0.76250977,0.52141773,0.67118927,0.63375409,0
"7296",221,188,0,0,0,0.76250977,0.52141773,0.67118927,0.63375409,0
"7297",222,188,0,0,0,0.76250977,0.52141773,0.67118927,0.63375409,0
"7298",223,188,0,0,0,0.76250977,0.52141773,0.67118927,0.63375409,0
"7299",224,188,0,0,0,0.76250977,0.52141773,0.67118927,0.63375409,0
"7300",225,188,0,0,0,0.76250977,0.52141773,0.67118927,0.63375409,0
"7301",226,188,0,0,0,0.76250977,0.52141773,0.67118927,0.63375409,0
"7302",227,188,0,0,0,0.76250977,0.52141773,0.67118927,0.63375409,0
"7303",228,188,0,0,0,0.76250977,0.52141773,0.67118927,0.63375409,0
"7304",229,188,0,0,0,0.76250977,0.52141773,0.67118927,0.63375409,0
"7305",230,188,0,0,0,0.76250977,0.52141773,0.67118927,0.63375409,0
"7306",231,188,0,0,0,0.76250977,0.52141773,0.67118927,0.63375409,0
"7307",232,188,0,0,0,0.76250977,0.52141773,0.67118927,0.63375409,0.01515767
"7308",233,188,0,0,0,0.76250977,0.52141773,0.67118927,0.63375409,0.00394817
"7309",234,188,0,0,0,0.76250977,0.52141773,0.67118927,0.63375409,0.00586702
"7310",235,188,0,0,0,0.76250977,0.52141773,0.67118927,0.63375409,0
"7311",236,188,0,0,0,0.76250977,0.52141773,0.67118927,0.63375409,0.00918318
"7312",237,188,0,0,0,0.76250977,0.52141773,0.67118927,0.63375409,0
"7313",238,188,0,0,0,0.76250977,0.52141773,0.67118927,0.63375409,0.01767656
"7314",239,188,0,0,0,0.76250977,0.52141773,0.67118927,0.63375409,0.01726407
"7315",240,188,0,0,0,0.76250977,0.52141773,0.67118927,0.63375409,0
"7316",241,188,0,0,0,0.76250977,0.52141773,0.67118927,0.63375409,0
"7317",242,188,0,0,0,0.76250977,0.52141773,0.67118927,0.63375409,0
"7318",243,188,0,0,0,0.51671875,0.35334146,0.45483493,0.42946679,0
"7319",244,188,0,0,0,9.41e-05,6.435e-05,8.283e-05,7.821e-05,0
"7320",206,189,0,0,0,0.75752725,0.5180106,0.66680347,0.62961291,0.02433687
"7321",207,189,0,0,0,0.75752725,0.5180106,0.66680347,0.62961291,0
"7322",208,189,0,0,0,0.75752725,0.5180106,0.66680347,0.62961291,0
"7323",209,189,0,0,0,0.75752725,0.5180106,0.66680347,0.62961291,0
"7324",210,189,0,0,0,0.75752725,0.5180106,0.66680347,0.62961291,0
"7325",211,189,0,0,0,0.75752725,0.5180106,0.66680347,0.62961291,0
"7326",212,189,0,0,0,0.75752725,0.5180106,0.66680347,0.62961291,0
"7327",213,189,0,0,0,0.75752725,0.5180106,0.66680347,0.62961291,0
"7328",214,189,0,0,0,0.75752725,0.5180106,0.66680347,0.62961291,0
"7329",215,189,0,0,0,0.75752725,0.5180106,0.66680347,0.62961291,0.00730262
"7330",216,189,0,0,0,0.75752725,0.5180106,0.66680347,0.62961291,0
"7331",217,189,0,0,0,0.75752725,0.5180106,0.66680347,0.62961291,0
"7332",218,189,0,0,0,0.75752725,0.5180106,0.66680347,0.62961291,0
"7333",219,189,0,0,0,0.75752725,0.5180106,0.66680347,0.62961291,0.00940146
"7334",220,189,0,0,0,0.75752725,0.5180106,0.66680347,0.62961291,0
"7335",221,189,0,0,0,0.75752725,0.5180106,0.66680347,0.62961291,0
"7336",222,189,0,0,0,0.75752725,0.5180106,0.66680347,0.62961291,0
"7337",223,189,0,0,0,0.75752725,0.5180106,0.66680347,0.62961291,0
"7338",224,189,0,0,0,0.75752725,0.5180106,0.66680347,0.62961291,0
"7339",225,189,0,0,0,0.75752725,0.5180106,0.66680347,0.62961291,0
"7340",226,189,0,0,0,0.75752725,0.5180106,0.66680347,0.62961291,0.00731805
"7341",227,189,0,0,0,0.75752725,0.5180106,0.66680347,0.62961291,0
"7342",228,189,0,0,0,0.75752725,0.5180106,0.66680347,0.62961291,0
"7343",229,189,0,0,0,0.75752725,0.5180106,0.66680347,0.62961291,0
"7344",230,189,0,0,0,0.75752725,0.5180106,0.66680347,0.62961291,0
"7345",231,189,0,0,0,0.75752725,0.5180106,0.66680347,0.62961291,0
"7346",232,189,0,0,0,0.75752725,0.5180106,0.66680347,0.62961291,0
"7347",233,189,0,0,0,0.75752725,0.5180106,0.66680347,0.62961291,0
"7348",234,189,0,0,0,0.75752725,0.5180106,0.66680347,0.62961291,0
"7349",235,189,0,0,0,0.75752725,0.5180106,0.66680347,0.62961291,0
"7350",236,189,0,0,0,0.75752725,0.5180106,0.66680347,0.62961291,0
"7351",237,189,0,0,0,0.75752725,0.5180106,0.66680347,0.62961291,0.00229523
"7352",238,189,0,0,0,0.75752725,0.5180106,0.66680347,0.62961291,0.01799352
"7353",239,189,0,0,0,0.75752725,0.5180106,0.66680347,0.62961291,0
"7354",240,189,0,0,0,0.75752725,0.5180106,0.66680347,0.62961291,0
"7355",241,189,0,0,0,0.75373216,0.51541545,0.66346289,0.62645865,0
"7356",242,189,0,0,0,0.35621746,0.24358783,0.31355576,0.29606738,0
"7357",243,189,0,0,0,0.00854045,0.00584011,0.00751762,0.00709833,0
"7358",206,190,0,0,0,0.75253766,0.51459863,0.66241145,0.62546585,0.02469391
"7359",207,190,0,0,0,0.75253766,0.51459863,0.66241145,0.62546585,0.0104971
"7360",208,190,0,0,0,0.75253766,0.51459863,0.66241145,0.62546585,0
"7361",209,190,0,0,0,0.75253766,0.51459863,0.66241145,0.62546585,0
"7362",210,190,0,0,0,0.75253766,0.51459863,0.66241145,0.62546585,0
"7363",211,190,0,0,0,0.75253766,0.51459863,0.66241145,0.62546585,0
"7364",212,190,0,0,0,0.75253766,0.51459863,0.66241145,0.62546585,0
"7365",213,190,0,0,0,0.75253766,0.51459863,0.66241145,0.62546585,0
"7366",214,190,0,0,0,0.75253766,0.51459863,0.66241145,0.62546585,0
"7367",215,190,0,0,0,0.75253766,0.51459863,0.66241145,0.62546585,0
"7368",216,190,0,0,0,0.75253766,0.51459863,0.66241145,0.62546585,0.02684621
"7369",217,190,0,0,0,0.75253766,0.51459863,0.66241145,0.62546585,0.03650724
"7370",218,190,0,0,0,0.75253766,0.51459863,0.66241145,0.62546585,0.04270793
"7371",219,190,0,0,0,0.75253766,0.51459863,0.66241145,0.62546585,0.00319523
"7372",220,190,0,0,0,0.75253766,0.51459863,0.66241145,0.62546585,0.00799892
"7373",221,190,0,0,0,0.75253766,0.51459863,0.66241145,0.62546585,0
"7374",222,190,0,0,0,0.75253766,0.51459863,0.66241145,0.62546585,0
"7375",223,190,0,0,0,0.75253766,0.51459863,0.66241145,0.62546585,0
"7376",224,190,0,0,0,0.75253766,0.51459863,0.66241145,0.62546585,0
"7377",225,190,0,0,0,0.75253766,0.51459863,0.66241145,0.62546585,0
"7378",226,190,0,0,0,0.75253766,0.51459863,0.66241145,0.62546585,0.00500815
"7379",227,190,0,0,0,0.75253766,0.51459863,0.66241145,0.62546585,0.00257335
"7380",228,190,0,0,0,0.75253766,0.51459863,0.66241145,0.62546585,0
"7381",229,190,0,0,0,0.75253766,0.51459863,0.66241145,0.62546585,0
"7382",230,190,0,0,0,0.75253766,0.51459863,0.66241145,0.62546585,0
"7383",231,190,0,0,0,0.75253766,0.51459863,0.66241145,0.62546585,0
"7384",232,190,0,0,0,0.75253766,0.51459863,0.66241145,0.62546585,0
"7385",233,190,0,0,0,0.75253766,0.51459863,0.66241145,0.62546585,0
"7386",234,190,0,0,0,0.75253766,0.51459863,0.66241145,0.62546585,0
"7387",235,190,0,0,0,0.75253766,0.51459863,0.66241145,0.62546585,0
"7388",236,190,0,0,0,0.75253766,0.51459863,0.66241145,0.62546585,0
"7389",237,190,0,0,0,0.75253766,0.51459863,0.66241145,0.62546585,0
"7390",238,190,0,0,0,0.75253766,0.51459863,0.66241145,0.62546585,0
"7391",239,190,0,0,0,0.75253766,0.51459863,0.66241145,0.62546585,0
"7392",240,190,0,0,0,0.75253766,0.51459863,0.66241145,0.62546585,0
"7393",241,190,0,0,0,0.3978291,0.27204261,0.35018387,0.33065258,0
"7394",207,191,0,0,0,0.74754154,0.51118219,0.65801368,0.62131337,0.02202712
"7395",208,191,0,0,0,0.74754154,0.51118219,0.65801368,0.62131337,0
"7396",209,191,0,0,0,0.74754154,0.51118219,0.65801368,0.62131337,0
"7397",210,191,0,0,0,0.74754154,0.51118219,0.65801368,0.62131337,0
"7398",211,191,0,0,0,0.74754154,0.51118219,0.65801368,0.62131337,0
"7399",212,191,0,0,0,0.74754154,0.51118219,0.65801368,0.62131337,0
"7400",213,191,0,0,0,0.74754154,0.51118219,0.65801368,0.62131337,0
"7401",214,191,0,0,0,0.74754154,0.51118219,0.65801368,0.62131337,0
"7402",215,191,0,0,0,0.74754154,0.51118219,0.65801368,0.62131337,0.0040865
"7403",216,191,0,0,0,0.74754154,0.51118219,0.65801368,0.62131337,0.00854142
"7404",217,191,0,0,0,0.74754154,0.51118219,0.65801368,0.62131337,0.0394603
"7405",218,191,0,0,0,0.74754154,0.51118219,0.65801368,0.62131337,0.10131398
"7406",219,191,0,0,0,0.74754154,0.51118219,0.65801368,0.62131337,0.03520367
"7407",220,191,0,0,0,0.74754154,0.51118219,0.65801368,0.62131337,0
"7408",221,191,0,0,0,0.74754154,0.51118219,0.65801368,0.62131337,0.00395788
"7409",222,191,0,0,0,0.74754154,0.51118219,0.65801368,0.62131337,0
"7410",223,191,0,0,0,0.74754154,0.51118219,0.65801368,0.62131337,0
"7411",224,191,0,0,0,0.74754154,0.51118219,0.65801368,0.62131337,0.00411171
"7412",225,191,0,0,0,0.74754154,0.51118219,0.65801368,0.62131337,0.00650847
"7413",226,191,0,0,0,0.74754154,0.51118219,0.65801368,0.62131337,0
"7414",227,191,0,0,0,0.74754154,0.51118219,0.65801368,0.62131337,0
"7415",228,191,0,0,0,0.74754154,0.51118219,0.65801368,0.62131337,0.00446434
"7416",229,191,0,0,0,0.74754154,0.51118219,0.65801368,0.62131337,0.00802632
"7417",230,191,0,0,0,0.74754154,0.51118219,0.65801368,0.62131337,0
"7418",231,191,0,0,0,0.74754154,0.51118219,0.65801368,0.62131337,0.01224631
"7419",232,191,0,0,0,0.74754154,0.51118219,0.65801368,0.62131337,0.00905842
"7420",233,191,0,0,0,0.74754154,0.51118219,0.65801368,0.62131337,0
"7421",234,191,0,0,0,0.74754154,0.51118219,0.65801368,0.62131337,0
"7422",235,191,0,0,0,0.74754154,0.51118219,0.65801368,0.62131337,0
"7423",236,191,0,0,0,0.74754154,0.51118219,0.65801368,0.62131337,0.00514997
"7424",237,191,0,0,0,0.74754154,0.51118219,0.65801368,0.62131337,0
"7425",238,191,0,0,0,0.74754154,0.51118219,0.65801368,0.62131337,0
"7426",239,191,0,0,0,0.74443563,0.50905831,0.65527974,0.61873191,0
"7427",240,191,0,0,0,0.37393423,0.25570287,0.32915072,0.31079254,0
"7428",241,191,0,0,0,0.00366998,0.0025096,0.00323046,0.00305028,0
"7429",208,192,0,0,0,0.7425389,0.5077613,0.65361017,0.61715546,0.00048509
"7430",209,192,0,0,0,0.7425389,0.5077613,0.65361017,0.61715546,0
"7431",210,192,0,0,0,0.7425389,0.5077613,0.65361017,0.61715546,0.0051034
"7432",211,192,0,0,0,0.7425389,0.5077613,0.65361017,0.61715546,0
"7433",212,192,0,0,0,0.7425389,0.5077613,0.65361017,0.61715546,0
"7434",213,192,0,0,0,0.7425389,0.5077613,0.65361017,0.61715546,0
"7435",214,192,0,0,0,0.7425389,0.5077613,0.65361017,0.61715546,0
"7436",215,192,0,0,0,0.7425389,0.5077613,0.65361017,0.61715546,0
"7437",216,192,0,0,0,0.7425389,0.5077613,0.65361017,0.61715546,0.00599356
"7438",217,192,0,0,0,0.7425389,0.5077613,0.65361017,0.61715546,0
"7439",218,192,0,0,0,0.7425389,0.5077613,0.65361017,0.61715546,0
"7440",219,192,0,0,0,0.7425389,0.5077613,0.65361017,0.61715546,0
"7441",220,192,0,0,0,0.7425389,0.5077613,0.65361017,0.61715546,0
"7442",221,192,0,0,0,0.7425389,0.5077613,0.65361017,0.61715546,0
"7443",222,192,0,0,0,0.7425389,0.5077613,0.65361017,0.61715546,0
"7444",223,192,0,0,0,0.7425389,0.5077613,0.65361017,0.61715546,0
"7445",224,192,0,0,0,0.7425389,0.5077613,0.65361017,0.61715546,0
"7446",225,192,0,0,0,0.7425389,0.5077613,0.65361017,0.61715546,0
"7447",226,192,0,0,0,0.7425389,0.5077613,0.65361017,0.61715546,0.00466266
"7448",227,192,0,0,0,0.7425389,0.5077613,0.65361017,0.61715546,0.01017795
"7449",228,192,0,0,0,0.7425389,0.5077613,0.65361017,0.61715546,0.06157587
"7450",229,192,0,0,0,0.7425389,0.5077613,0.65361017,0.61715546,0.01254784
"7451",230,192,0,0,0,0.7425389,0.5077613,0.65361017,0.61715546,0
"7452",231,192,0,0,0,0.7425389,0.5077613,0.65361017,0.61715546,0
"7453",232,192,0,0,0,0.7425389,0.5077613,0.65361017,0.61715546,0.00843127
"7454",233,192,0,0,0,0.7425389,0.5077613,0.65361017,0.61715546,0
"7455",234,192,0,0,0,0.7425389,0.5077613,0.65361017,0.61715546,0.00597674
"7456",235,192,0,0,0,0.7425389,0.5077613,0.65361017,0.61715546,0.01791282
"7457",236,192,0,0,0,0.7425389,0.5077613,0.65361017,0.61715546,0.00533467
"7458",237,192,0,0,0,0.7425389,0.5077613,0.65361017,0.61715546,0
"7459",238,192,0,0,0,0.65507339,0.44795083,0.5766198,0.54445918,0
"7460",239,192,0,0,0,0.20775635,0.14206748,0.18287481,0.17267508,0
"7461",207,193,0,0,0,0.73752918,0.50433556,0.64920043,0.61299167,0
"7462",208,193,0,0,0,0.73752918,0.50433556,0.64920043,0.61299167,0.01078759
"7463",209,193,0,0,0,0.73752918,0.50433556,0.64920043,0.61299167,0
"7464",210,193,0,0,0,0.73752918,0.50433556,0.64920043,0.61299167,0
"7465",211,193,0,0,0,0.73752918,0.50433556,0.64920043,0.61299167,0
"7466",212,193,0,0,0,0.73752918,0.50433556,0.64920043,0.61299167,0
"7467",213,193,0,0,0,0.73752918,0.50433556,0.64920043,0.61299167,0
"7468",214,193,0,0,0,0.73752918,0.50433556,0.64920043,0.61299167,0
"7469",215,193,0,0,0,0.73752918,0.50433556,0.64920043,0.61299167,0
"7470",216,193,0,0,0,0.73752918,0.50433556,0.64920043,0.61299167,0
"7471",217,193,0,0,0,0.73752918,0.50433556,0.64920043,0.61299167,0
"7472",218,193,0,0,0,0.73752918,0.50433556,0.64920043,0.61299167,0
"7473",219,193,0,0,0,0.73752918,0.50433556,0.64920043,0.61299167,0
"7474",220,193,0,0,0,0.73752918,0.50433556,0.64920043,0.61299167,0
"7475",221,193,0,0,0,0.73752918,0.50433556,0.64920043,0.61299167,0
"7476",222,193,0,0,0,0.73752918,0.50433556,0.64920043,0.61299167,0
"7477",223,193,0,0,0,0.73752918,0.50433556,0.64920043,0.61299167,0
"7478",224,193,0,0,0,0.73752918,0.50433556,0.64920043,0.61299167,0
"7479",225,193,0,0,0,0.73752918,0.50433556,0.64920043,0.61299167,0
"7480",226,193,0,0,0,0.73752918,0.50433556,0.64920043,0.61299167,0
"7481",227,193,0,0,0,0.73752918,0.50433556,0.64920043,0.61299167,0.00385623
"7482",228,193,0,0,0,0.73752918,0.50433556,0.64920043,0.61299167,0.01136751
"7483",229,193,0,0,0,0.73752918,0.50433556,0.64920043,0.61299167,0.00393128
"7484",230,193,0,0,0,0.73752918,0.50433556,0.64920043,0.61299167,0
"7485",231,193,0,0,0,0.73752918,0.50433556,0.64920043,0.61299167,0
"7486",232,193,0,0,0,0.73752918,0.50433556,0.64920043,0.61299167,0
"7487",233,193,0,0,0,0.73752918,0.50433556,0.64920043,0.61299167,0
"7488",234,193,0,0,0,0.73752918,0.50433556,0.64920043,0.61299167,0.00207274
"7489",235,193,0,0,0,0.73752918,0.50433556,0.64920043,0.61299167,0.00249388
"7490",236,193,0,0,0,0.73752918,0.50433556,0.64920043,0.61299167,0.00309374
"7491",237,193,0,0,0,0.73752918,0.50433556,0.64920043,0.61299167,0
"7492",238,193,0,0,0,0.22483562,0.15374659,0.19790862,0.18687038,0
"7493",206,194,0,0,0,0.73251294,0.50090537,0.64478495,0.60882246,0
"7494",207,194,0,0,0,0.73251294,0.50090537,0.64478495,0.60882246,0.00768602
"7495",208,194,0,0,0,0.73251294,0.50090537,0.64478495,0.60882246,0
"7496",209,194,0,0,0,0.73251294,0.50090537,0.64478495,0.60882246,0
"7497",210,194,0,0,0,0.73251294,0.50090537,0.64478495,0.60882246,0
"7498",211,194,0,0,0,0.73251294,0.50090537,0.64478495,0.60882246,0
"7499",212,194,0,0,0,0.73251294,0.50090537,0.64478495,0.60882246,0
"7500",213,194,0,0,0,0.73251294,0.50090537,0.64478495,0.60882246,0.00400057
"7501",214,194,0,0,0,0.73251294,0.50090537,0.64478495,0.60882246,0
"7502",215,194,0,0,0,0.73251294,0.50090537,0.64478495,0.60882246,0
"7503",216,194,0,0,0,0.73251294,0.50090537,0.64478495,0.60882246,0
"7504",217,194,0,0,0,0.73251294,0.50090537,0.64478495,0.60882246,0
"7505",218,194,0,0,0,0.73251294,0.50090537,0.64478495,0.60882246,0.00371248
"7506",219,194,0,0,0,0.73251294,0.50090537,0.64478495,0.60882246,0
"7507",220,194,0,0,0,0.73251294,0.50090537,0.64478495,0.60882246,0
"7508",221,194,0,0,0,0.73251294,0.50090537,0.64478495,0.60882246,0
"7509",222,194,0,0,0,0.73251294,0.50090537,0.64478495,0.60882246,0
"7510",223,194,0,0,0,0.73251294,0.50090537,0.64478495,0.60882246,0
"7511",224,194,0,0,0,0.73251294,0.50090537,0.64478495,0.60882246,0
"7512",225,194,0,0,0,0.73251294,0.50090537,0.64478495,0.60882246,0.00994392
"7513",226,194,0,0,0,0.73251294,0.50090537,0.64478495,0.60882246,0
"7514",227,194,0,0,0,0.73251294,0.50090537,0.64478495,0.60882246,0.01848594
"7515",228,194,0,0,0,0.73251294,0.50090537,0.64478495,0.60882246,0.00356089
"7516",229,194,0,0,0,0.73251294,0.50090537,0.64478495,0.60882246,0.00481485
"7517",230,194,0,0,0,0.73251294,0.50090537,0.64478495,0.60882246,0
"7518",231,194,0,0,0,0.73251294,0.50090537,0.64478495,0.60882246,0
"7519",232,194,0,0,0,0.73251294,0.50090537,0.64478495,0.60882246,0
"7520",233,194,0,0,0,0.73251294,0.50090537,0.64478495,0.60882246,0
"7521",234,194,0,0,0,0.73251294,0.50090537,0.64478495,0.60882246,0
"7522",235,194,0,0,0,0.73251294,0.50090537,0.64478495,0.60882246,0
"7523",236,194,0,0,0,0.73251294,0.50090537,0.64478495,0.60882246,0
"7524",237,194,0,0,0,0.73251294,0.50090537,0.64478495,0.60882246,0
"7525",238,194,0,0,0,0.66868666,0.45725982,0.5886027,0.55577374,0
"7526",239,194,0,0,0,0.25699625,0.1757386,0.22621759,0.21360045,0
"7527",206,195,0,0,0,0.72749017,0.49747071,0.64036372,0.60464782,0.0136442
"7528",207,195,0,0,0,0.72749017,0.49747071,0.64036372,0.60464782,0
"7529",208,195,0,0,0,0.72749017,0.49747071,0.64036372,0.60464782,0
"7530",209,195,0,0,0,0.72749017,0.49747071,0.64036372,0.60464782,0
"7531",210,195,0,0,0,0.72749017,0.49747071,0.64036372,0.60464782,0
"7532",211,195,0,0,0,0.72749017,0.49747071,0.64036372,0.60464782,0
"7533",212,195,0,0,0,0.72749017,0.49747071,0.64036372,0.60464782,0
"7534",213,195,0,0,0,0.72749017,0.49747071,0.64036372,0.60464782,0
"7535",214,195,0,0,0,0.72749017,0.49747071,0.64036372,0.60464782,0
"7536",215,195,0,0,0,0.72749017,0.49747071,0.64036372,0.60464782,0.00371251
"7537",216,195,0,0,0,0.72749017,0.49747071,0.64036372,0.60464782,0
"7538",217,195,0,0,0,0.72749017,0.49747071,0.64036372,0.60464782,0.004689
"7539",218,195,0,0,0,0.72749017,0.49747071,0.64036372,0.60464782,0
"7540",219,195,0,0,0,0.72749017,0.49747071,0.64036372,0.60464782,0.00723774
"7541",220,195,0,0,0,0.72749017,0.49747071,0.64036372,0.60464782,0
"7542",221,195,0,0,0,0.72749017,0.49747071,0.64036372,0.60464782,0
"7543",222,195,0,0,0,0.72749017,0.49747071,0.64036372,0.60464782,0
"7544",223,195,0,0,0,0.72749017,0.49747071,0.64036372,0.60464782,0.00649721
"7545",224,195,0,0,0,0.72749017,0.49747071,0.64036372,0.60464782,0
"7546",225,195,0,0,0,0.72749017,0.49747071,0.64036372,0.60464782,0
"7547",226,195,0,0,0,0.72749017,0.49747071,0.64036372,0.60464782,0
"7548",227,195,0,0,0,0.72749017,0.49747071,0.64036372,0.60464782,0
"7549",228,195,0,0,0,0.72749017,0.49747071,0.64036372,0.60464782,0.00522107
"7550",229,195,0,0,0,0.72749017,0.49747071,0.64036372,0.60464782,0
"7551",230,195,0,0,0,0.72749017,0.49747071,0.64036372,0.60464782,0
"7552",231,195,0,0,0,0.72749017,0.49747071,0.64036372,0.60464782,0
"7553",232,195,0,0,0,0.72749017,0.49747071,0.64036372,0.60464782,0.01301459
"7554",233,195,0,0,0,0.72749017,0.49747071,0.64036372,0.60464782,0.00321706
"7555",234,195,0,0,0,0.72749017,0.49747071,0.64036372,0.60464782,0
"7556",235,195,0,0,0,0.72749017,0.49747071,0.64036372,0.60464782,0
"7557",236,195,0,0,0,0.72749017,0.49747071,0.64036372,0.60464782,0
"7558",237,195,0,0,0,0.72749017,0.49747071,0.64036372,0.60464782,0
"7559",238,195,0,0,0,0.72749017,0.49747071,0.64036372,0.60464782,0
"7560",239,195,0,0,0,0.72738628,0.49739966,0.64027227,0.60456147,0
"7561",240,195,0,0,0,0.51484432,0.35205969,0.45318499,0.42790887,0
"7562",241,195,0,0,0,0.06109514,0.04177795,0.0537782,0.05077876,0
"7563",206,196,0,0,0,0.72796083,0.49397221,0.63777774,0.60023333,0.0076434
"7564",207,196,0,0,0,0.72246087,0.49403158,0.63593675,0.60046776,0.00961436
"7565",208,196,0,0,0,0.72246087,0.49403158,0.63593675,0.60046776,0
"7566",209,196,0,0,0,0.72246087,0.49403158,0.63593675,0.60046776,0
"7567",210,196,0,0,0,0.72246087,0.49403158,0.63593675,0.60046776,0.00303753
"7568",211,196,0,0,0,0.72246087,0.49403158,0.63593675,0.60046776,0.00410458
"7569",212,196,0,0,0,0.72246087,0.49403158,0.63593675,0.60046776,0
"7570",213,196,0,0,0,0.72246087,0.49403158,0.63593675,0.60046776,0.01225376
"7571",214,196,0,0,0,0.72246087,0.49403158,0.63593675,0.60046776,0
"7572",215,196,0,0,0,0.72246087,0.49403158,0.63593675,0.60046776,0
"7573",216,196,0,0,0,0.72246087,0.49403158,0.63593675,0.60046776,0
"7574",217,196,0,0,0,0.72246087,0.49403158,0.63593675,0.60046776,0
"7575",218,196,0,0,0,0.72246087,0.49403158,0.63593675,0.60046776,0
"7576",219,196,0,0,0,0.72246087,0.49403158,0.63593675,0.60046776,0
"7577",220,196,0,0,0,0.72246087,0.49403158,0.63593675,0.60046776,0.00596907
"7578",221,196,0,0,0,0.72246087,0.49403158,0.63593675,0.60046776,0
"7579",222,196,0,0,0,0.72246087,0.49403158,0.63593675,0.60046776,0
"7580",223,196,0,0,0,0.72246087,0.49403158,0.63593675,0.60046776,0.05381133
"7581",224,196,0,0,0,0.72246087,0.49403158,0.63593675,0.60046776,0
"7582",225,196,0,0,0,0.72246087,0.49403158,0.63593675,0.60046776,0
"7583",226,196,0,0,0,0.72246087,0.49403158,0.63593675,0.60046776,0
"7584",227,196,0,0,0,0.72246087,0.49403158,0.63593675,0.60046776,0
"7585",228,196,0,0,0,0.72246087,0.49403158,0.63593675,0.60046776,0
"7586",229,196,0,0,0,0.72246087,0.49403158,0.63593675,0.60046776,0
"7587",230,196,0,0,0,0.72246087,0.49403158,0.63593675,0.60046776,0
"7588",231,196,0,0,0,0.72246087,0.49403158,0.63593675,0.60046776,0
"7589",232,196,0,0,0,0.72246087,0.49403158,0.63593675,0.60046776,0
"7590",233,196,0,0,0,0.72246087,0.49403158,0.63593675,0.60046776,0
"7591",234,196,0,0,0,0.72246087,0.49403158,0.63593675,0.60046776,0.00899712
"7592",235,196,0,0,0,0.72246087,0.49403158,0.63593675,0.60046776,0
"7593",236,196,0,0,0,0.72246087,0.49403158,0.63593675,0.60046776,0
"7594",237,196,0,0,0,0.72246087,0.49403158,0.63593675,0.60046776,0
"7595",238,196,0,0,0,0.72246087,0.49403158,0.63593675,0.60046776,0
"7596",239,196,0,0,0,0.72246087,0.49403158,0.63593675,0.60046776,0
"7597",240,196,0,0,0,0.72246087,0.49403158,0.63593675,0.60046776,0
"7598",241,196,0,0,0,0.70059762,0.4790811,0.61669191,0.58229629,0
"7599",242,196,0,0,0,0.34663807,0.23703728,0.30512364,0.28810555,0
"7600",243,196,0,0,0,0.01571016,0.01074289,0.01382867,0.01305738,0
"7601",205,197,0,0,0,0.7174245,0.49058762,0.63150355,0.59628182,0
"7602",206,197,0,0,0,0.7174245,0.49058762,0.63150355,0.59628182,0
"7603",207,197,0,0,0,0.7174245,0.49058762,0.63150355,0.59628182,0.01308661
"7604",208,197,0,0,0,0.7174245,0.49058762,0.63150355,0.59628182,0.01887571
"7605",209,197,0,0,0,0.7174245,0.49058762,0.63150355,0.59628182,0.01361535
"7606",210,197,0,0,0,0.7174245,0.49058762,0.63150355,0.59628182,0
"7607",211,197,0,0,0,0.7174245,0.49058762,0.63150355,0.59628182,0.00092044
"7608",212,197,0,0,0,0.7174245,0.49058762,0.63150355,0.59628182,0.00628791
"7609",213,197,0,0,0,0.7174245,0.49058762,0.63150355,0.59628182,0.02084487
"7610",214,197,0,0,0,0.7174245,0.49058762,0.63150355,0.59628182,0
"7611",215,197,0,0,0,0.7174245,0.49058762,0.63150355,0.59628182,0
"7612",216,197,0,0,0,0.7174245,0.49058762,0.63150355,0.59628182,0
"7613",217,197,0,0,0,0.7174245,0.49058762,0.63150355,0.59628182,0.00528497
"7614",218,197,0,0,0,0.7174245,0.49058762,0.63150355,0.59628182,0
"7615",219,197,0,0,0,0.7174245,0.49058762,0.63150355,0.59628182,0
"7616",220,197,0,0,0,0.7174245,0.49058762,0.63150355,0.59628182,0.00618506
"7617",221,197,0,0,0,0.7174245,0.49058762,0.63150355,0.59628182,0
"7618",222,197,0,0,0,0.7174245,0.49058762,0.63150355,0.59628182,0.01885904
"7619",223,197,0,0,0,0.7174245,0.49058762,0.63150355,0.59628182,0.00802192
"7620",224,197,0,0,0,0.7174245,0.49058762,0.63150355,0.59628182,0.00409705
"7621",225,197,0,0,0,0.7174245,0.49058762,0.63150355,0.59628182,0
"7622",226,197,0,0,0,0.7174245,0.49058762,0.63150355,0.59628182,0
"7623",227,197,0,0,0,0.7174245,0.49058762,0.63150355,0.59628182,0
"7624",228,197,0,0,0,0.7174245,0.49058762,0.63150355,0.59628182,0
"7625",229,197,0,0,0,0.7174245,0.49058762,0.63150355,0.59628182,0
"7626",230,197,0,0,0,0.7174245,0.49058762,0.63150355,0.59628182,0
"7627",231,197,0,0,0,0.7174245,0.49058762,0.63150355,0.59628182,0
"7628",232,197,0,0,0,0.7174245,0.49058762,0.63150355,0.59628182,0
"7629",233,197,0,0,0,0.7174245,0.49058762,0.63150355,0.59628182,0
"7630",234,197,0,0,0,0.7174245,0.49058762,0.63150355,0.59628182,0
"7631",235,197,0,0,0,0.7174245,0.49058762,0.63150355,0.59628182,0
"7632",236,197,0,0,0,0.7174245,0.49058762,0.63150355,0.59628182,0
"7633",237,197,0,0,0,0.7174245,0.49058762,0.63150355,0.59628182,0
"7634",238,197,0,0,0,0.7174245,0.49058762,0.63150355,0.59628182,0
"7635",239,197,0,0,0,0.7174245,0.49058762,0.63150355,0.59628182,0
"7636",240,197,0,0,0,0.7174245,0.49058762,0.63150355,0.59628182,0
"7637",241,197,0,0,0,0.7174245,0.49058762,0.63150355,0.59628182,0
"7638",242,197,0,0,0,0.7174245,0.49058762,0.63150355,0.59628182,0
"7639",243,197,0,0,0,0.55286975,0.37806216,0.48665638,0.45951341,0
"7640",244,197,0,0,0,0.0026403,0.00180548,0.00232409,0.00219446,0
"7641",205,198,0,0,0,0.71238215,0.48713957,0.62706509,0.59209091,0.0005968
"7642",206,198,0,0,0,0.71238215,0.48713957,0.62706509,0.59209091,0.00231331
"7643",207,198,0,0,0,0.71238215,0.48713957,0.62706509,0.59209091,0
"7644",208,198,0,0,0,0.71238215,0.48713957,0.62706509,0.59209091,0
"7645",209,198,0,0,0,0.71238215,0.48713957,0.62706509,0.59209091,0
"7646",210,198,0,0,0,0.71238215,0.48713957,0.62706509,0.59209091,0.00401467
"7647",211,198,0,0,0,0.71238215,0.48713957,0.62706509,0.59209091,0
"7648",212,198,0,0,0,0.71238215,0.48713957,0.62706509,0.59209091,0.02886792
"7649",213,198,0,0,0,0.71238215,0.48713957,0.62706509,0.59209091,0.02211321
"7650",214,198,0,0,0,0.71238215,0.48713957,0.62706509,0.59209091,0
"7651",215,198,0,0,0,0.71238215,0.48713957,0.62706509,0.59209091,0
"7652",216,198,0,0,0,0.71238215,0.48713957,0.62706509,0.59209091,0
"7653",217,198,0,0,0,0.71238215,0.48713957,0.62706509,0.59209091,0
"7654",218,198,0,0,0,0.71238215,0.48713957,0.62706509,0.59209091,0
"7655",219,198,0,0,0,0.71238215,0.48713957,0.62706509,0.59209091,0
"7656",220,198,0,0,0,0.71238215,0.48713957,0.62706509,0.59209091,0
"7657",221,198,0,0,0,0.71238215,0.48713957,0.62706509,0.59209091,0
"7658",222,198,0,0,0,0.71238215,0.48713957,0.62706509,0.59209091,0
"7659",223,198,0,0,0,0.71238215,0.48713957,0.62706509,0.59209091,0
"7660",224,198,0,0,0,0.71238215,0.48713957,0.62706509,0.59209091,0
"7661",225,198,0,0,0,0.71238215,0.48713957,0.62706509,0.59209091,0
"7662",226,198,0,0,0,0.71238215,0.48713957,0.62706509,0.59209091,0
"7663",227,198,0,0,0,0.71238215,0.48713957,0.62706509,0.59209091,0
"7664",228,198,0,0,0,0.71238215,0.48713957,0.62706509,0.59209091,0
"7665",229,198,0,0,0,0.71238215,0.48713957,0.62706509,0.59209091,0
"7666",230,198,0,0,0,0.71238215,0.48713957,0.62706509,0.59209091,0
"7667",231,198,0,0,0,0.71238215,0.48713957,0.62706509,0.59209091,0
"7668",232,198,0,0,0,0.71238215,0.48713957,0.62706509,0.59209091,0
"7669",233,198,0,0,0,0.71238215,0.48713957,0.62706509,0.59209091,0
"7670",234,198,0,0,0,0.71238215,0.48713957,0.62706509,0.59209091,0
"7671",235,198,0,0,0,0.71238215,0.48713957,0.62706509,0.59209091,0
"7672",236,198,0,0,0,0.71238215,0.48713957,0.62706509,0.59209091,0
"7673",237,198,0,0,0,0.71238215,0.48713957,0.62706509,0.59209091,0
"7674",238,198,0,0,0,0.71238215,0.48713957,0.62706509,0.59209091,0
"7675",239,198,0,0,0,0.71238215,0.48713957,0.62706509,0.59209091,0
"7676",240,198,0,0,0,0.71238215,0.48713957,0.62706509,0.59209091,0
"7677",241,198,0,0,0,0.69897232,0.47796969,0.61526126,0.58094543,0
"7678",242,198,0,0,0,0.44410669,0.30368805,0.39091912,0.36911584,0
"7679",243,198,0,0,0,0.1816808,0.12423656,0.15992215,0.15100259,0
"7680",244,198,0,0,0,0.00501896,0.00343206,0.00441788,0.00417147,0
"7681",205,199,0,0,0,0.71271862,0.4836293,0.62442379,0.5876655,0.01551629
"7682",206,199,0,0,0,0.70733381,0.48368743,0.62262135,0.58789502,0.0176713
"7683",207,199,0,0,0,0.70733381,0.48368743,0.62262135,0.58789502,0
"7684",208,199,0,0,0,0.70733381,0.48368743,0.62262135,0.58789502,0
"7685",209,199,0,0,0,0.70733381,0.48368743,0.62262135,0.58789502,0
"7686",210,199,0,0,0,0.70733381,0.48368743,0.62262135,0.58789502,0.0082224
"7687",211,199,0,0,0,0.70733381,0.48368743,0.62262135,0.58789502,0
"7688",212,199,0,0,0,0.70733381,0.48368743,0.62262135,0.58789502,0
"7689",213,199,0,0,0,0.70733381,0.48368743,0.62262135,0.58789502,0
"7690",214,199,0,0,0,0.70733381,0.48368743,0.62262135,0.58789502,0
"7691",215,199,0,0,0,0.70733381,0.48368743,0.62262135,0.58789502,0.00456806
"7692",216,199,0,0,0,0.70733381,0.48368743,0.62262135,0.58789502,0.00316862
"7693",217,199,0,0,0,0.70733381,0.48368743,0.62262135,0.58789502,0
"7694",218,199,0,0,0,0.70733381,0.48368743,0.62262135,0.58789502,0
"7695",219,199,0,0,0,0.70733381,0.48368743,0.62262135,0.58789502,0
"7696",220,199,0,0,0,0.70733381,0.48368743,0.62262135,0.58789502,0
"7697",221,199,0,0,0,0.70733381,0.48368743,0.62262135,0.58789502,0
"7698",222,199,0,0,0,0.70733381,0.48368743,0.62262135,0.58789502,0
"7699",223,199,0,0,0,0.70733381,0.48368743,0.62262135,0.58789502,0
"7700",224,199,0,0,0,0.70733381,0.48368743,0.62262135,0.58789502,0
"7701",225,199,0,0,0,0.70733381,0.48368743,0.62262135,0.58789502,0
"7702",226,199,0,0,0,0.70733381,0.48368743,0.62262135,0.58789502,0
"7703",227,199,0,0,0,0.70733381,0.48368743,0.62262135,0.58789502,0
"7704",228,199,0,0,0,0.70733381,0.48368743,0.62262135,0.58789502,0
"7705",229,199,0,0,0,0.70733381,0.48368743,0.62262135,0.58789502,0
"7706",230,199,0,0,0,0.70733381,0.48368743,0.62262135,0.58789502,0
"7707",231,199,0,0,0,0.70733381,0.48368743,0.62262135,0.58789502,0
"7708",232,199,0,0,0,0.70733381,0.48368743,0.62262135,0.58789502,0
"7709",233,199,0,0,0,0.70733381,0.48368743,0.62262135,0.58789502,0
"7710",234,199,0,0,0,0.70733381,0.48368743,0.62262135,0.58789502,0
"7711",235,199,0,0,0,0.70733381,0.48368743,0.62262135,0.58789502,0
"7712",236,199,0,0,0,0.70733381,0.48368743,0.62262135,0.58789502,0
"7713",237,199,0,0,0,0.70733381,0.48368743,0.62262135,0.58789502,0
"7714",238,199,0,0,0,0.70733381,0.48368743,0.62262135,0.58789502,0
"7715",239,199,0,0,0,0.70733381,0.48368743,0.62262135,0.58789502,0
"7716",240,199,0,0,0,0.64661508,0.44216688,0.56917448,0.53742912,0
"7717",241,199,0,0,0,0.16012379,0.1094955,0.14094688,0.13308565,0
"7718",204,200,0,0,0,0.70227841,0.48023046,0.6181714,0.58369326,0.00393401
"7719",205,200,0,0,0,0.70227841,0.48023046,0.6181714,0.58369326,0.00434208
"7720",206,200,0,0,0,0.70227841,0.48023046,0.6181714,0.58369326,0
"7721",207,200,0,0,0,0.70227841,0.48023046,0.6181714,0.58369326,0
"7722",208,200,0,0,0,0.70227841,0.48023046,0.6181714,0.58369326,0
"7723",209,200,0,0,0,0.70227841,0.48023046,0.6181714,0.58369326,0.0087154
"7724",210,200,0,0,0,0.70227841,0.48023046,0.6181714,0.58369326,0
"7725",211,200,0,0,0,0.70227841,0.48023046,0.6181714,0.58369326,0
"7726",212,200,0,0,0,0.70227841,0.48023046,0.6181714,0.58369326,0.0046809
"7727",213,200,0,0,0,0.70227841,0.48023046,0.6181714,0.58369326,0
"7728",214,200,0,0,0,0.70227841,0.48023046,0.6181714,0.58369326,0
"7729",215,200,0,0,0,0.70227841,0.48023046,0.6181714,0.58369326,0
"7730",216,200,0,0,0,0.70227841,0.48023046,0.6181714,0.58369326,0
"7731",217,200,0,0,0,0.70227841,0.48023046,0.6181714,0.58369326,0
"7732",218,200,0,0,0,0.70227841,0.48023046,0.6181714,0.58369326,0
"7733",219,200,0,0,0,0.70227841,0.48023046,0.6181714,0.58369326,0
"7734",220,200,0,0,0,0.70227841,0.48023046,0.6181714,0.58369326,0
"7735",221,200,0,0,0,0.70227841,0.48023046,0.6181714,0.58369326,0
"7736",222,200,0,0,0,0.70227841,0.48023046,0.6181714,0.58369326,0
"7737",223,200,0,0,0,0.70227841,0.48023046,0.6181714,0.58369326,0
"7738",224,200,0,0,0,0.70227841,0.48023046,0.6181714,0.58369326,0
"7739",225,200,0,0,0,0.70227841,0.48023046,0.6181714,0.58369326,0
"7740",226,200,0,0,0,0.70227841,0.48023046,0.6181714,0.58369326,0.00672878
"7741",227,200,0,0,0,0.70227841,0.48023046,0.6181714,0.58369326,0
"7742",228,200,0,0,0,0.70227841,0.48023046,0.6181714,0.58369326,0
"7743",229,200,0,0,0,0.70227841,0.48023046,0.6181714,0.58369326,0
"7744",230,200,0,0,0,0.70227841,0.48023046,0.6181714,0.58369326,0
"7745",231,200,0,0,0,0.70227841,0.48023046,0.6181714,0.58369326,0
"7746",232,200,0,0,0,0.70227841,0.48023046,0.6181714,0.58369326,0
"7747",233,200,0,0,0,0.70227841,0.48023046,0.6181714,0.58369326,0
"7748",234,200,0,0,0,0.70227841,0.48023046,0.6181714,0.58369326,0
"7749",235,200,0,0,0,0.70227841,0.48023046,0.6181714,0.58369326,0
"7750",236,200,0,0,0,0.70227841,0.48023046,0.6181714,0.58369326,0
"7751",237,200,0,0,0,0.62809327,0.42950134,0.5528709,0.52203486,0
"7752",238,200,0,0,0,0.50176847,0.3431182,0.44167514,0.41704098,0
"7753",239,200,0,0,0,0.37696453,0.25777505,0.33181811,0.31331115,0
"7754",240,200,0,0,0,0.07345027,0.0502266,0.06465364,0.06104762,0
"7755",203,201,0,0,0,0.69721702,0.47676939,0.61371617,0.57948653,0
"7756",204,201,0,0,0,0.69721702,0.47676939,0.61371617,0.57948653,0
"7757",205,201,0,0,0,0.69721702,0.47676939,0.61371617,0.57948653,0
"7758",206,201,0,0,0,0.69721702,0.47676939,0.61371617,0.57948653,0
"7759",207,201,0,0,0,0.69721702,0.47676939,0.61371617,0.57948653,0
"7760",208,201,0,0,0,0.69721702,0.47676939,0.61371617,0.57948653,0
"7761",209,201,0,0,0,0.69721702,0.47676939,0.61371617,0.57948653,0
"7762",210,201,0,0,0,0.69721702,0.47676939,0.61371617,0.57948653,0
"7763",211,201,0,0,0,0.69721702,0.47676939,0.61371617,0.57948653,0
"7764",212,201,0,0,0,0.69721702,0.47676939,0.61371617,0.57948653,0
"7765",213,201,0,0,0,0.69721702,0.47676939,0.61371617,0.57948653,0
"7766",214,201,0,0,0,0.69721702,0.47676939,0.61371617,0.57948653,0
"7767",215,201,0,0,0,0.69721702,0.47676939,0.61371617,0.57948653,0
"7768",216,201,0,0,0,0.69721702,0.47676939,0.61371617,0.57948653,0
"7769",217,201,0,0,0,0.69721702,0.47676939,0.61371617,0.57948653,0
"7770",218,201,0,0,0,0.69721702,0.47676939,0.61371617,0.57948653,0
"7771",219,201,0,0,0,0.69721702,0.47676939,0.61371617,0.57948653,0
"7772",220,201,0,0,0,0.69721702,0.47676939,0.61371617,0.57948653,0
"7773",221,201,0,0,0,0.69721702,0.47676939,0.61371617,0.57948653,0
"7774",222,201,0,0,0,0.69721702,0.47676939,0.61371617,0.57948653,0
"7775",223,201,0,0,0,0.69721702,0.47676939,0.61371617,0.57948653,0
"7776",224,201,0,0,0,0.69721702,0.47676939,0.61371617,0.57948653,0
"7777",225,201,0,0,0,0.69721702,0.47676939,0.61371617,0.57948653,0
"7778",226,201,0,0,0,0.69721702,0.47676939,0.61371617,0.57948653,0
"7779",227,201,0,0,0,0.69721702,0.47676939,0.61371617,0.57948653,0
"7780",228,201,0,0,0,0.69721702,0.47676939,0.61371617,0.57948653,0
"7781",229,201,0,0,0,0.69721702,0.47676939,0.61371617,0.57948653,0
"7782",230,201,0,0,0,0.69721702,0.47676939,0.61371617,0.57948653,0
"7783",231,201,0,0,0,0.69721702,0.47676939,0.61371617,0.57948653,0
"7784",232,201,0,0,0,0.69721702,0.47676939,0.61371617,0.57948653,0
"7785",233,201,0,0,0,0.69721702,0.47676939,0.61371617,0.57948653,0
"7786",234,201,0,0,0,0.69721702,0.47676939,0.61371617,0.57948653,0
"7787",235,201,0,0,0,0.48547629,0.33197731,0.42733416,0.40349986,0
"7788",236,201,0,0,0,0.04904191,0.03353573,0.0431685,0.0407608,0
"7789",237,201,0,0,0,3.81e-06,2.6e-06,3.35e-06,3.16e-06,0
"7790",200,202,0,0,0,0.6921491,0.47330385,0.60925521,0.57527437,0.00653954
"7791",201,202,0,0,0,0.6921491,0.47330385,0.60925521,0.57527437,0
"7792",202,202,0,0,0,0.6921491,0.47330385,0.60925521,0.57527437,0
"7793",203,202,0,0,0,0.6921491,0.47330385,0.60925521,0.57527437,0.00233455
"7794",204,202,0,0,0,0.6921491,0.47330385,0.60925521,0.57527437,0.01445869
"7795",205,202,0,0,0,0.6921491,0.47330385,0.60925521,0.57527437,0.01477947
"7796",206,202,0,0,0,0.6921491,0.47330385,0.60925521,0.57527437,0.00030197
"7797",207,202,0,0,0,0.6921491,0.47330385,0.60925521,0.57527437,0.00211088
"7798",208,202,0,0,0,0.6921491,0.47330385,0.60925521,0.57527437,0.00420057
"7799",209,202,0,0,0,0.6921491,0.47330385,0.60925521,0.57527437,0.00267779
"7800",210,202,0,0,0,0.6921491,0.47330385,0.60925521,0.57527437,0.00160659
"7801",211,202,0,0,0,0.6921491,0.47330385,0.60925521,0.57527437,0.00318427
"7802",212,202,0,0,0,0.6921491,0.47330385,0.60925521,0.57527437,0
"7803",213,202,0,0,0,0.6921491,0.47330385,0.60925521,0.57527437,0
"7804",214,202,0,0,0,0.6921491,0.47330385,0.60925521,0.57527437,0
"7805",215,202,0,0,0,0.6921491,0.47330385,0.60925521,0.57527437,0
"7806",216,202,0,0,0,0.6921491,0.47330385,0.60925521,0.57527437,0
"7807",217,202,0,0,0,0.6921491,0.47330385,0.60925521,0.57527437,0
"7808",218,202,0,0,0,0.6921491,0.47330385,0.60925521,0.57527437,0
"7809",219,202,0,0,0,0.6921491,0.47330385,0.60925521,0.57527437,0
"7810",220,202,0,0,0,0.6921491,0.47330385,0.60925521,0.57527437,0
"7811",221,202,0,0,0,0.6921491,0.47330385,0.60925521,0.57527437,0
"7812",222,202,0,0,0,0.6921491,0.47330385,0.60925521,0.57527437,0
"7813",223,202,0,0,0,0.6921491,0.47330385,0.60925521,0.57527437,0
"7814",224,202,0,0,0,0.6921491,0.47330385,0.60925521,0.57527437,0
"7815",225,202,0,0,0,0.6921491,0.47330385,0.60925521,0.57527437,0
"7816",226,202,0,0,0,0.6921491,0.47330385,0.60925521,0.57527437,0
"7817",227,202,0,0,0,0.6921491,0.47330385,0.60925521,0.57527437,0
"7818",228,202,0,0,0,0.6921491,0.47330385,0.60925521,0.57527437,0.0167279
"7819",229,202,0,0,0,0.6921491,0.47330385,0.60925521,0.57527437,0
"7820",230,202,0,0,0,0.6921491,0.47330385,0.60925521,0.57527437,0
"7821",231,202,0,0,0,0.6921491,0.47330385,0.60925521,0.57527437,0
"7822",232,202,0,0,0,0.6921491,0.47330385,0.60925521,0.57527437,0
"7823",233,202,0,0,0,0.6921491,0.47330385,0.60925521,0.57527437,0
"7824",234,202,0,0,0,0.65920736,0.45077771,0.58025867,0.54789509,0
"7825",235,202,0,0,0,0.08065697,0.05515467,0.07099725,0.06703742,0
"7826",195,203,0,0,0,0.6870752,0.46983423,0.60478897,0.57105723,0
"7827",196,203,0,0,0,0.6870752,0.46983423,0.60478897,0.57105723,0
"7828",197,203,0,0,0,0.6870752,0.46983423,0.60478897,0.57105723,0
"7829",198,203,0,0,0,0.6870752,0.46983423,0.60478897,0.57105723,0
"7830",199,203,0,0,0,0.6870752,0.46983423,0.60478897,0.57105723,0
"7831",200,203,0,0,0,0.6870752,0.46983423,0.60478897,0.57105723,0
"7832",201,203,0,0,0,0.6870752,0.46983423,0.60478897,0.57105723,0
"7833",202,203,0,0,0,0.6870752,0.46983423,0.60478897,0.57105723,0
"7834",203,203,0,0,0,0.6870752,0.46983423,0.60478897,0.57105723,0.00266576
"7835",204,203,0,0,0,0.6870752,0.46983423,0.60478897,0.57105723,0
"7836",205,203,0,0,0,0.6870752,0.46983423,0.60478897,0.57105723,0
"7837",206,203,0,0,0,0.6870752,0.46983423,0.60478897,0.57105723,0
"7838",207,203,0,0,0,0.6870752,0.46983423,0.60478897,0.57105723,0
"7839",208,203,0,0,0,0.6870752,0.46983423,0.60478897,0.57105723,0
"7840",209,203,0,0,0,0.6870752,0.46983423,0.60478897,0.57105723,0
"7841",210,203,0,0,0,0.6870752,0.46983423,0.60478897,0.57105723,0
"7842",211,203,0,0,0,0.6870752,0.46983423,0.60478897,0.57105723,0
"7843",212,203,0,0,0,0.6870752,0.46983423,0.60478897,0.57105723,0
"7844",213,203,0,0,0,0.6870752,0.46983423,0.60478897,0.57105723,0
"7845",214,203,0,0,0,0.6870752,0.46983423,0.60478897,0.57105723,0
"7846",215,203,0,0,0,0.6870752,0.46983423,0.60478897,0.57105723,0
"7847",216,203,0,0,0,0.6870752,0.46983423,0.60478897,0.57105723,0
"7848",217,203,0,0,0,0.6870752,0.46983423,0.60478897,0.57105723,0
"7849",218,203,0,0,0,0.6870752,0.46983423,0.60478897,0.57105723,0
"7850",219,203,0,0,0,0.6870752,0.46983423,0.60478897,0.57105723,0
"7851",220,203,0,0,0,0.6870752,0.46983423,0.60478897,0.57105723,0
"7852",221,203,0,0,0,0.6870752,0.46983423,0.60478897,0.57105723,0
"7853",222,203,0,0,0,0.6870752,0.46983423,0.60478897,0.57105723,0
"7854",223,203,0,0,0,0.6870752,0.46983423,0.60478897,0.57105723,0
"7855",224,203,0,0,0,0.6870752,0.46983423,0.60478897,0.57105723,0
"7856",225,203,0,0,0,0.6870752,0.46983423,0.60478897,0.57105723,0
"7857",226,203,0,0,0,0.6870752,0.46983423,0.60478897,0.57105723,0
"7858",227,203,0,0,0,0.6870752,0.46983423,0.60478897,0.57105723,0
"7859",228,203,0,0,0,0.6870752,0.46983423,0.60478897,0.57105723,0.0242314
"7860",229,203,0,0,0,0.6870752,0.46983423,0.60478897,0.57105723,0.03095716
"7861",230,203,0,0,0,0.6870752,0.46983423,0.60478897,0.57105723,0
"7862",231,203,0,0,0,0.6870752,0.46983423,0.60478897,0.57105723,0
"7863",232,203,0,0,0,0.6870752,0.46983423,0.60478897,0.57105723,0
"7864",233,203,0,0,0,0.6870752,0.46983423,0.60478897,0.57105723,0
"7865",234,203,0,0,0,0.59601042,0.40756252,0.52463039,0.49536945,0
"7866",235,203,0,0,0,0.11204466,0.07661813,0.09862585,0.09312505,0
"7867",192,204,0,0,0,0.68199477,0.46636014,0.60031699,0.56683467,0
"7868",193,204,0,0,0,0.68199477,0.46636014,0.60031699,0.56683467,0
"7869",194,204,0,0,0,0.68199477,0.46636014,0.60031699,0.56683467,0
"7870",195,204,0,0,0,0.68199477,0.46636014,0.60031699,0.56683467,0
"7871",196,204,0,0,0,0.68199477,0.46636014,0.60031699,0.56683467,0
"7872",197,204,0,0,0,0.68199477,0.46636014,0.60031699,0.56683467,0
"7873",206,204,0,0,0,0.68199477,0.46636014,0.60031699,0.56683467,0
"7874",207,204,0,0,0,0.68199477,0.46636014,0.60031699,0.56683467,0
"7875",208,204,0,0,0,0.67991419,0.4649374,0.59848558,0.56510541,0
"7876",215,204,0,0,0,0.68199477,0.46636014,0.60031699,0.56683467,0
"7877",216,204,0,0,0,0.68199477,0.46636014,0.60031699,0.56683467,0
"7878",217,204,0,0,0,0.68199477,0.46636014,0.60031699,0.56683467,0
"7879",218,204,0,0,0,0.68199477,0.46636014,0.60031699,0.56683467,0
"7880",219,204,0,0,0,0.68199477,0.46636014,0.60031699,0.56683467,0
"7881",220,204,0,0,0,0.68199477,0.46636014,0.60031699,0.56683467,0
"7882",221,204,0,0,0,0.68199477,0.46636014,0.60031699,0.56683467,0
"7883",222,204,0,0,0,0.68199477,0.46636014,0.60031699,0.56683467,0
"7884",223,204,0,0,0,0.68199477,0.46636014,0.60031699,0.56683467,0
"7885",224,204,0,0,0,0.68199477,0.46636014,0.60031699,0.56683467,0
"7886",225,204,0,0,0,0.68199477,0.46636014,0.60031699,0.56683467,0
"7887",226,204,0,0,0,0.68199477,0.46636014,0.60031699,0.56683467,0
"7888",227,204,0,0,0,0.68199477,0.46636014,0.60031699,0.56683467,0
"7889",228,204,0,0,0,0.67700463,0.4629478,0.59592449,0.56268716,0
"7890",229,204,0,0,0,0.49013951,0.33516611,0.4314389,0.40737566,0.00662877
"7891",230,204,0,0,0,0.58069625,0.39709041,0.51115029,0.48264119,0.01771623
"7892",231,204,0,0,0,0.57294451,0.39178964,0.50432693,0.4761984,0
"7893",232,204,0,0,0,0.65933899,0.45086772,0.58037454,0.5480045,0
"7894",233,204,0,0,0,0.68199477,0.46636014,0.60031699,0.56683467,0
"7895",234,204,0,0,0,0.68199477,0.46636014,0.60031699,0.56683467,0
"7896",235,204,0,0,0,0.65903874,0.4506624,0.58011024,0.54775495,0
"7897",236,204,0,0,0,0.19427363,0.13284776,0.17100683,0.16146902,0
"7898",190,205,0,0,0,0.67690836,0.46288196,0.59583974,0.56260714,0
"7899",191,205,0,0,0,0.67690836,0.46288196,0.59583974,0.56260714,0
"7900",192,205,0,0,0,0.67690836,0.46288196,0.59583974,0.56260714,0
"7901",193,205,0,0,0,0.67690836,0.46288196,0.59583974,0.56260714,0
"7902",194,205,0,0,0,0.67690836,0.46288196,0.59583974,0.56260714,0
"7903",195,205,0,0,0,0.67690836,0.46288196,0.59583974,0.56260714,0
"7904",196,205,0,0,0,0.67690836,0.46288196,0.59583974,0.56260714,0
"7905",218,205,0,0,0,0.67690836,0.46288196,0.59583974,0.56260714,0
"7906",219,205,0,0,0,0.67690836,0.46288196,0.59583974,0.56260714,0
"7907",220,205,0,0,0,0.67690836,0.46288196,0.59583974,0.56260714,0
"7908",221,205,0,0,0,0.67690836,0.46288196,0.59583974,0.56260714,0
"7909",222,205,0,0,0,0.67690836,0.46288196,0.59583974,0.56260714,0
"7910",223,205,0,0,0,0.67690836,0.46288196,0.59583974,0.56260714,0
"7911",224,205,0,0,0,0.67690836,0.46288196,0.59583974,0.56260714,0
"7912",225,205,0,0,0,0.67690836,0.46288196,0.59583974,0.56260714,0.00668997
"7913",226,205,0,0,0,0.565573,0.38674887,0.49783824,0.47007162,0.00686699
"7914",227,205,0,0,0,0.4340976,0.29684365,0.38210874,0.36079686,0
"7915",228,205,0,0,0,0.14960992,0.10230592,0.13169218,0.12434712,0
"7916",230,205,0,0,0,0.06945773,0.04749643,0.06113926,0.05772925,0
"7917",231,205,0,0,0,0.30216801,0.20662785,0.26597944,0.2511446,0
"7918",232,205,0,0,0,0.31380512,0.21458552,0.27622286,0.2608167,0
"7919",233,205,0,0,0,0.49588736,0.33909659,0.43649837,0.41215294,0.00294406
"7920",234,205,0,0,0,0.60242786,0.41195088,0.53027926,0.50070325,0
"7921",235,205,0,0,0,0.3986597,0.27261059,0.350915,0.33134293,0
"7922",236,205,0,0,0,0.15034098,0.10280583,0.13233568,0.12495474,0
"7923",188,206,0,0,0,0.67181596,0.45939969,0.59135723,0.55837464,0
"7924",190,206,0,0,0,0.68563181,0.45938129,0.59220125,0.5622046,0
"7925",191,206,0,0,0,0.67181596,0.45939969,0.59135723,0.55837464,0
"7926",192,206,0,0,0,0.67181596,0.45939969,0.59135723,0.55837464,0
"7927",193,206,0,0,0,0.67181596,0.45939969,0.59135723,0.55837464,0
"7928",194,206,0,0,0,0.67181596,0.45939969,0.59135723,0.55837464,0
"7929",195,206,0,0,0,0.67181596,0.45939969,0.59135723,0.55837464,0
"7930",219,206,0,0,0,0.67181596,0.45939969,0.59135723,0.55837464,0
"7931",220,206,0,0,0,0.67181596,0.45939969,0.59135723,0.55837464,0
"7932",221,206,0,0,0,0.67181596,0.45939969,0.59135723,0.55837464,0
"7933",222,206,0,0,0,0.67181596,0.45939969,0.59135723,0.55837464,0
"7934",223,206,0,0,0,0.67181596,0.45939969,0.59135723,0.55837464,0
"7935",224,206,0,0,0,0.67181596,0.45939969,0.59135723,0.55837464,0
"7936",225,206,0,0,0,0.67181596,0.45939969,0.59135723,0.55837464,0
"7937",226,206,0,0,0,0.67181596,0.45939969,0.59135723,0.55837464,0
"7938",227,206,0,0,0,0.67181596,0.45939969,0.59135723,0.55837464,0
"7939",228,206,0,0,0,0.64623432,0.44190651,0.56883932,0.53711265,0
"7940",229,206,0,0,0,0.44041114,0.30116097,0.38766616,0.36604431,0
"7941",230,206,0,0,0,0.19305955,0.13201755,0.16993815,0.16045995,0
"7942",231,206,0,0,0,0.09451773,0.0646329,0.083198,0.07855768,0
"7943",232,206,0,0,0,0.26630529,0.18210429,0.23441176,0.22133758,0
"7944",233,206,0,0,0,0.23810239,0.16281864,0.20958652,0.19789696,0
"7945",234,206,0,0,0,0.53920916,0.36872081,0.47463182,0.44815952,0
"7946",235,206,0,0,0,0.67181596,0.45939969,0.59135723,0.55837464,0
"7947",236,206,0,0,0,0.64613423,0.44183807,0.56875122,0.53702947,0
"7948",191,207,0,0,0,0.66671758,0.45591333,0.58686945,0.55413716,0
"7949",192,207,0,0,0,0.66671758,0.45591333,0.58686945,0.55413716,0
"7950",193,207,0,0,0,0.66671758,0.45591333,0.58686945,0.55413716,0
"7951",218,207,0,0,0,0.66671758,0.45591333,0.58686945,0.55413716,0
"7952",219,207,0,0,0,0.66671758,0.45591333,0.58686945,0.55413716,0
"7953",220,207,0,0,0,0.66671758,0.45591333,0.58686945,0.55413716,0
"7954",221,207,0,0,0,0.66671758,0.45591333,0.58686945,0.55413716,0
"7955",222,207,0,0,0,0.66671758,0.45591333,0.58686945,0.55413716,0
"7956",223,207,0,0,0,0.66671758,0.45591333,0.58686945,0.55413716,0
"7957",224,207,0,0,0,0.66671758,0.45591333,0.58686945,0.55413716,0
"7958",225,207,0,0,0,0.66671758,0.45591333,0.58686945,0.55413716,0
"7959",226,207,0,0,0,0.66671758,0.45591333,0.58686945,0.55413716,0
"7960",227,207,0,0,0,0.66671758,0.45591333,0.58686945,0.55413716,0
"7961",228,207,0,0,0,0.66671758,0.45591333,0.58686945,0.55413716,0
"7962",229,207,0,0,0,0.66671758,0.45591333,0.58686945,0.55413716,0
"7963",230,207,0,0,0,0.66671758,0.45591333,0.58686945,0.55413716,0
"7964",231,207,0,0,0,0.66645323,0.45573256,0.58663675,0.55391744,0
"7965",232,207,0,0,0,0.66526852,0.45492244,0.58559393,0.55293278,0
"7966",233,207,0,0,0,0.41951339,0.28687071,0.36927119,0.34867531,0
"7967",234,207,0,0,0,0.34298278,0.23453772,0.30190611,0.28506748,0
"7968",235,207,0,0,0,0.57787318,0.39515995,0.50866532,0.48029482,0
"7969",236,207,0,0,0,0.66671758,0.45591333,0.58686945,0.55413716,0
"7970",219,208,0,0,0,0.66161268,0.45242251,0.58237592,0.54989426,0.00325405
"7971",220,208,0,0,0,0.66161268,0.45242251,0.58237592,0.54989426,0
"7972",221,208,0,0,0,0.66161268,0.45242251,0.58237592,0.54989426,0
"7973",222,208,0,0,0,0.66161268,0.45242251,0.58237592,0.54989426,0
"7974",223,208,0,0,0,0.66161268,0.45242251,0.58237592,0.54989426,0
"7975",224,208,0,0,0,0.66161268,0.45242251,0.58237592,0.54989426,0
"7976",225,208,0,0,0,0.66161268,0.45242251,0.58237592,0.54989426,0
"7977",226,208,0,0,0,0.66161268,0.45242251,0.58237592,0.54989426,0
"7978",227,208,0,0,0,0.66161268,0.45242251,0.58237592,0.54989426,0
"7979",228,208,0,0,0,0.66161268,0.45242251,0.58237592,0.54989426,0
"7980",229,208,0,0,0,0.66161268,0.45242251,0.58237592,0.54989426,0
"7981",230,208,0,0,0,0.66161268,0.45242251,0.58237592,0.54989426,0
"7982",231,208,0,0,0,0.66161268,0.45242251,0.58237592,0.54989426,0
"7983",232,208,0,0,0,0.66161268,0.45242251,0.58237592,0.54989426,0
"7984",233,208,0,0,0,0.66161268,0.45242251,0.58237592,0.54989426,0
"7985",234,208,0,0,0,0.6570751,0.44931963,0.57838178,0.54612289,0
"7986",235,208,0,0,0,0.65261042,0.4462666,0.5744518,0.5424121,0
"7987",236,208,0,0,0,0.66161268,0.45242251,0.58237592,0.54989426,0
"7988",237,208,0,0,0,0.66161268,0.45242251,0.58237592,0.54989426,0
"7989",238,208,0,0,0,0.66161268,0.45242251,0.58237592,0.54989426,0
"7990",220,209,0,0,0,0.65650233,0.44892796,0.5778776,0.54564683,0
"7991",221,209,0,0,0,0.65650233,0.44892796,0.5778776,0.54564683,0
"7992",222,209,0,0,0,0.65650233,0.44892796,0.5778776,0.54564683,0
"7993",223,209,0,0,0,0.65650233,0.44892796,0.5778776,0.54564683,0
"7994",224,209,0,0,0,0.65650233,0.44892796,0.5778776,0.54564683,0
"7995",225,209,0,0,0,0.65650233,0.44892796,0.5778776,0.54564683,0
"7996",226,209,0,0,0,0.65650233,0.44892796,0.5778776,0.54564683,0
"7997",227,209,0,0,0,0.65650233,0.44892796,0.5778776,0.54564683,0
"7998",228,209,0,0,0,0.65650233,0.44892796,0.5778776,0.54564683,0
"7999",229,209,0,0,0,0.65650233,0.44892796,0.5778776,0.54564683,0
"8000",230,209,0,0,0,0.65650233,0.44892796,0.5778776,0.54564683,0
"8001",231,209,0,0,0,0.65650233,0.44892796,0.5778776,0.54564683,0
"8002",232,209,0,0,0,0.65650233,0.44892796,0.5778776,0.54564683,0
"8003",233,209,0,0,0,0.65650233,0.44892796,0.5778776,0.54564683,0
"8004",234,209,0,0,0,0.65650233,0.44892796,0.5778776,0.54564683,0
"8005",235,209,0,0,0,0.65650233,0.44892796,0.5778776,0.54564683,0.00445633
"8006",236,209,0,0,0,0.65650233,0.44892796,0.5778776,0.54564683,0
"8007",237,209,0,0,0,0.65650233,0.44892796,0.5778776,0.54564683,0
"8008",238,209,0,0,0,0.65650233,0.44892796,0.5778776,0.54564683,0
"8009",221,210,0,0,0,0.651386,0.44542932,0.57337402,0.54139443,0
"8010",222,210,0,0,0,0.651386,0.44542932,0.57337402,0.54139443,0
"8011",223,210,0,0,0,0.651386,0.44542932,0.57337402,0.54139443,0
"8012",224,210,0,0,0,0.651386,0.44542932,0.57337402,0.54139443,0
"8013",225,210,0,0,0,0.651386,0.44542932,0.57337402,0.54139443,0
"8014",226,210,0,0,0,0.651386,0.44542932,0.57337402,0.54139443,0
"8015",227,210,0,0,0,0.651386,0.44542932,0.57337402,0.54139443,0
"8016",228,210,0,0,0,0.651386,0.44542932,0.57337402,0.54139443,0
"8017",229,210,0,0,0,0.651386,0.44542932,0.57337402,0.54139443,0
"8018",230,210,0,0,0,0.651386,0.44542932,0.57337402,0.54139443,0
"8019",231,210,0,0,0,0.651386,0.44542932,0.57337402,0.54139443,0
"8020",232,210,0,0,0,0.651386,0.44542932,0.57337402,0.54139443,0
"8021",233,210,0,0,0,0.651386,0.44542932,0.57337402,0.54139443,0
"8022",234,210,0,0,0,0.651386,0.44542932,0.57337402,0.54139443,0
"8023",235,210,0,0,0,0.651386,0.44542932,0.57337402,0.54139443,0
"8024",236,210,0,0,0,0.651386,0.44542932,0.57337402,0.54139443,0
"8025",223,211,0,0,0,0.64626369,0.4419266,0.56886517,0.53713706,0
"8026",224,211,0,0,0,0.64626369,0.4419266,0.56886517,0.53713706,0
"8027",225,211,0,0,0,0.64626369,0.4419266,0.56886517,0.53713706,0.00372725
"8028",226,211,0,0,0,0.64626369,0.4419266,0.56886517,0.53713706,0.00799848
"8029",227,211,0,0,0,0.64626369,0.4419266,0.56886517,0.53713706,0
"8030",228,211,0,0,0,0.64626369,0.4419266,0.56886517,0.53713706,0
"8031",229,211,0,0,0,0.64626369,0.4419266,0.56886517,0.53713706,0
"8032",230,211,0,0,0,0.64626369,0.4419266,0.56886517,0.53713706,0
"8033",231,211,0,0,0,0.64626369,0.4419266,0.56886517,0.53713706,0
"8034",232,211,0,0,0,0.64626369,0.4419266,0.56886517,0.53713706,0
"8035",183,152,0,0.11005786,0.03333244,0.67823014,0.46212507,0.59506409,0.56187475,0.13677835
"8036",184,152,0,0.10124128,0.02986025,0.60757415,0.41398226,0.53307209,0.50334032,0.01161867
"8037",185,152,0,0.07984962,0.02981104,0.60657549,0.41330181,0.53219589,0.50251299,0
"8038",181,153,0,0.12232891,0.03646889,0.74204503,0.50560657,0.65105386,0.61474173,0.07546088
"8039",182,153,0,0.14600335,0.04307004,0.87636093,0.59712528,0.76889966,0.72601474,0.05663579
"8040",183,153,0,0.15363988,0.04569922,0.92985798,0.63357651,0.81583678,0.77033398,0.08469075
"8041",184,153,0,0.14598889,0.0433881,0.88283258,0.60153485,0.77457773,0.73137613,0.05357001
"8042",185,153,0,0.11739459,0.03515546,0.71532025,0.48739713,0.62760613,0.59260178,0.02086563
"8043",188,153,0,0.07570521,0.02826364,0.57509261,0.39185034,0.50457351,0.47643122,0.01620061
"8044",183,154,0,0.08328588,0.02457028,0.49993992,0.34064363,0.43863621,0.41417154,0.01397722
"8045",79,81,1.73250159,0.3185602,0.94617826,1.2577195,0.85351086,1.0934111,1.0367415,0.07597159
"8046",80,81,1.72786407,0.31812396,0.94959855,1.2577195,0.85351086,1.0934111,1.0367415,0.23028538
"8047",81,81,1.72894877,0.32445145,0.94081381,1.2577195,0.85351086,1.0934111,1.0367415,0.09664647
"8048",76,82,0.14554969,0.31740777,0.07398876,1.25366371,0.85075854,1.08988516,1.03339831,0.1553084
"8049",77,82,0.14521809,0.31740777,0.07407205,1.25366371,0.85075854,1.08988516,1.03339831,0.13455863
"8050",78,82,1.72436525,0.31740777,0.95074457,1.25366371,0.85075854,1.08988516,1.03339831,0.22395054
"8051",79,82,1.65721348,0.31740778,0,1.25366371,0.85075854,1.08988516,1.03339831,0.14673999
"8052",80,82,1.69071725,0,0.86152439,1.25366371,0.85075854,1.08988516,1.03339831,0.33443574
"8053",81,82,0.45401114,0.31740777,0.942456,1.25366371,0.85075854,1.08988516,1.03339831,0.22648985
"8054",82,82,1.66014463,0.32791358,0.94443098,1.25366371,0.85075854,1.08988516,1.03339831,0.25444055
"8055",83,82,1.6363359,0.32730431,0.07557347,1.25366371,0.85075854,1.08988516,1.03339831,0.23888817
"8056",74,83,1.67383984,0.31637835,0.94504479,1.24959751,0.84799914,1.08635017,1.03004653,0.19976024
"8057",75,83,1.68379795,0,0.07192879,1.24959751,0.84799914,1.08635017,1.03004653,0.21369814
"8058",76,83,1.68499548,0.31637835,0.07332586,1.24959751,0.84799914,1.08635017,1.03004653,0.30007823
"8059",77,83,0.14496177,0.31637828,0.07356288,1.24959751,0.84799914,1.08635017,1.03004653,0.59362528
"8060",78,83,0.45730959,0.31637835,0.94221773,1.24959751,0.84799914,1.08635017,1.03004653,0.58088347
"8061",79,83,1.72127523,0,0.94014782,1.24959751,0.84799914,1.08635017,1.03004653,0.56276388
"8062",80,83,1.72266345,0,0.94240383,1.24959751,0.84799914,1.08635017,1.03004653,0.24481817
"8063",81,83,0.45437166,0,0.93503076,1.24959751,0.84799914,1.08635017,1.03004653,0.1469826
"8064",82,83,0.44922392,0,0.93712379,1.24959751,0.84799914,1.08635017,1.03004653,0.10828815
"8065",83,83,1.66169835,0.31637828,0.93449717,1.24959751,0.84799914,1.08635017,1.03004653,0.12853845
"8066",84,83,1.65826898,0.31564431,0.08042058,1.24959751,0.84799914,1.08635017,1.03004653,0.07667674
"8067",74,84,0.44881428,0,0.92683951,1.24551979,0.84523193,1.08280516,1.02668525,0.17579581
"8068",75,84,1.70377254,0,0.92610051,1.24551979,0.84523193,1.08280516,1.02668525,0.46376461
"8069",76,84,1.68018569,0,0.07332283,1.24551979,0.84523193,1.08280516,1.02668525,0.61695376
"8070",77,84,1.68002462,0,0.07332283,1.24551979,0.84523193,1.08280516,1.02668525,0.78654397
"8071",78,84,0.11468729,0,0,1.24551979,0.84523193,1.08280516,1.02668525,0.80720653
"8072",79,84,0.4549028,0,0.931093,1.24551979,0.84523193,1.08280516,1.02668525,0.60978494
"8073",80,84,0.4519219,0,0.93280155,1.24551979,0.84523193,1.08280516,1.02668525,0.22655646
"8074",81,84,0.44920283,0.31534586,0.93255405,1.24551979,0.84523193,1.08280516,1.02668525,0.19511527
"8075",82,84,0.45230099,0.31534593,0.93805093,1.24551979,0.84523193,1.08280516,1.02668525,0.14712608
"8076",83,84,0.4515556,0.31534586,0.93517522,1.24551979,0.84523193,1.08280516,1.02668525,0.09759369
"8077",84,84,0.45218336,0.31534587,0.93331411,1.24551979,0.84523193,1.08280516,1.02668525,0.05644934
"8078",73,85,0.14144884,0.32622194,0.07313547,1.24143111,0.84245727,1.07925063,1.02331494,0.18129055
"8079",74,85,0.45036904,0.31431068,0.92968392,1.24143111,0.84245727,1.07925063,1.02331494,0.40303313
"8080",75,85,0.45009308,0.31431067,0.93012478,1.24143111,0.84245727,1.07925063,1.02331494,0.46964624
"8081",76,85,0.44789742,0.31431067,0.93012478,1.24143111,0.84245727,1.07925063,1.02331494,0.68822732
"8082",77,85,0,0,0,1.24143111,0.84245727,1.07925063,1.02331494,0.85268809
"8083",78,85,0.46155077,0,0.94267158,1.24143111,0.84245727,1.07925063,1.02331494,0.83302928
"8084",79,85,0.46061964,0,0.94003938,1.24143111,0.84245727,1.07925063,1.02331494,0.74161356
"8085",80,85,0.45985741,0.31431074,0.93946194,1.24143111,0.84245727,1.07925063,1.02331494,0.45135852
"8086",81,85,0.14477211,0.31431068,0.07896008,1.24143111,0.84245727,1.07925063,1.02331494,0.37754042
"8087",82,85,0.45451329,0.31431067,0.92902573,1.24143111,0.84245727,1.07925063,1.02331494,0.14683222
"8088",83,85,0.44860949,0.31431067,0.91826307,1.24143111,0.84245727,1.07925063,1.02331494,0.16045905
"8089",73,86,1.63578662,0.33114335,0.96447423,1.23209728,0.83876767,1.07568703,1.01993604,0.24012991
"8090",74,86,1.66246649,0.31327292,0.07284082,1.237332,0.83967555,1.07568703,1.01993604,0.19332061
"8091",75,86,1.66229184,0.31327291,0.07855953,1.237332,0.83967555,1.07568703,1.01993604,0.26361983
"8092",76,86,1.66422571,0.31327291,0.07284082,1.237332,0.83967555,1.07568703,1.01993604,0.45099145
"8093",77,86,1.70968205,0.31327284,0.93777549,1.237332,0.83967555,1.07568703,1.01993604,0.51473675
"8094",78,86,1.7048161,0.31327292,0.92406673,1.237332,0.83967555,1.07568703,1.01993604,0.46473778
"8095",79,86,1.70772944,0.31327286,0.9167618,1.23154759,0.83861075,1.07568703,1.01993604,0.31034203
"8096",82,86,0.44861283,0.31327286,0.92144522,1.237332,0.83967555,1.07568703,1.01993604,0.11600029
"8097",94,78,0.06371676,0,0.08092958,1.26451776,0.8607336,1.10393124,1.0467164,0.02616382
"8098",95,78,0.41606171,0,0.98305843,1.26451776,0.8607336,1.10393124,1.0467164,0.10380862
"8099",96,78,0.41702806,0,0.98645452,1.26451776,0.8607336,1.10393124,1.0467164,0.13401948
"8100",97,78,0.41361919,0.35258255,0.98656299,1.26451776,0.8607336,1.10393124,1.0467164,0.12533735
"8101",93,79,0.41065893,0,0.97990917,1.26051168,0.85800673,1.1004339,1.04340032,0.05672392
"8102",94,79,0.03177227,0,0.08088013,1.26051168,0.85800673,1.1004339,1.04340032,0.06475893
"8103",95,79,0.64300134,0,0.08098389,1.26051168,0.85800673,1.1004339,1.04340032,0.14005368
"8104",96,79,0.41523935,0,0.98245065,1.26051168,0.85800673,1.1004339,1.04340032,0.16560924
"8105",97,79,0.66400156,0,0.98746957,1.26051168,0.85800673,1.1004339,1.04340032,0.12166666
"8106",98,79,0.65751728,0,0.98998121,1.26051168,0.85800673,1.1004339,1.04340032,0.09229281
"8107",87,80,0.39670494,0.29335755,1.01319767,1.25649521,0.8552728,1.09692751,1.04007566,0.06746398
"8108",88,80,1.13416106,0.29335755,1.01169035,1.25649521,0.8552728,1.09692751,1.04007566,0.0824006
"8109",89,80,1.195611,0,1.00600182,1.25649521,0.8552728,1.09692751,1.04007566,0.10258395
"8110",90,80,1.21817006,0,1.01862722,1.25649521,0.8552728,1.09692751,1.04007566,0.1060522
"8111",91,80,1.2250415,0,1.00915256,1.25649521,0.8552728,1.09692751,1.04007566,0.05893385
"8112",92,80,1.1950768,0,0.06644142,1.25649521,0.8552728,1.09692751,1.04007566,0.04907755
"8113",93,80,1.22070572,0,1.01510126,1.25649521,0.8552728,1.09692751,1.04007566,0.12508535
"8114",94,80,0.67642058,0,0.97755987,1.25649521,0.8552728,1.09692751,1.04007566,0.21942599
"8115",95,80,0.64097927,0,0.08070085,1.25649521,0.8552728,1.09692751,1.04007566,0.07442948
"8116",96,80,0.6639039,0,0.98256845,1.25649521,0.8552728,1.09692751,1.04007566,0.09735443
"8117",97,80,0.69572036,0,0.98095858,1.25649521,0.8552728,1.09692751,1.04007566,0.16109531
"8118",86,81,0.07907445,0.29241713,0.08537124,1.25246729,0.85253106,1.0934111,1.0367415,0.11189763
"8119",87,81,0.07865203,0.29241713,0.0841913,1.25246729,0.85253106,1.0934111,1.0367415,0.10808511
"8120",88,81,1.66138903,0.29241713,1.01088316,1.25246729,0.85253106,1.0934111,1.0367415,0.40419353
"8121",89,81,1.13094489,0.29241712,1.01025513,1.25246729,0.85253106,1.0934111,1.0367415,0.14115845
"8122",90,81,1.81147749,0,0.06622843,1.25246729,0.85253106,1.0934111,1.0367415,0.07516416
"8123",91,81,1.19765206,0,0.99217635,1.25246729,0.85253106,1.0934111,1.0367415,0.0879478
"8124",92,81,1.21796412,0,1.01289566,1.25246729,0.85253106,1.0934111,1.0367415,0.05638386
"8125",93,81,0.68613137,0,0.98193779,1.25246729,0.85253106,1.0934111,1.0367415,0.01884154
"8126",94,81,0.69404768,0,0.98034301,1.25246729,0.85253106,1.0934111,1.0367415,0.04840378
"8127",95,81,0.67439498,0,0.9759799,1.25246729,0.85253106,1.0934111,1.0367415,0.05170988
"8128",96,81,0.68567999,0,0.97758611,1.25246729,0.85253106,1.0934111,1.0367415,0.03812334
"8129",97,81,0.7081345,0.32911301,0.97806984,1.25246729,0.85253106,1.0934111,1.0367415,0.09396733
"8130",84,82,1.56829979,0.29147417,0.08345769,1.24842844,0.84978189,1.08988516,1.03339831,0.12935338
"8131",85,82,1.58102587,0.29147417,0.08564469,1.24842844,0.84978189,1.08988516,1.03339831,0.15866001
"8132",86,82,0.03003143,0.29147417,0.0837922,1.24842844,0.84978189,1.08988516,1.03339831,0.11482885
"8133",87,82,1.58122405,0.29147417,0.08381265,1.24842844,0.84978189,1.08988516,1.03339831,0.14261546
"8134",88,82,1.58121175,0.29147424,0.08381239,1.24842844,0.84978189,1.08988516,1.03339831,0.14131479
"8135",89,82,1.63411401,0.29147417,1.0086544,1.24842844,0.84978189,1.08988516,1.03339831,0.10811189
"8136",90,82,1.64171263,0.29147417,1.01005108,1.24842844,0.84978189,1.08988516,1.03339831,0.1572192
"8137",91,82,1.80024452,0,1.00100888,1.24842844,0.84978189,1.08988516,1.03339831,0.20540326
"8138",92,82,1.80434501,0,0.08489408,1.24842844,0.84978189,1.08988516,1.03339831,0.09876361
"8139",93,82,1.83388132,0,0.07535515,1.24842844,0.84978189,1.08988516,1.03339831,0.05753849
"8140",94,82,0.67317846,0,0.97431384,1.24842844,0.84978189,1.08988516,1.03339831,0.09459694
"8141",95,82,0.68556486,0,0.97827992,1.24842844,0.84978189,1.08988516,1.03339831,0.0225978
"8142",85,83,1.6312807,0.31637835,0.07804725,1.24437921,0.84702566,1.08635017,1.03004653,0.1864772
"8143",86,83,1.57619429,0.29052879,0.08431856,1.24437921,0.84702566,1.08635017,1.03004653,0.18530427
"8144",87,83,1.57622125,0.29052878,0.08355643,1.24437921,0.84702566,1.08635017,1.03004653,0.14974096
"8145",88,83,1.57603366,0.29052879,0.08355585,1.24437921,0.84702566,1.08635017,1.03004653,0.10596129
"8146",89,83,1.57646676,0.29052879,0.08356916,1.24437921,0.84702566,1.08635017,1.03004653,0.14844476
"8147",90,83,1.57611168,0.29052879,0.08352042,1.24437921,0.84702566,1.08635017,1.03004653,0.05963512
"8148",91,83,1.74272705,0,0.99781472,1.24437921,0.84702566,1.08635017,1.03004653,0.10325779
"8149",92,83,1.72633418,0,0.97844178,1.24437921,0.84702566,1.08635017,1.03004653,0.10495109
"8150",93,83,1.78571003,0,0.99991964,1.24437921,0.84702566,1.08635017,1.03004653,0.22870745
"8151",94,83,0.65109671,0.33816214,0.07989232,1.24437921,0.84702566,1.08635017,1.03004653,0.11149339
"8152",85,84,1.70990719,0.31534586,0.93314439,1.24031852,0.84426163,1.08280516,1.02668525,0.09616458
"8153",86,84,1.66225677,0.31534586,0.93887682,1.24031852,0.84426163,1.08280516,1.02668525,0.1590263
"8154",87,84,1.60273743,0.28958073,1.00766799,1.24031852,0.84426163,1.08280516,1.02668525,0.15320404
"8155",88,84,0.02983634,0.28958073,0.08324781,1.24031852,0.84426163,1.08280516,1.02668525,0.11040681
"8156",89,84,0.02983634,0.28958072,0.08324781,1.24031852,0.84426163,1.08280516,1.02668525,0.13370869
"8157",90,84,0.02976182,0.28958073,0.08313327,1.24031852,0.84426163,1.08280516,1.02668525,0.04605246
"8158",91,84,1.72906248,0,0.98303154,1.24031852,0.84426163,1.08280516,1.02668525,0.27868063
"8159",92,84,1.73675244,0,0.99674619,1.24031852,0.84426163,1.08280516,1.02668525,0.10932293
"8160",93,84,1.66705843,0,0.97375696,1.24031852,0.84426163,1.08280516,1.02668525,0.11958478
"8161",85,85,0.45022401,0.31431068,0.9376193,1.23624692,0.84149016,1.07925063,1.02331494,0.0834085
"8162",86,85,0.44876607,0.31431067,0.93351123,1.23624692,0.84149016,1.07925063,1.02331494,0.07526928
"8163",87,85,0.44919472,0.31431068,0.92841474,1.23624692,0.84149016,1.07925063,1.02331494,0.11500241
"8164",88,85,0.02933384,0.28863012,0.08256389,1.23624692,0.84149016,1.07925063,1.02331494,0.12094075
"8165",89,85,0.02949056,0.28863019,0.08258957,1.23624692,0.84149016,1.07925063,1.02331494,0.17255235
"8166",90,85,0.029246,0.28863019,0.08237422,1.23624692,0.84149016,1.07925063,1.02331494,0.20408037
"8167",91,85,1.10481091,0,0.0730231,1.23624692,0.84149016,1.07925063,1.02331494,0.08339932
"8168",92,85,0.03175776,0,0.08100461,1.23624692,0.84149016,1.07925063,1.02331494,0.05256476
"8169",93,85,0.68685221,0.28383518,0.9632089,1.23624692,0.84149016,1.07925063,1.02331494,0.09954874
"8170",86,86,0.44768534,0.31327286,0.92592546,1.23216493,0.83871163,1.07568703,1.01993604,0.11263292
"8171",87,86,0.44903609,0.31028274,0.92861529,1.23216493,0.83871163,1.07568703,1.01993604,0.17234639
"8172",88,86,0.39208437,0.28767708,0.99726634,1.23216493,0.83871163,1.07568703,1.01993604,0.16075317
"8173",89,86,1.5603257,0.28767708,0.08220837,1.23216493,0.83871163,1.07568703,1.01993604,0.15927513
"8174",90,86,1.65945255,0,0.07278199,1.23216493,0.83871163,1.07568703,1.01993604,0.11108966
"8175",91,86,0.03167553,0,0.08073899,1.23216493,0.83871163,1.07568703,1.01993604,0.07763591
"8176",92,86,0.06221237,0,0.08072937,1.23216493,0.83871163,1.07568703,1.01993604,0.09408077
"8177",93,86,0.67179355,0,0.07890177,1.23216493,0.83871163,1.07568703,1.01993604,0.10957541
"8178",86,87,1.67909687,0.29077185,0.93219575,1.22807203,0.83592567,1.0721139,1.0165481,0.0884367
"8179",87,87,1.67824607,0.30936853,0.92817443,1.22807203,0.83592567,1.0721139,1.0165481,0.18290618
"8180",88,87,1.55506366,0.2867215,0.08242591,1.22807203,0.83592567,1.0721139,1.0165481,0.33304134
"8181",89,87,1.65399104,0,0.07254022,1.22807203,0.83592567,1.0721139,1.0165481,0.07686803
"8182",90,87,1.08481548,0,0.07254022,1.22807203,0.83592567,1.0721139,1.0165481,0.05734386
"8183",91,87,0.03155558,0,0.08046959,1.22807203,0.83592567,1.0721139,1.0165481,0.04304958
"8184",92,87,0.62384545,0,0.08042003,1.22807203,0.83592567,1.0721139,1.0165481,0.08685324
"8185",93,87,0.70847414,0.34917351,0.96148575,1.22807203,0.83592567,1.0721139,1.0165481,0.02800557
"8186",88,88,1.57682527,0.28576337,0.99034359,1.2239682,0.83313227,1.06853124,1.01315112,0.11553778
"8187",89,88,1.64491553,0,0.07229782,1.2239682,0.83313227,1.06853124,1.01315112,0.08696398
"8188",90,88,0.62490617,0,0.0801943,1.2239682,0.83313227,1.06853124,1.01315112,0.0983895
"8189",91,88,0.6237031,0,0.08017526,1.2239682,0.83313227,1.06853124,1.01315112,0.06448465
"8190",92,88,0.62382447,0,0.07858511,1.2239682,0.83313227,1.06853124,1.01315112,0.0905611
"8191",93,88,0.35251112,0,0.9830958,1.2239682,0.83313227,1.06853124,1.01315112,0.06060728
"8192",94,88,0.37994835,0.34040372,0.98622464,1.2239682,0.83313227,1.06853124,1.01315112,0.03836412
"8193",88,89,1.19899765,0,1.02131747,1.21985401,0.83033181,1.06493952,1.00974556,0.09371081
"8194",89,89,0.63353341,0,0.95426343,1.21985401,0.83033181,1.06493952,1.00974556,0.13455574
"8195",90,89,0.63876512,0,0.94970916,1.21985401,0.83033181,1.06493952,1.00974556,0.15643364
"8196",91,89,0.40083088,0,0.95284006,1.21985401,0.83033181,1.06493952,1.00974556,0.13322435
"8197",92,89,0.35345416,0,0.98720535,1.21985401,0.83033181,1.06493952,1.00974556,0.06938667
"8198",93,89,0.35493746,0,0.99049195,1.21985401,0.83033181,1.06493952,1.00974556,0.09528398
"8199",94,89,0.38006887,0,0.98750253,1.21985401,0.83033181,1.06493952,1.00974556,0.10332876
"8200",95,89,0.59132425,0,0.98292875,1.21985401,0.83033181,1.06493952,1.00974556,0.08598856
"8201",89,90,0.66239228,0,0.9756042,1.21572889,0.82752392,1.06133827,1.00633095,0.13911892
"8202",90,90,0.35327601,0,0.98652437,1.21572889,0.82752392,1.06133827,1.00633095,0.07677861
"8203",91,90,0.35396686,0,0.98804922,1.21572889,0.82752392,1.06133827,1.00633095,0.16320326
"8204",92,90,0.35170235,0,0.98211409,1.21572889,0.82752392,1.06133827,1.00633095,0.38786461
"8205",93,90,0.6541087,0.04188717,0.97554263,1.21572889,0.82752392,1.06133827,1.00633095,0.22807346
"8206",94,90,0.60744279,0.35640885,0.94422343,1.21572889,0.82752392,1.06133827,1.00633095,0.08622609
"8207",89,91,0.67983436,0,1.10359649,1.21159285,0.8247086,1.05772749,1.00290731,0.13433555
"8208",90,91,0.65654848,0,1.0918514,1.21159285,0.8247086,1.05772749,1.00290731,0.14285434
"8209",91,91,0.49173422,0,0.77291987,1.21159285,0.8247086,1.05772749,1.00290731,0.15202295
"8210",92,91,0,0,0,1.21159285,0.8247086,1.05772749,1.00290731,0.13421649
"8211",92,92,0.51824026,0.0416018,0.75478379,1.20744644,0.82188621,1.05410764,0.99947507,0.19771684
"8212",84,85,0.45228848,0.31431067,0.9481285,1.23562753,0.84138895,1.07925063,1.02331494,0.01614995
"8213",80,86,1.70542379,0,0.90474963,1.23154759,0.83861075,1.07568703,1.01993604,0.26065985
"8214",81,86,1.70633064,0.31327284,0.90502263,1.23154759,0.83861075,1.07568703,1.01993604,0.10572763
"8215",83,86,1.59525512,0.31327284,0.9304405,1.23154759,0.83861075,1.07568703,1.01993604,0.06675523
"8216",84,86,0.34190265,0.31327284,0.93890514,1.23154759,0.83861075,1.07568703,1.01993604,0.22833073
"8217",85,86,0.4507713,0.31327284,0.94073621,1.23154759,0.83861075,1.07568703,1.01993604,0.11774054
"8218",74,87,1.65460113,0.31223224,0.92049694,1.22745674,0.83582513,1.0721139,1.0165481,0.19237399
"8219",75,87,1.58655589,0.31223224,0.91522131,1.22745674,0.83582513,1.0721139,1.0165481,0.10752047
"8220",76,87,1.70842077,0.31223231,0.92415155,1.22745674,0.83582513,1.0721139,1.0165481,0.18021863
"8221",77,87,1.7053218,0.31223231,0.92238066,1.22745674,0.83582513,1.0721139,1.0165481,0.23811227
"8222",78,87,1.59031366,0.31223225,0.92675908,1.22745674,0.83582513,1.0721139,1.0165481,0.48322114
"8223",79,87,1.57860731,0.31223224,0.89781783,1.22745674,0.83582513,1.0721139,1.0165481,0.31387376
"8224",80,87,1.58295141,0.31223224,0.90091843,1.22745674,0.83582513,1.0721139,1.0165481,0.17305163
"8225",81,87,1.58587412,0.31235897,0.90204582,1.22745674,0.83582513,1.0721139,1.0165481,0.12891191
"8226",82,87,1.58441381,0.31223224,0.90026852,1.22745674,0.83582513,1.0721139,1.0165481,0.13796665
"8227",83,87,1.58630804,0.31223224,0.90827109,1.22745674,0.83582513,1.0721139,1.0165481,0.08818594
"8228",84,87,1.58696106,0.31223224,0.91953325,1.22745674,0.83582513,1.0721139,1.0165481,0.05730121
"8229",85,87,1.59283441,0.31223224,0.94772677,1.22745674,0.83582513,1.0721139,1.0165481,0.0927201
"8230",74,88,1.51776988,0.31610309,0.93795601,1.22335497,0.83303207,1.06853124,1.01315112,0.11952083
"8231",75,88,1.58599781,0.31118886,0.92880305,1.22335497,0.83303207,1.06853124,1.01315112,0.14182108
"8232",76,88,1.58337245,0.31118886,0.91616152,1.22335497,0.83303207,1.06853124,1.01315112,0.29506084
"8233",77,88,1.57990154,0.31118886,0.90033883,1.22335497,0.83303207,1.06853124,1.01315112,0.17960742
"8234",78,88,1.58237146,0.31118886,0.90898952,1.22335497,0.83303207,1.06853124,1.01315112,0.20982724
"8235",79,88,1.58130973,0.3113792,0.89944439,1.22335497,0.83303207,1.06853124,1.01315112,0.14961237
"8236",80,88,1.57773933,0.31118886,0.89820483,1.22335497,0.83303207,1.06853124,1.01315112,0.33891693
"8237",81,88,1.56968028,0.31118886,0.08264034,1.22335497,0.83303207,1.06853124,1.01315112,0.21469587
"8238",82,88,1.58025332,0.31118887,0.90333953,1.22335497,0.83303207,1.06853124,1.01315112,0.16561383
"8239",83,88,1.5802333,0.31118886,0.90740235,1.22335497,0.83303207,1.06853124,1.01315112,0.18464332
"8240",84,88,1.57995759,0.31118886,0.9075327,1.22335497,0.83303207,1.06853124,1.01315112,0.23883337
"8241",85,88,1.57712719,0.31118886,0.90046413,1.22335497,0.83303207,1.06853124,1.01315112,0.13226709
"8242",86,88,1.69569979,0.31118886,0.89607011,1.22335497,0.83303207,1.06853124,1.01315112,0.07740756
"8243",87,88,1.62570712,0.28576344,0.9769943,1.22335497,0.83303207,1.06853124,1.01315112,0.15116018
"8244",74,89,1.52852653,0.31014284,0.89906665,1.21924283,0.83023194,1.06493952,1.00974556,0.1477721
"8245",75,89,1.57573352,0.31014284,0.90114497,1.21924283,0.83023194,1.06493952,1.00974556,0.13293487
"8246",76,89,1.576191,0.31041028,0.89750615,1.21924283,0.83023194,1.06493952,1.00974556,0.13068985
"8247",77,89,1.5764834,0.3102041,0.90150601,1.21924283,0.83023194,1.06493952,1.00974556,0.20016671
"8248",78,89,1.57761405,0.31042788,0.90308086,1.21924283,0.83023194,1.06493952,1.00974556,0.1674865
"8249",79,89,1.57622696,0.31027057,0.89921945,1.21924283,0.83023194,1.06493952,1.00974556,0.18118205
"8250",80,89,1.584258,0.31014284,0.94341687,1.21924283,0.83023194,1.06493952,1.00974556,0.28928158
"8251",81,89,1.57227507,0.31014291,0.89903192,1.21924283,0.83023194,1.06493952,1.00974556,0.27830712
"8252",82,89,1.57085829,0.31014284,0.91017516,1.21924283,0.83023194,1.06493952,1.00974556,0.21118595
"8253",83,89,1.57426846,0.31014284,0.9131949,1.21924283,0.83023194,1.06493952,1.00974556,0.28259973
"8254",84,89,1.57243364,0.31014291,0.90555775,1.21924283,0.83023194,1.06493952,1.00974556,0.20963243
"8255",85,89,1.57333096,0.31014284,0.89294097,1.21924283,0.83023194,1.06493952,1.00974556,0.27421139
"8256",86,89,1.57979708,0.31014284,0.9061641,1.21924283,0.83023194,1.06493952,1.00974556,0.11578948
"8257",87,89,0.33767315,0.31014284,0.91147469,1.21924283,0.83023194,1.06493952,1.00974556,0.09830967
"8258",74,90,0.34834188,0.31146011,0.90833219,1.21511978,0.82742439,1.06133827,1.00633095,0.14659275
"8259",75,90,1.57036127,0.30920933,0.89307946,1.21511978,0.82742439,1.06133827,1.00633095,0.13197958
"8260",76,90,0.33013858,0.30909405,0.89462608,1.21511978,0.82742439,1.06133827,1.00633095,0.10773711
"8261",77,90,0.33556682,0.30909405,0.91452152,1.21511978,0.82742439,1.06133827,1.00633095,0.16246327
"8262",78,90,0.33801471,0.30909405,0.91004315,1.21511978,0.82742439,1.06133827,1.00633095,0.15859688
"8263",79,90,1.57267194,0.30909413,0.89313003,1.21511978,0.82742439,1.06133827,1.00633095,0.17551347
"8264",80,90,1.56929085,0.30925539,0.892025,1.21511978,0.82742439,1.06133827,1.00633095,0.26882646
"8265",81,90,1.56868907,0.30909528,0.8913809,1.21511978,0.82742439,1.06133827,1.00633095,0.2248404
"8266",82,90,1.57392596,0.30865512,0.91887029,1.21511978,0.82742439,1.06133827,1.00633095,0.25430288
"8267",83,90,1.57160358,0.30909405,0.91152912,1.21511978,0.82742439,1.06133827,1.00633095,0.25962933
"8268",84,90,0.32720853,0.30909412,0.89276616,1.21511978,0.82742439,1.06133827,1.00633095,0.22696533
"8269",85,90,0.33066541,0.30909412,0.90094066,1.21511978,0.82742439,1.06133827,1.00633095,0.13458558
"8270",86,90,0.33294099,0.30909405,0.90828158,1.21511978,0.82742439,1.06133827,1.00633095,0.16222143
"8271",87,90,0.62896941,0,0.945621,1.21511978,0.82742439,1.06133827,1.00633095,0.14637459
"8272",88,90,0.08253227,0,0,1.21511978,0.82742439,1.06133827,1.00633095,0.17132293
"8273",74,91,0.32853614,0.30804255,0.8923129,1.21098581,0.82460941,1.05772749,1.00290731,0.18690804
"8274",75,91,0.32896863,0.30804248,0.88968367,1.21098581,0.82460941,1.05772749,1.00290731,0.10686933
"8275",76,91,0.33520421,0.30804248,0.90165888,1.21098581,0.82460941,1.05772749,1.00290731,0.09643462
"8276",77,91,0.33771914,0.30804255,0.89574761,1.21098581,0.82460941,1.05772749,1.00290731,0.38244644
"8277",78,91,0.33832871,0.30804249,0.8961902,1.21098581,0.82460941,1.05772749,1.00290731,0.21776263
"8278",79,91,0.33559944,0.30804248,0.8952113,1.21098581,0.82460941,1.05772749,1.00290731,0.20417784
"8279",80,91,1.56907309,0.30804248,0.89793423,1.21098581,0.82460941,1.05772749,1.00290731,0.14688455
"8280",81,91,0.32782823,0.30804256,0.89048852,1.21098581,0.82460941,1.05772749,1.00290731,0.21803947
"8281",82,91,0.33541152,0.30804248,0.91520704,1.21098581,0.82460941,1.05772749,1.00290731,0.15789116
"8282",83,91,0.3341859,0.30804248,0.91083998,1.21098581,0.82460941,1.05772749,1.00290731,0.23442496
"8283",84,91,1.56746381,0.30804248,0.90971128,1.21098581,0.82460941,1.05772749,1.00290731,0.18203306
"8284",85,91,1.56518251,0.30804249,0.90574329,1.21098581,0.82460941,1.05772749,1.00290731,0.12815375
"8285",86,91,0.62471776,0.28145941,0.94208446,1.21098581,0.82460941,1.05772749,1.00290731,0.17289161
"8286",87,91,0.0818652,0,0.05072327,1.21098581,0.82460941,1.05772749,1.00290731,0.13506729
"8287",88,91,0.68879729,0,0.98887207,1.21098581,0.82460941,1.05772749,1.00290731,0.20210094
"8288",73,92,0.3511382,0.27323877,0.87290458,1.20684148,0.82178736,1.05410764,0.99947507,0.26676837
"8289",74,92,0.35570461,0.27323877,0.89858579,1.20684148,0.82178736,1.05410764,0.99947507,0.22768485
"8290",75,92,0.36001395,0.27323877,0.90067884,1.20684148,0.82178736,1.05410764,0.99947507,0.22200891
"8291",76,92,0.33318992,0.30698827,0.88538739,1.20684148,0.82178736,1.05410764,0.99947507,0.18245571
"8292",77,92,0.33126958,0.30698827,0.89662772,1.20684148,0.82178736,1.05410764,0.99947507,0.18423242
"8293",78,92,0.3335762,0.32042436,0.90819556,1.20684148,0.82178736,1.05410764,0.99947507,0.1250001
"8294",79,92,0.33527569,0.32083182,0.91066156,1.20684148,0.82178736,1.05410764,0.99947507,0.12764169
"8295",80,92,0.33463347,0.33318819,0.91246713,1.20684148,0.82178736,1.05410764,0.99947507,0.10370556
"8296",73,93,0.33112248,0.2598092,0.81570315,1.14752575,0.78139687,1.00229871,0.95035131,0.17133164
"8297",74,93,0.34867627,0.27229811,0.85607419,1.20268677,0.81895825,1.05047875,0.99603426,0.1402612
"8298",75,93,0.35066132,0.30827327,0.86392534,1.20268677,0.81895825,1.05047875,0.99603426,0.13184183
"8299",68,84,0.32197097,0,0.999464,1.2401653,0.84448728,1.08280516,1.02668525,0.09321258
"8300",69,84,0.34251654,0,1.0163698,1.24025042,0.84431804,1.08280516,1.02668525,0.11283081
"8301",67,85,0.34623567,0,0.98178742,1.23617904,0.84154639,1.07925063,1.02331494,0.03572837
"8302",68,85,0.34154428,0.31431074,1.01403013,1.23617904,0.84154639,1.07925063,1.02331494,0.0252372
"8303",69,85,0.34158798,0,1.01375827,1.23617904,0.84154639,1.07925063,1.02331494,0.08424195
"8304",70,85,0.34121105,0.31431067,1.012538,1.23617904,0.84154639,1.07925063,1.02331494,0.12597829
"8305",71,85,1.38493881,0,0.07990447,1.23617904,0.84154639,1.07925063,1.02331494,0.1497151
"8306",72,85,1.42396379,0.31427057,1.0148817,1.23617904,0.84154639,1.07925063,1.02331494,0.27335791
"8307",66,86,0.33797248,0.3156709,0.96346935,1.23209728,0.83876767,1.07568703,1.01993604,0.05952629
"8308",67,86,0.34008912,0.31567083,0.94850356,1.23209728,0.83876767,1.07568703,1.01993604,0.09705062
"8309",68,86,0.33944842,0.3589855,1.0103641,1.23209728,0.83876767,1.07568703,1.01993604,0.14345679
"8310",69,86,0.34120157,0.31327284,1.01489544,1.23209728,0.83876767,1.07568703,1.01993604,0.17280899
"8311",70,86,0.34073562,0.31327284,1.01357435,1.23209728,0.83876767,1.07568703,1.01993604,0.28931193
"8312",71,86,1.42146603,0.31327284,1.0138335,1.23209728,0.83876767,1.07568703,1.01993604,0.25164825
"8313",72,86,1.5321524,0.31955368,1.00886877,1.23209728,0.83876767,1.07568703,1.01993604,0.31119235
"8314",66,87,0.33832787,0.31462233,0.95390615,1.2280046,0.83598152,1.0721139,1.0165481,0.02840214
"8315",67,87,0.33603411,0.31462232,0.93816857,1.2280046,0.83598152,1.0721139,1.0165481,0.0364727
"8316",68,87,0.33890886,0.33081293,1.00928114,1.2280046,0.83598152,1.0721139,1.0165481,0.13376968
"8317",69,87,0.33965277,0.32428552,1.01092844,1.2280046,0.83598152,1.0721139,1.0165481,0.3324737
"8318",70,87,0.33908452,0.31223224,1.00825008,1.2280046,0.83598152,1.0721139,1.0165481,0.3490995
"8319",71,87,1.41555901,0.33732752,1.00789559,1.2280046,0.83598152,1.0721139,1.0165481,0.36227446
"8320",72,87,1.41504899,0.35284496,1.00769254,1.2280046,0.83598152,1.0721139,1.0165481,0.21393295
"8321",73,87,1.4151794,0.3217084,1.01008551,1.2280046,0.83598152,1.0721139,1.0165481,0.17605786
"8322",66,88,0.33164765,0.31357096,0.92231987,1.223901,0.83318794,1.06853124,1.01315112,0.10537999
"8323",67,88,0.33325985,0.31357096,0.92886298,1.223901,0.83318794,1.06853124,1.01315112,0.16747785
"8324",68,88,0.33617045,0.31357096,0.93655222,1.223901,0.83318794,1.06853124,1.01315112,0.19805608
"8325",69,88,0.32996917,0.31357096,0.92458891,1.223901,0.83318794,1.06853124,1.01315112,0.31798798
"8326",70,88,0.32884547,0.31357096,0.91924776,1.223901,0.83318794,1.06853124,1.01315112,0.70086806
"8327",71,88,1.40995325,0.31610349,1.00733781,1.223901,0.83318794,1.06853124,1.01315112,0.28894787
"8328",72,88,1.39370528,0.32122543,1.00544255,1.223901,0.83318794,1.06853124,1.01315112,0.13356976
"8329",73,88,1.40644849,0.34200147,1.0067193,1.223901,0.83318794,1.06853124,1.01315112,0.05528153
"8330",64,89,0.13962087,0.13096809,0.39026314,0.51118248,0.34799471,0.44628973,0.42315931,0.24891042
"8331",65,89,0.33434283,0.31251694,0.9316102,1.21978703,0.83038729,1.06493952,1.00974556,0.28316173
"8332",66,89,0.33444275,0.31251694,0.9329757,1.21978703,0.83038729,1.06493952,1.00974556,0.27486307
"8333",67,89,0.33485959,0.31251686,0.93363853,1.21978703,0.83038729,1.06493952,1.00974556,0.14528578
"8334",68,89,0.33406226,0.31251694,0.93244301,1.21978703,0.83038729,1.06493952,1.00974556,0.22249384
"8335",69,89,0.3343674,0.31251694,0.93286192,1.21978703,0.83038729,1.06493952,1.00974556,0.19847096
"8336",70,89,0.33429004,0.31251694,0.9321208,1.21978703,0.83038729,1.06493952,1.00974556,0.19751977
"8337",71,89,0.33490236,0.31251694,0.93374815,1.21978703,0.83038729,1.06493952,1.00974556,0.13331883
"8338",72,89,0.33331014,0.31251694,0.9307721,1.21978703,0.83038729,1.06493952,1.00974556,0.03595284
"8339",73,89,1.37747595,0.32747882,0.99879621,1.21978703,0.83038729,1.06493952,1.00974556,0.07346418
"8340",65,90,0.13091641,0.12175184,0.36457057,0.47521047,0.32350626,0.41488424,0.39338151,0.08641029
"8341",66,90,0.24938868,0.23328251,0.69589757,0.91052661,0.61985388,0.79493858,0.75373829,0.17588232
"8342",67,90,0.33242072,0.31073677,0.9273885,1.21283887,0.82565723,1.0588734,1.00399383,0.18972014
"8343",68,90,0.33342118,0.3114601,0.92996426,1.21566214,0.82757922,1.06133827,1.00633095,0.17320888
"8344",69,90,0.33263298,0.31146011,0.92856345,1.21566214,0.82757922,1.06133827,1.00633095,0.15709261
"8345",70,90,0.33265088,0.31146011,0.92860925,1.21566214,0.82757922,1.06133827,1.00633095,0.15620908
"8346",71,90,0.32601634,0.31146011,0.90611455,1.21566214,0.82757922,1.06133827,1.00633095,0.10197085
"8347",72,90,0.32702735,0.31146011,0.91085386,1.21566214,0.82757922,1.06133827,1.00633095,0.10095124
"8348",73,90,0.33209567,0.31146011,0.92778309,1.21566214,0.82757922,1.06133827,1.00633095,0.08898352
"8349",68,91,0.097254,0.09041422,0.27089333,0.35289637,0.2402392,0.30809747,0.29212931,0.10524914
"8350",69,91,0.16439381,0.15432534,0.45888764,0.60234832,0.41005715,0.5258824,0.49862683,0.11378866
"8351",70,91,0.21490205,0.20212604,0.60041121,0.78891955,0.53706816,0.6887691,0.65307139,0.30634224
"8352",71,91,0.3197529,0.30057491,0.89294418,1.17317602,0.79865619,1.02424562,0.97116074,0.21989397
"8353",72,91,0.3286688,0.31040048,0.92080573,1.21152633,0.8247637,1.05772749,1.00290731,0.0999676
"8354",73,91,0.33630625,0.31040049,0.91801543,1.21152633,0.8247637,1.05772749,1.00290731,0.16469681
"8355",72,92,0.22371568,0.20454504,0.5904848,0.79800503,0.54339403,0.69701218,0.66088725,0.2330556
"8356",71,70,0.87627623,0.39653393,1.00776852,1.29707145,0.88253403,1.13155863,1.07291191,0.03869531
"8357",72,70,0.87843415,0.40830925,0.08742854,1.29707145,0.88253403,1.13155863,1.07291191,0.05361009
"8358",73,70,0.87307859,0.41031991,0.08742854,1.29707145,0.88253403,1.13155863,1.07291191,0.1131811
"8359",70,71,1.61829595,0.36301035,0.07837416,1.29315216,0.87986733,1.12813947,1.06966996,0.06387185
"8360",71,71,1.55941723,0.38542744,0.07799219,1.29315216,0.87986733,1.12813947,1.06966996,0.0370294
"8361",72,71,1.56013438,0.34518608,0.08015212,1.29315216,0.87986733,1.12813947,1.06966996,0.07272741
"8362",73,71,1.15796566,0,1.0979443,1.29315216,0.87986733,1.12813947,1.06966996,0.11251919
"8363",74,71,1.16996863,0,1.10389933,1.29315216,0.87986733,1.12813947,1.06966996,0.04692978
"8364",75,71,1.16005519,0,1.10383762,1.29315216,0.87986733,1.12813947,1.06966996,0.12028683
"8365",76,71,1.1496264,0,1.10091737,1.29315216,0.87986733,1.12813947,1.06966996,0.05200031
"8366",77,71,1.14633969,0,1.1038622,1.29315216,0.87986733,1.12813947,1.06966996,0.0932469
"8367",78,71,1.14958472,0,1.10301926,1.29315216,0.87986733,1.12813947,1.06966996,0.03031631
"8368",69,72,0.6803584,0.37617788,0.07917183,1.2892214,0.87719282,1.12471029,1.06641851,0.09137409
"8369",70,72,1.55602414,0.35235985,0.07957161,1.2892214,0.87719282,1.12471029,1.06641851,0.03082118
"8370",71,72,1.5246202,0.36521146,0.06338695,1.2892214,0.87719282,1.12471029,1.06641851,0.03874575
"8371",72,72,1.55233798,0.34696298,0.960746,1.2892214,0.87719282,1.12471029,1.06641851,0.02552431
"8372",73,72,1.58973661,0.35385406,0.97675255,1.2892214,0.87719282,1.12471029,1.06641851,0.11924745
"8373",74,72,1.55376638,0.36358348,0.07856713,1.2892214,0.87719282,1.12471029,1.06641851,0.2246778
"8374",75,72,1.58973077,0.32754991,0.97907221,1.2892214,0.87719282,1.12471029,1.06641851,0.04065198
"8375",76,72,1.58752808,0.30143889,0.97875311,1.2892214,0.87719282,1.12471029,1.06641851,0.03711428
"8376",77,72,1.6016936,0.30143896,0.98667543,1.2892214,0.87719282,1.12471029,1.06641851,0.01603751
"8377",78,72,1.60261531,0.30143896,0.98905854,1.2892214,0.87719282,1.12471029,1.06641851,0.18339778
"8378",79,72,1.59998055,0.32279044,0.98361682,1.2892214,0.87719282,1.12471029,1.06641851,0.0939623
"8379",80,72,1.14486044,0.33522809,1.05652714,1.2892214,0.87719282,1.12471029,1.06641851,0.04412149
"8380",68,73,0.71372643,0.35084143,0.98029344,1.28527972,0.87451088,1.12127159,1.06315803,0.08270656
"8381",69,73,1.59460938,0.35794603,0.97845699,1.28527972,0.87451088,1.12127159,1.06315803,0.04351082
"8382",70,73,1.59558833,0.33312011,0.97924544,1.28527972,0.87451088,1.12127159,1.06315803,0.06087625
"8383",71,73,1.59262416,0.35703918,0.98030359,1.28527972,0.87451088,1.12127159,1.06315803,0.03931325
"8384",72,73,0.46459454,0.34924211,0.97845805,1.28527972,0.87451088,1.12127159,1.06315803,0.07723342
"8385",73,73,0.46491047,0.33395664,0.9795697,1.28527972,0.87451088,1.12127159,1.06315803,0.08843551
"8386",74,73,0.38134058,0.34576094,0.97676353,1.28527972,0.87451088,1.12127159,1.06315803,0.09653572
"8387",75,73,1.59519661,0.33271389,0.97945889,1.28527972,0.87451088,1.12127159,1.06315803,0.07381581
"8388",76,73,1.59560043,0.32654846,0.98041327,1.28527972,0.87451088,1.12127159,1.06315803,0.08677049
"8389",77,73,0.46587609,0.32654846,0.98228437,1.28527972,0.87451088,1.12127159,1.06315803,0.08333339
"8390",78,73,0.46188381,0.32654846,0.98612872,1.28527972,0.87451088,1.12127159,1.06315803,0.04965211
"8391",79,73,1.59558984,0.32654854,0.98287501,1.28527972,0.87451088,1.12127159,1.06315803,0.06193981
"8392",80,73,0.46518844,0.33073537,0.97982078,1.28527972,0.87451088,1.12127159,1.06315803,0.05343484
"8393",81,73,0.46400304,0.34375094,0.9759171,1.28527972,0.87451088,1.12127159,1.06315803,0.07476893
"8394",65,74,0.71152142,0.32554408,0.978412,1.28132656,0.87182113,1.11782287,1.05988805,0.17040015
"8395",66,74,1.59015301,0.34897348,0.9821769,1.28132656,0.87182113,1.11782287,1.05988805,0.11000403
"8396",67,74,0.46579151,0.32533456,0.98326568,1.28132656,0.87182113,1.11782287,1.05988805,0.13798853
"8397",68,74,0.38125614,0.32999118,0.97915698,1.28132656,0.87182113,1.11782287,1.05988805,0.08110833
"8398",69,74,0.4611405,0.34615703,0.97281031,1.28132656,0.87182113,1.11782287,1.05988805,0.05762082
"8399",70,74,0.46061047,0.35556537,0.97222675,1.28132656,0.87182113,1.11782287,1.05988805,0.06818163
"8400",71,74,1.58099497,0.37705501,0.97200469,1.28132656,0.87182113,1.11782287,1.05988805,0.03677981
"8401",72,74,0.46212893,0.33367883,0.97267245,1.28132656,0.87182113,1.11782287,1.05988805,0.02857495
"8402",73,74,0.3801328,0.32494225,0.97439911,1.28132656,0.87182113,1.11782287,1.05988805,0.03647422
"8403",74,74,0.38062829,0.33033179,0.97621996,1.28132656,0.87182113,1.11782287,1.05988805,0.02304126
"8404",75,74,0.46168557,0.35846625,0.96967472,1.28132656,0.87182113,1.11782287,1.05988805,0.02803718
"8405",76,74,0.46455041,0.32554408,0.9806332,1.28132656,0.87182113,1.11782287,1.05988805,0.06188594
"8406",77,74,0.46462772,0.32554408,0.98045765,1.28132656,0.87182113,1.11782287,1.05988805,0.15619213
"8407",78,74,0.46419715,0.32554408,0.97807588,1.28132656,0.87182113,1.11782287,1.05988805,0.36016985
"8408",79,74,0.46427575,0.3255441,0.97825757,1.28132656,0.87182113,1.11782287,1.05988805,0.12411053
"8409",80,74,0.46408906,0.32554416,0.97801209,1.28132656,0.87182113,1.11782287,1.05988805,0.05420372
"8410",81,74,0.46270318,0.32554408,0.97312526,1.28132656,0.87182113,1.11782287,1.05988805,0.07597533
"8411",64,75,1.17575314,0.32428685,0.9905382,1.27736247,0.86912394,1.11436462,1.05660904,0.20643182
"8412",65,75,0.46158648,0.32422655,0.97113511,1.27736247,0.86912394,1.11436462,1.05660904,0.18039696
"8413",66,75,0.46059482,0.37715082,0.97450532,1.27736247,0.86912394,1.11436462,1.05660904,0.13406443
"8414",67,75,0.46079624,0.32392156,0.9743973,1.27736247,0.86912394,1.11436462,1.05660904,0.12965766
"8415",68,75,0.46071149,0.32421477,0.97461333,1.27736247,0.86912394,1.11436462,1.05660904,0.16262901
"8416",69,75,1.583719,0.32938238,0.97337423,1.27736247,0.86912394,1.11436462,1.05660904,0.10176884
"8417",70,75,1.53856332,0.34006348,0.07951618,1.27736247,0.86912394,1.11436462,1.05660904,0.08162594
"8418",71,75,1.53925789,0.35391084,0.08019704,1.27736247,0.86912394,1.11436462,1.05660904,0.06675429
"8419",72,75,1.55609976,0.34160523,0.97098606,1.27736247,0.86912394,1.11436462,1.05660904,0.10876457
"8420",73,75,1.53889404,0.37235106,0.07924026,1.27736247,0.86912394,1.11436462,1.05660904,0.10778923
"8421",74,75,1.53951929,0.36343173,0.08033121,1.27736247,0.86912394,1.11436462,1.05660904,0.11913417
"8422",75,75,1.53964965,0.37169972,0.07850676,1.27736247,0.86912394,1.11436462,1.05660904,0.10390297
"8423",76,75,0.46472065,0.36185205,0.97286388,1.27736247,0.86912394,1.11436462,1.05660904,0.19040133
"8424",77,75,0.46584713,0.39356168,0.97812427,1.27736247,0.86912394,1.11436462,1.05660904,0.06175024
"8425",78,75,0.37965848,0.3242322,0.9739577,1.27736247,0.86912394,1.11436462,1.05660904,0.08343496
"8426",79,75,0.46213543,0.32438975,0.97464093,1.27736247,0.86912394,1.11436462,1.05660904,0.06229295
"8427",80,75,0.37974881,0.32447483,0.9747719,1.27736247,0.86912394,1.11436462,1.05660904,0.06223706
"8428",81,75,0.46054706,0.36051697,0.96755728,1.27736247,0.86912394,1.11436462,1.05660904,0.04180153
"8429",65,76,1.18186628,0.36779646,0.9543445,1.27338691,0.86641895,1.11089636,1.05332053,0.09230969
"8430",66,76,0.45890958,0.33626437,0.96895704,1.27338691,0.86641895,1.11089636,1.05332053,0.10395008
"8431",67,76,0.45926697,0.35186219,0.96916569,1.27338691,0.86641895,1.11089636,1.05332053,0.31332178
"8432",68,76,0.45910805,0.33467995,0.96934606,1.27338691,0.86641895,1.11089636,1.05332053,0.47357886
"8433",69,76,0.46036149,0.3230241,0.96955017,1.27338691,0.86641895,1.11089636,1.05332053,0.21414083
"8434",70,76,0.46066432,0.32234768,0.97088086,1.27338691,0.86641895,1.11089636,1.05332053,0.09838767
"8435",71,76,1.58016389,0.33751344,0.96771571,1.27338691,0.86641895,1.11089636,1.05332053,0.11319956
"8436",72,76,0.46241196,0.38093913,0.96476106,1.27338691,0.86641895,1.11089636,1.05332053,0.10534456
"8437",73,76,0.10522795,0.36072585,0.06260842,1.27338691,0.86641895,1.11089636,1.05332053,0.03758741
"8438",74,76,0.10923661,0.36072585,0.06260842,1.27338691,0.86641895,1.11089636,1.05332053,0.10781573
"8439",75,76,0.10904265,0.36072585,0.06260842,1.27338691,0.86641895,1.11089636,1.05332053,0.04792737
"8440",76,76,0.106577,0.36072585,0.06253927,1.27338691,0.86641895,1.11089636,1.05332053,0.08274594
"8441",77,76,0.10942784,0.38598673,0.06260841,1.27338691,0.86641895,1.11089636,1.05332053,0.04214407
"8442",78,76,0.05563595,0.32274059,0.08006298,1.27338691,0.86641895,1.11089636,1.05332053,0.06039315
"8443",79,76,0.45879966,0.32283867,0.97000139,1.27338691,0.86641895,1.11089636,1.05332053,0.015103
"8444",80,76,0.37744956,0.32329574,0.97068181,1.27338691,0.86641895,1.11089636,1.05332053,0.01902376
"8445",66,77,1.12454292,0.32182054,0.07978421,1.26940042,0.86370652,1.10741857,1.05002298,0.08783398
"8446",67,77,0.13655174,0.35243988,0.07792629,1.26940042,0.86370652,1.10741857,1.05002298,0.08392459
"8447",68,77,0.45683859,0.32173021,0.96599932,1.26940042,0.86370652,1.10741857,1.05002298,0.06359184
"8448",69,77,0.13695158,0.32214554,0.0796986,1.26940042,0.86370652,1.10741857,1.05002298,0.06548606
"8449",70,77,0.37554314,0.34695164,0.96074405,1.26940042,0.86370652,1.10741857,1.05002298,0.02440421
"8450",71,77,0.13723577,0.35668195,0.07831665,1.26940042,0.86370652,1.10741857,1.05002298,0.26385012
"8451",72,77,0.45854474,0.32202661,0.96270488,1.26940042,0.86370652,1.10741857,1.05002298,0.23293336
"8452",73,77,0.42942788,0.38256144,0.94382895,1.26940042,0.86370652,1.10741857,1.05002298,0.04241071
"8453",74,77,0.10489852,0.35959648,0.06241241,1.26940042,0.86370652,1.10741857,1.05002298,0.02894025
"8454",75,77,0.10489853,0.35959655,0.06241241,1.26940042,0.86370652,1.10741857,1.05002298,0.06098186
"8455",76,77,0.10474657,0.35959648,0.06241241,1.26940042,0.86370652,1.10741857,1.05002298,0.07699634
"8456",77,77,0.10896219,0.35959648,0.06241241,1.26940042,0.86370652,1.10741857,1.05002298,0.04487121
"8457",78,77,0.10899754,0.37122513,0.06257416,1.26940042,0.86370652,1.10741857,1.05002298,0.04454584
"8458",79,77,0.45914959,0.33232517,0.96389565,1.26940042,0.86370652,1.10741857,1.05002298,0.04075664
"8459",80,77,0.45427633,0.34791929,0.96214366,1.26940042,0.86370652,1.10741857,1.05002298,0.11558846
"8460",81,77,0.12909488,0.39493547,0.07329321,1.26940042,0.86370652,1.10741857,1.05002298,0.07117096
"8461",68,78,1.12490581,0.35848237,0.96059995,1.265403,0.86098665,1.10393124,1.0467164,0.06615641
"8462",69,78,0.37325371,0.36523417,0.95922105,1.265403,0.86098665,1.10393124,1.0467164,0.11424657
"8463",70,78,0.37343356,0.38421056,0.95764948,1.265403,0.86098665,1.10393124,1.0467164,0.16503468
"8464",71,78,0.13684968,0.36482146,0.07792313,1.265403,0.86098665,1.10393124,1.0467164,0.10154321
"8465",72,78,1.56994813,0.35575361,0.95869283,1.265403,0.86098665,1.10393124,1.0467164,0.09814767
"8466",73,78,0.457507,0.32149843,0.96283039,1.265403,0.86098665,1.10393124,1.0467164,0.14274225
"8467",74,78,0.10736519,0.35846416,0.06019805,1.265403,0.86098665,1.10393124,1.0467164,0.08787851
"8468",75,78,0.10857889,0.35846416,0.0614568,1.265403,0.86098665,1.10393124,1.0467164,0.13562283
"8469",76,78,0.1073301,0.35846416,0.06221587,1.265403,0.86098665,1.10393124,1.0467164,0.04151792
"8470",77,78,0.10782762,0.35846416,0.06221587,1.265403,0.86098665,1.10393124,1.0467164,0.09685639
"8471",78,78,0.10704855,0.35934017,0.06221587,1.265403,0.86098665,1.10393124,1.0467164,0.13196343
"8472",79,78,0.13175847,0.36279472,0.07224886,1.265403,0.86098665,1.10393124,1.0467164,0.14493545
"8473",80,78,0.43913386,0.36418594,0.95370285,1.265403,0.86098665,1.10393124,1.0467164,0.08582861
"8474",81,78,0.43350457,0.41387889,0.99274741,1.26564601,0.86083712,1.10393124,1.0467164,0.07637022
"8475",69,79,0.37231345,0.3665286,0.96122694,1.26139411,0.85825898,1.1004339,1.04340032,0.03672816
"8476",70,79,0.37094553,0.39326548,0.95754093,1.26139411,0.85825898,1.1004339,1.04340032,0.03393209
"8477",71,79,1.56298285,0.35264572,0.95688278,1.26139411,0.85825898,1.1004339,1.04340032,0.07867664
"8478",72,79,1.52431806,0.33547922,0.07895427,1.26139411,0.85825898,1.1004339,1.04340032,0.04806641
"8479",73,79,1.56979957,0.37076875,0.95847478,1.26139411,0.85825898,1.1004339,1.04340032,0.06579947
"8480",74,79,0.44931835,0.36650836,0.95676107,1.26139411,0.85825898,1.1004339,1.04340032,0.19662872
"8481",75,79,0.13147639,0.37357981,0.07587059,1.26139411,0.85825898,1.1004339,1.04340032,0.4635107
"8482",76,79,0.12990146,0.36303217,0.07269617,1.26139411,0.85825898,1.1004339,1.04340032,0.23645651
"8483",77,79,0.12683241,0.36303217,0.07258915,1.26139411,0.85825898,1.1004339,1.04340032,0.087389
"8484",78,79,0.08391156,0.3942213,0.06816311,1.26139411,0.85825898,1.1004339,1.04340032,0.06155554
"8485",79,79,0.40315181,0.36032558,0.95598971,1.26139411,0.85825898,1.1004339,1.04340032,0.08355132
"8486",80,79,0.35002261,0.36303217,0.96679963,1.26139411,0.85825898,1.1004339,1.04340032,0.20936843
"8487",81,79,0.34601749,0.35631068,1.00535728,1.26139411,0.85825898,1.1004339,1.04340032,0.07624737
"8488",69,80,1.12209949,0.3909246,0.96890839,1.25737483,0.85552425,1.09692751,1.04007566,0.01061053
"8489",70,80,0.37172615,0.36642347,0.95869563,1.25737483,0.85552425,1.09692751,1.04007566,0.0497835
"8490",71,80,0.37095146,0.38537315,0.95567677,1.25737483,0.85552425,1.09692751,1.04007566,0.11080899
"8491",72,80,0.05466605,0.36250271,0.07812053,1.25737483,0.85552425,1.09692751,1.04007566,0.10246695
"8492",73,80,0.0302834,0.36083015,0.07799138,1.25737483,0.85552425,1.09692751,1.04007566,0.01977444
"8493",74,80,0.36677737,0.37627412,0.93542355,1.25737483,0.85552425,1.09692751,1.04007566,0.05917896
"8494",75,80,0.40393212,0.36102136,0.94156032,1.25737483,0.85552425,1.09692751,1.04007566,0.07385377
"8495",76,80,0.40290579,0.36187542,0.93724412,1.25737483,0.85552425,1.09692751,1.04007566,0.08381066
"8496",77,80,0.39775263,0.34052842,0.93978282,1.25737483,0.85552425,1.09692751,1.04007566,0.10688241
"8497",78,80,0.40426947,0.3409105,0.96046693,1.25737483,0.85552425,1.09692751,1.04007566,0.0830225
"8498",79,80,0.46824175,0.31945872,0.96487737,1.25737483,0.85552425,1.09692751,1.04007566,0.12294929
"8499",80,80,0.46184187,0.36042678,0.9651304,1.25737483,0.85552425,1.09692751,1.04007566,0.20693352
"8500",81,80,0.14751934,0.33839305,0.07993305,1.25737483,0.85552425,1.09692751,1.04007566,0.08058315
"8501",69,81,1.55649592,0.35464354,0.95641235,1.25334409,0.85278171,1.0934111,1.0367415,0.03974436
"8502",70,81,0.36997907,0.3643509,0.95354381,1.25334409,0.85278171,1.0934111,1.0367415,0.05778214
"8503",71,81,1.55618426,0.36425519,0.9515573,1.25334409,0.85278171,1.0934111,1.0367415,0.0482307
"8504",72,81,1.51423366,0.36688968,0.07821241,1.25334409,0.85278171,1.0934111,1.0367415,0.1221854
"8505",73,81,0.0545581,0.3601901,0.07781139,1.25334409,0.85278171,1.0934111,1.0367415,0.05262036
"8506",74,81,0.05454233,0.35973809,0.07754739,1.25334409,0.85278171,1.0934111,1.0367415,0.06044487
"8507",75,81,1.51824681,0.35597221,0.07855013,1.25334409,0.85278171,1.0934111,1.0367415,0.06352842
"8508",76,81,0.14694152,0.36409508,0.08002068,1.25334409,0.85278171,1.0934111,1.0367415,0.04940632
"8509",77,81,1.52075194,0.35616154,0.08192098,1.25334409,0.85278171,1.0934111,1.0367415,0.08045551
"8510",78,81,0.46389529,0.31843464,0.95878357,1.25334409,0.85278171,1.0934111,1.0367415,0.12030489
"8511",70,82,0.34421334,0.35955216,1.02393769,1.24930241,0.85003173,1.08988516,1.03339831,0.06065868
"8512",71,82,1.44137613,0.31740777,1.02448625,1.24930241,0.85003173,1.08988516,1.03339831,0.14053173
"8513",72,82,1.44142508,0.31740784,1.02542214,1.24930241,0.85003173,1.08988516,1.03339831,0.29665741
"8514",73,82,1.39886562,0.31751085,0.08290624,1.24930241,0.85003173,1.08988516,1.03339831,0.1712767
"8515",74,82,1.51585054,0.35513693,0.08199453,1.24930241,0.85003173,1.08988516,1.03339831,0.10541567
"8516",75,82,1.61629212,0.33834284,0.07774395,1.24930241,0.85003173,1.08988516,1.03339831,0.08922841
"8517",69,83,0.35459727,0.35838596,0.98698483,1.24525035,0.84727469,1.08635017,1.03004653,0.06360664
"8518",70,83,0.34348684,0.34957593,1.02009216,1.24525035,0.84727469,1.08635017,1.03004653,0.11867554
"8519",71,83,0.34368121,0.31637836,1.02016814,1.24525035,0.84727469,1.08635017,1.03004653,0.09961768
"8520",72,83,1.43454194,0.31662148,1.02057563,1.24525035,0.84727469,1.08635017,1.03004653,0.13461817
"8521",73,83,1.55055607,0.32880006,1.02142451,1.24525035,0.84727469,1.08635017,1.03004653,0.26543545
"8522",70,84,0.34242792,0.31534586,1.01617624,1.24118682,0.84450984,1.08280516,1.02668525,0.0729357
"8523",71,84,0.34246524,0.31534586,1.01659413,1.24118682,0.84450984,1.08280516,1.02668525,0.20245986
"8524",72,84,0.02992881,0.31522467,0.08172051,1.24118682,0.84450984,1.08280516,1.02668525,0.29232143
"8525",73,84,1.60140514,0.35236792,0.07848119,1.24118682,0.84450984,1.08280516,1.02668525,0.22017391
"8526",68,81,1.09398973,0.317816,1.02764942,1.25231256,0.85275892,1.0934111,1.0367415,0.10753722
"8527",64,82,0.40608549,0.28251278,0.99292327,1.24827421,0.85000902,1.08988516,1.03339831,0.31244068
"8528",66,82,0.40273529,0.31718459,1.0661062,1.24827421,0.85000902,1.08988516,1.03339831,0.04902426
"8529",67,82,0.33385413,0.31731125,1.06911929,1.24827421,0.85000902,1.08988516,1.03339831,0.06916693
"8530",68,82,0.9958634,0.27996395,1.03748367,1.24827421,0.85000902,1.08988516,1.03339831,0.05568963
"8531",69,82,1.54600796,0.32530049,1.02027918,1.24827421,0.85000902,1.08988516,1.03339831,0.0374231
"8532",55,83,0.33127434,0,0.96289108,1.24422548,0.84725205,1.08635017,1.03004653,0.15413798
"8533",56,83,0.35834735,0.2907871,0.96218332,1.24422548,0.84725205,1.08635017,1.03004653,0.07965178
"8534",57,83,0.35976832,0,0.96350406,1.24422548,0.84725205,1.08635017,1.03004653,0.10716
"8535",58,83,0.33113921,0.2907871,0.96254786,1.24422548,0.84725205,1.08635017,1.03004653,0.07205218
"8536",59,83,0.33073424,0.2907871,0.96204876,1.24422548,0.84725205,1.08635017,1.03004653,0.05956354
"8537",60,83,0.58183138,0,0.96179164,1.24422548,0.84725205,1.08635017,1.03004653,0.06502686
"8538",61,83,0.58145089,0,0.96126692,1.24422548,0.84725205,1.08635017,1.03004653,0.09965371
"8539",62,83,0.38757312,0.2907871,0.95151577,1.24422548,0.84725205,1.08635017,1.03004653,0.02093691
"8540",63,83,0.58165221,0.2907871,0.96113275,1.24422548,0.84725205,1.08635017,1.03004653,0.0240241
"8541",64,83,0.60008203,0.2846155,1.04450662,1.24422548,0.84725205,1.08635017,1.03004653,0.05985466
"8542",65,83,0.35815006,0.28133663,1.07255047,1.24422548,0.84725205,1.08635017,1.03004653,0.07181945
"8543",66,83,0.35063277,0.28129615,1.0483639,1.24422548,0.84725205,1.08635017,1.03004653,0.07303582
"8544",67,83,0.35809221,0.28159646,1.07031478,1.24422548,0.84725205,1.08635017,1.03004653,0.09697308
"8545",68,83,0.3212287,0,1.02333472,1.24422548,0.84725205,1.08635017,1.03004653,0.05745871
"8546",54,84,0,0,0,0.89060648,0.60645613,0.77760062,0.73729893,0.27546372
"8547",55,84,0.58155706,0.28451011,0.95830485,1.2401653,0.84448728,1.08280516,1.02668525,0.1758258
"8548",56,84,0.32953468,0.2898382,0.9590252,1.2401653,0.84448728,1.08280516,1.02668525,0.09148859
"8549",57,84,0.32981985,0.2898382,0.95946761,1.2401653,0.84448728,1.08280516,1.02668525,0.0472485
"8550",58,84,0.32932837,0.2898382,0.95873482,1.2401653,0.84448728,1.08280516,1.02668525,0.06579838
"8551",59,84,0.33055614,0,0.96026972,1.2401653,0.84448728,1.08280516,1.02668525,0.04025203
"8552",60,84,0.33043411,0,0.95995258,1.2401653,0.84448728,1.08280516,1.02668525,0.1810701
"8553",61,84,0.3293334,0.2898382,0.95852604,1.2401653,0.84448728,1.08280516,1.02668525,0.05314287
"8554",62,84,0.33103724,0,0.963471,1.2401653,0.84448728,1.08280516,1.02668525,0.0412733
"8555",63,84,0.35179839,0.28067755,1.05066323,1.2401653,0.84448728,1.08280516,1.02668525,0.12740199
"8556",64,84,0.35131072,0.2806124,1.04838977,1.2401653,0.84448728,1.08280516,1.02668525,0.11495969
"8557",65,84,0.35149747,0.28067755,1.05192566,1.2401653,0.84448728,1.08280516,1.02668525,0.05952967
"8558",66,84,0.34319307,0.28067755,1.01342669,1.2401653,0.84448728,1.08280516,1.02668525,0.04913079
"8559",67,84,0.34109508,0,1.00358728,1.2401653,0.84448728,1.08280516,1.02668525,0.11680442
"8560",54,85,0.39106699,0.18856066,0.64448735,0.83326814,0.56741174,0.72753773,0.68983071,0.31931293
"8561",55,85,0.33030516,0.28090458,0.95430558,1.23609419,0.84171507,1.07925063,1.02331494,0.08213106
"8562",56,85,0.32933207,0.28401707,0.95464331,1.23609419,0.84171507,1.07925063,1.02331494,0.06759398
"8563",57,85,0.32934214,0.2843483,0.9559557,1.23609419,0.84171507,1.07925063,1.02331494,0.1063813
"8564",58,85,0.32867345,0.28888674,0.95579299,1.23609419,0.84171507,1.07925063,1.02331494,0.11255572
"8565",59,85,0.32891358,0.28539883,0.95590012,1.23609419,0.84171507,1.07925063,1.02331494,0.03187236
"8566",60,85,0.62364569,0.2852469,0.95514591,1.23609419,0.84171507,1.07925063,1.02331494,0.07826386
"8567",61,85,0.62440361,0.28224627,0.95487702,1.23609419,0.84171507,1.07925063,1.02331494,0.10251186
"8568",62,85,0.3289325,0.27975617,0.95410448,1.23609419,0.84171507,1.07925063,1.02331494,0.2042462
"8569",63,85,0.33321733,0.27975617,0.97420225,1.23609419,0.84171507,1.07925063,1.02331494,0.1720236
"8570",64,85,0.3550445,0.27967978,1.05989321,1.23609419,0.84171507,1.07925063,1.02331494,0.02487057
"8571",65,85,0.63555557,0.27975617,1.00834582,1.23609419,0.84171507,1.07925063,1.02331494,0.04152575
"8572",66,85,0.3403674,0.31671667,0.98891563,1.23617904,0.84154639,1.07925063,1.02331494,0.01294334
"8573",54,86,0.51588116,0.24900892,0.84713953,1.10067327,0.74950055,0.96101278,0.91120516,0.17895214
"8574",55,86,0.33029607,0.27829255,0.95194123,1.23201271,0.8389358,1.07568703,1.01993604,0.08759753
"8575",56,86,0.33039286,0.27822553,0.9524394,1.23201271,0.8389358,1.07568703,1.01993604,0.12881098
"8576",57,86,0.33026022,0.27822553,0.95225806,1.23201271,0.8389358,1.07568703,1.01993604,0.21775443
"8577",58,86,0.3299779,0.2795392,0.95187586,1.23201271,0.8389358,1.07568703,1.01993604,0.0730094
"8578",59,86,0.32973225,0.27909528,0.95166794,1.23201271,0.8389358,1.07568703,1.01993604,0.0271319
"8579",60,86,0.33009429,0.27696929,0.95261807,1.23201271,0.8389358,1.07568703,1.01993604,0.09719395
"8580",61,86,0.62391699,0.27883243,0.95541636,1.23201271,0.8389358,1.07568703,1.01993604,0.34144278
"8581",62,86,0.32868476,0.27883243,0.95123471,1.23201271,0.8389358,1.07568703,1.01993604,0.28313428
"8582",63,86,0.33279062,0.27883243,0.98145275,1.23201271,0.8389358,1.07568703,1.01993604,0.19194754
"8583",64,86,0.34907256,0.27883243,1.04175706,1.23201271,0.8389358,1.07568703,1.01993604,0.04460811
"8584",65,86,0.62454814,0.27883243,0.96527342,1.23201271,0.8389358,1.07568703,1.01993604,0.14075703
"8585",54,87,0.55660692,0.27127562,0.91686894,1.19449269,0.81338664,1.04292779,0.98887466,0.15333465
"8586",55,87,0.32869959,0,0.94498007,1.22792031,0.83614909,1.0721139,1.0165481,0.08173977
"8587",56,87,0.32033462,0.26881821,0.94285982,1.22792031,0.83614909,1.0721139,1.0165481,0.10064884
"8588",57,87,0.32717584,0.27038892,0.95538826,1.22792031,0.83614909,1.0721139,1.0165481,0.09774073
"8589",58,87,0.57548915,0.27283564,0.95317517,1.22792031,0.83614909,1.0721139,1.0165481,0.1076597
"8590",59,87,0.57608095,0.27516501,0.95896028,1.22792031,0.83614909,1.0721139,1.0165481,0.13227993
"8591",60,87,0.57679439,0.27790623,0.95575707,1.22792031,0.83614909,1.0721139,1.0165481,0.22959844
"8592",61,87,0.62214987,0.27695569,0.94587858,1.22372036,0.83328914,1.06844687,1.01307112,0.52019875
"8593",62,87,0.52482091,0.23459168,0.80068601,1.03653628,0.70582664,0.90501391,0.85810861,0.41515552
"8594",63,87,0.532196,0.246767,0.87622643,1.09033254,0.74245906,0.95198415,0.90264446,0.15641999
"8595",64,87,0.62642895,0.27790616,0.96414805,1.22792031,0.83614909,1.0721139,1.0165481,0.05575516
"8596",65,87,0.62880469,0.27790623,1.00049501,1.22792031,0.83614909,1.0721139,1.0165481,0.10266975
"8597",53,88,0.86661373,0,0.92529633,1.13430289,0.77240055,0.99037526,0.93904583,0.08895462
"8598",54,88,0.349033,0,0.99783262,1.223817,0.83335495,1.06853124,1.01315112,0.06226507
"8599",55,88,0.32558058,0.2679199,0.95056266,1.223817,0.83335495,1.06853124,1.01315112,0.11735895
"8600",56,88,0.29168597,0,0.84654514,1.09642746,0.74660938,0.95730571,0.90769021,0.10090336
"8601",57,88,0.15278762,0.12939689,0.44204483,0.57173628,0.38932231,0.49919071,0.47331853,0.05047476
"8602",58,88,0.11229999,0.0952239,0.32491004,0.42074394,0.28650447,0.36735725,0.34831776,0.04868177
"8603",64,88,0.35164724,0.15448097,0.55205248,0.68256951,0.46479391,0.59596071,0.56507311,0.30383377
"8604",65,88,0.3320879,0.31357096,0.95584815,1.223817,0.83335495,1.06853124,1.01315112,0.3040599
"8605",53,89,0.35059548,0,0.99779818,1.21970331,0.83055374,1.06493952,1.00974556,0.15716676
"8606",54,89,0.34612539,0,0.98470519,1.20635442,0.82146385,1.05328443,0.99869453,0.26856183
"8607",55,89,0.34934194,0,1.01399772,1.21970331,0.83055374,1.06493952,1.00974556,0.07635099
"8608",56,89,0.17648368,0.14541274,0.51367767,0.66422306,0.45230093,0.57994217,0.54988478,0.14732897
"8609",87,69,1.08955584,0,0.06419903,1.30122909,0.88503918,1.13496779,1.07614438,0.0096185
"8610",88,69,1.17126941,0,0.99661817,1.30122909,0.88503918,1.13496779,1.07614438,0.10201446
"8611",89,69,1.15217291,0,0.99503237,1.30122909,0.88503918,1.13496779,1.07614438,0.11164085
"8612",92,69,0.74484855,0,0.07794837,1.30122909,0.88503918,1.13496779,1.07614438,0.32409359
"8613",88,70,1.10592656,0,0.96367761,1.29732053,0.88238075,1.13155863,1.07291191,0.20776564
"8614",89,70,1.12690719,0,0.9895615,1.29732053,0.88238075,1.13155863,1.07291191,0.08441182
"8615",90,70,1.03336281,0.31305175,0.96292081,1.29732053,0.88238075,1.13155863,1.07291191,0.02878043
"8616",91,70,1.0723733,0.31305175,0.0635889,1.29732053,0.88238075,1.13155863,1.07291191,0.04702342
"8617",92,70,0.76990234,0,1.03717478,1.29732053,0.88238075,1.13155863,1.07291191,0.14441024
"8618",86,71,1.08388216,0,0.89732649,1.2934005,0.87971451,1.12813947,1.06966996,0.19558114
"8619",87,71,1.11227307,0.31210582,0.06605197,1.2934005,0.87971451,1.12813947,1.06966996,0.07032779
"8620",88,71,1.09703626,0,0.0881868,1.2934005,0.87971451,1.12813947,1.06966996,0.12190996
"8621",89,71,1.08237634,0,0.98128122,1.2934005,0.87971451,1.12813947,1.06966996,0.24871985
"8622",90,71,1.03007832,0,0.98657141,1.2934005,0.87971451,1.12813947,1.06966996,0.10113266
"8623",91,71,0.76388585,0,0.07144538,1.2934005,0.87971451,1.12813947,1.06966996,0.10767219
"8624",92,71,0.74928568,0,1.049558,1.2934005,0.87971451,1.12813947,1.06966996,0.06404222
"8625",93,71,0.73698494,0,1.06511037,1.2934005,0.87971451,1.12813947,1.06966996,0.23984141
"8626",94,71,0.75005714,0,1.06511037,1.2934005,0.87971451,1.12813947,1.06966996,0.16503563
"8627",95,71,0.78782787,0,0.07112084,1.2934005,0.87971451,1.12813947,1.06966996,0.21991981
"8628",83,72,1.11206795,0,0.06361882,1.28946898,0.87704047,1.12471029,1.06641851,0.02370519
"8629",84,72,1.10555078,0,0.06361882,1.28946898,0.87704047,1.12471029,1.06641851,0.10125439
"8630",85,72,1.08646365,0,0.06361882,1.2890534,0.87716938,1.12471029,1.06641851,0.04602286
"8631",86,72,1.08870672,0,0.06361882,1.28946898,0.87704047,1.12471029,1.06641851,0.08079629
"8632",87,72,1.0647306,0.31115712,0.0658512,1.28946898,0.87704047,1.12471029,1.06641851,0.07650645
"8633",88,72,1.0502341,0,0.0620747,1.28946898,0.87704047,1.12471029,1.06641851,0.06263299
"8634",89,72,1.01428439,0,0.08739859,1.28946898,0.87704047,1.12471029,1.06641851,0.02705801
"8635",90,72,1.00493754,0,0.08740632,1.28946898,0.87704047,1.12471029,1.06641851,0.31305329
"8636",91,72,1.06596641,0,0.97732079,1.28946898,0.87704047,1.12471029,1.06641851,0.08625403
"8637",92,72,0.7517306,0,1.05956485,1.28946898,0.87704047,1.12471029,1.06641851,0.2604601
"8638",93,72,0.7402626,0,1.04084812,1.28946898,0.87704047,1.12471029,1.06641851,0.33717987
"8639",94,72,0.73977027,0,1.06187279,1.28946898,0.87704047,1.12471029,1.06641851,0.10059647
"8640",95,72,0.73812198,0,0.07090466,1.28946898,0.87704047,1.12471029,1.06641851,0.11061743
"8641",82,73,1.18168975,0,1.01269505,1.28552654,0.87435899,1.12127159,1.06315803,0.22600013
"8642",83,73,1.07486501,0,0.0644114,1.28552654,0.87435899,1.12127159,1.06315803,0.16312585
"8643",84,73,1.10169141,0,0.98056536,1.28552654,0.87435899,1.12127159,1.06315803,0.10381446
"8644",85,73,1.10105636,0,0.9758643,1.28552654,0.87435899,1.12127159,1.06315803,0.06249422
"8645",86,73,1.08495299,0,0.94950212,1.28552654,0.87435899,1.12127159,1.06315803,0.06560271
"8646",87,73,1.05476209,0.31020579,0.06323578,1.28552654,0.87435899,1.12127159,1.06315803,0.01729211
"8647",88,73,0.56243326,0,0.04958285,1.28552654,0.87435899,1.12127159,1.06315803,0.0247269
"8648",89,73,1.04547932,0,0.95597563,1.28552654,0.87435899,1.12127159,1.06315803,0.17951235
"8649",90,73,0.64571826,0,0.9500174,1.28552654,0.87435899,1.12127159,1.06315803,0.07112412
"8650",91,73,0.62809152,0,0.9484524,1.28552654,0.87435899,1.12127159,1.06315803,0.11593118
"8651",92,73,0.77173627,0,1.0586262,1.28552654,0.87435899,1.12127159,1.06315803,0.24958661
"8652",93,73,0.73418663,0,0.07068787,1.28552654,0.87435899,1.12127159,1.06315803,0.20635187
"8653",94,73,0.73161013,0,1.0586262,1.28552654,0.87435899,1.12127159,1.06315803,0.16702617
"8654",95,73,0.7802112,0,1.01082202,1.28552654,0.87435899,1.12127159,1.06315803,0.18059066
"8655",82,74,0.13739273,0.41285054,0.07239697,1.28157262,0.87166971,1.11782287,1.05988805,0.21517049
"8656",83,74,1.08691065,0,0.06297766,1.28157262,0.87166971,1.11782287,1.05988805,0.04667451
"8657",84,74,1.08935656,0,0.97690211,1.28157262,0.87166971,1.11782287,1.05988805,0.00746806
"8658",85,74,1.09845654,0,0.97281133,1.28157262,0.87166971,1.11782287,1.05988805,0.03023187
"8659",86,74,1.07276187,0,0.97292369,1.28157262,0.87166971,1.11782287,1.05988805,0.03733626
"8660",87,74,0.56030439,0,0.04907765,1.28157262,0.87166971,1.11782287,1.05988805,0.02373865
"8661",88,74,0.06266317,0.37803832,0.0825411,1.28157262,0.87166971,1.11782287,1.05988805,0.057905
"8662",89,74,0.56728648,0,0.04947587,1.28157262,0.87166971,1.11782287,1.05988805,0.04425673
"8663",90,74,1.07481175,0.30925168,0.97450958,1.28157262,0.87166971,1.11782287,1.05988805,0.08288599
"8664",91,74,0.67607235,0,0.94531079,1.28157262,0.87166971,1.11782287,1.05988805,0.08864523
"8665",92,74,0.03576283,0,0.0608147,1.28157262,0.87166971,1.11782287,1.05988805,0.1581605
"8666",93,74,0.73880638,0,1.02566841,1.28157262,0.87166971,1.11782287,1.05988805,0.23114672
"8667",94,74,0.76568967,0,0.07047046,1.28157262,0.87166971,1.11782287,1.05988805,0.143231
"8668",95,74,0.76574317,0,1.05276557,1.28157262,0.87166971,1.11782287,1.05988805,0.19524349
"8669",82,75,0.08769241,0.40618167,0.07363776,1.27760777,0.86897299,1.11436462,1.05660904,0.0545944
"8670",83,75,1.08490106,0,0.05677096,1.27760777,0.86897299,1.11436462,1.05660904,0.01863364
"8671",84,75,1.08706441,0,0.96980646,1.27760777,0.86897299,1.11436462,1.05660904,0.02927817
"8672",85,75,1.10598521,0,0.96993212,1.27760777,0.86897299,1.11436462,1.05660904,0.06281334
"8673",86,75,1.06257444,0.30829494,0.96978522,1.27760777,0.86897299,1.11436462,1.05660904,0.05112871
"8674",87,75,0.55840718,0,0.04802869,1.27760777,0.86897299,1.11436462,1.05660904,0.01765148
"8675",88,75,0.06238572,0.37686871,0.08229688,1.27760777,0.86897299,1.11436462,1.05660904,0.05807752
"8676",89,75,0.63641976,0,0.94229106,1.27760777,0.86897299,1.11436462,1.05660904,0.0531107
"8677",90,75,0.66094746,0,0.94267219,1.27760777,0.86897299,1.11436462,1.05660904,0.12456386
"8678",91,75,0.42094876,0,0.94321876,1.27760777,0.86897299,1.11436462,1.05660904,0.12383532
"8679",92,75,0.03297867,0,0.06083574,1.27760777,0.86897299,1.11436462,1.05660904,0.07411889
"8680",93,75,0.38644094,0,0.91644845,1.27760777,0.86897299,1.11436462,1.05660904,0.15422652
"8681",94,75,0.75231444,0,1.04259083,1.27760777,0.86897299,1.11436462,1.05660904,0.46455233
"8682",95,75,0.74313918,0,1.04953847,1.27760777,0.86897299,1.11436462,1.05660904,0.21357331
"8683",96,75,0.72171451,0,1.02241334,1.27760777,0.86897299,1.11436462,1.05660904,0.16579877
"8684",81,76,0.13696639,0.40131131,0.07489494,1.27338691,0.86641895,1.11089636,1.05332053,0.26987655
"8685",82,76,0,0.39502801,0.05679463,1.27363145,0.86626847,1.11089636,1.05332053,0.06868875
"8686",83,76,1.08050613,0,0.05659427,1.27363145,0.86626847,1.11089636,1.05332053,0.05521402
"8687",84,76,1.0843073,0,0.96678364,1.27363145,0.86626847,1.11089636,1.05332053,0.08061537
"8688",85,76,1.09581149,0,0.96930272,1.27363145,0.86626847,1.11089636,1.05332053,0.10527907
"8689",86,76,1.06920159,0,0.96755326,1.27363145,0.86626847,1.11089636,1.05332053,0.04954779
"8690",87,76,1.04309993,0.30733543,0.93341611,1.27363145,0.86626847,1.11089636,1.05332053,0.07178785
"8691",88,76,1.03170646,0.30733543,0.97030335,1.27363145,0.86626847,1.11089636,1.05332053,0.06247533
"8692",89,76,1.04986602,0.30733543,0.96678009,1.27363145,0.86626847,1.11089636,1.05332053,0.04268251
"8693",90,76,1.07544221,0,0.96799853,1.27363145,0.86626847,1.11089636,1.05332053,0.05367755
"8694",91,76,0.38058334,0,0.91089437,1.27363145,0.86626847,1.11089636,1.05332053,0.05088645
"8695",92,76,0.36430709,0.35390004,0.96599357,1.27363145,0.86626847,1.11089636,1.05332053,0.04714982
"8696",93,76,0.03225132,0,0.0627546,1.27363145,0.86626847,1.11089636,1.05332053,0.10120696
"8697",94,76,0.41823555,0,0.9401621,1.27363145,0.86626847,1.11089636,1.05332053,0.22132946
"8698",95,76,0.73952736,0,1.03391147,1.27363145,0.86626847,1.11089636,1.05332053,0.10526242
"8699",96,76,0.70545232,0,1.0191227,1.27363145,0.86626847,1.11089636,1.05332053,0.07297771
"8700",82,77,0.08831338,0.3614586,0.06885868,1.26964419,0.86355651,1.10741857,1.05002298,0.05731056
"8701",83,77,0.03032503,0.39060776,0.07574928,1.26964419,0.86355651,1.10741857,1.05002298,0.11861113
"8702",84,77,1.07252728,0,0.97129145,1.26964419,0.86355651,1.10741857,1.05002298,0.09264542
"8703",85,77,0.40730232,0.29616329,0.96511883,1.26964419,0.86355651,1.10741857,1.05002298,0.10237966
"8704",86,77,0.40885077,0.29616323,0.9625311,1.26964419,0.86355651,1.10741857,1.05002298,0.12293409
"8705",87,77,1.08093717,0,0.96479547,1.26964419,0.86355651,1.10741857,1.05002298,0.08365322
"8706",88,77,1.07847297,0,0.96488921,1.26964419,0.86355651,1.10741857,1.05002298,0.04996429
"8707",89,77,1.07051435,0,0.96553403,1.26964419,0.86355651,1.10741857,1.05002298,0.12573551
"8708",90,77,1.05587624,0,0.96865138,1.26964419,0.86355651,1.10741857,1.05002298,0.10044582
"8709",91,77,0.37877846,0,0.91402159,1.26964419,0.86355651,1.10741857,1.05002298,0.05245619
"8710",92,77,0.03150011,0,0.06255814,1.26964419,0.86355651,1.10741857,1.05002298,0.03710454
"8711",93,77,0.0319925,0,0.06255814,1.26964419,0.86355651,1.10741857,1.05002298,0.05119872
"8712",94,77,0.03229286,0,0.05282544,1.26964419,0.86355651,1.10741857,1.05002298,0.07447917
"8713",95,77,0.06414727,0,0.08089163,1.26964419,0.86355651,1.10741857,1.05002298,0.1008539
"8714",96,77,0.79986586,0,0.07013306,1.26964419,0.86355651,1.10741857,1.05002298,0.0914095
"8715",82,78,0.03386526,0.32096226,0.0824491,1.26564601,0.86083712,1.10393124,1.0467164,0.03570259
"8716",83,78,0.95146863,0,0.96439968,1.26564601,0.86083712,1.10393124,1.0467164,0.04879218
"8717",84,78,0.97954883,0.29523059,0.95947494,1.26564601,0.86083712,1.10393124,1.0467164,0.10506583
"8718",85,78,0.98290779,0.29511712,0.95939104,1.26564601,0.86083712,1.10393124,1.0467164,0.24532224
"8719",86,78,0.35148337,0.29523066,0.96109882,1.26564601,0.86083712,1.10393124,1.0467164,0.06876274
"8720",87,78,1.06550355,0,0.96889101,1.26564601,0.86083712,1.10393124,1.0467164,0.03959983
"8721",88,78,1.07081729,0,0.96880731,1.26564601,0.86083712,1.10393124,1.0467164,0.06355011
"8722",89,78,1.07514481,0,0.96798161,1.26564601,0.86083712,1.10393124,1.0467164,0.03531301
"8723",90,78,1.06219074,0,0.9682328,1.26564601,0.86083712,1.10393124,1.0467164,0.0410593
"8724",91,78,1.0556849,0,0.06484317,1.26564601,0.86083712,1.10393124,1.0467164,0.05762094
"8725",92,78,0.03230996,0,0.05962103,1.26564601,0.86083712,1.10393124,1.0467164,0.04899736
"8726",93,78,0.06449848,0,0.08277556,1.26564601,0.86083712,1.10393124,1.0467164,0.03495948
"8727",82,79,0.3486455,0.32029165,1.03283899,1.26163634,0.85810992,1.1004339,1.04340032,0.04484617
"8728",83,79,0.37694111,0.29429535,0.96156338,1.26163634,0.85810992,1.1004339,1.04340032,0.07508655
"8729",84,79,0.93205507,0.29429535,0.961148,1.26163634,0.85810992,1.1004339,1.04340032,0.27133477
"8730",85,79,0.35018666,0.29380134,0.96284125,1.26163634,0.85810992,1.1004339,1.04340032,0.27705869
"8731",86,79,0.40442237,0.29372329,0.95992022,1.26163634,0.85810992,1.1004339,1.04340032,0.11937573
"8732",87,79,0.40330771,0.29409581,0.96923796,1.26163634,0.85810992,1.1004339,1.04340032,0.10575772
"8733",88,79,1.17931951,0,0.95289121,1.26163634,0.85810992,1.1004339,1.04340032,0.04764012
"8734",89,79,1.17690423,0,0.95142496,1.26163634,0.85810992,1.1004339,1.04340032,0.04716884
"8735",90,79,1.1919914,0,0.97460573,1.26163634,0.85810992,1.1004339,1.04340032,0.06673917
"8736",91,79,1.08239244,0,0.96571724,1.26163634,0.85810992,1.1004339,1.04340032,0.08290528
"8737",92,79,1.08067019,0,0.96529854,1.26163634,0.85810992,1.1004339,1.04340032,0.06058711
"8738",82,80,0.34761496,0.31907627,1.02981377,1.2576163,0.85537566,1.09692751,1.04007566,0.13492071
"8739",83,80,0.03436713,0.33801597,0.08317495,1.2576163,0.85537566,1.09692751,1.04007566,0.20971134
"8740",84,80,0.05377449,0.29335762,0.07856776,1.2576163,0.85537566,1.09692751,1.04007566,0.04814241
"8741",85,80,0.05369514,0.29335755,0.07852361,1.2576163,0.85537566,1.09692751,1.04007566,0.05520221
"8742",86,80,0.40324364,0.29335755,0.95423607,1.2576163,0.85537566,1.09692751,1.04007566,0.05100651
"8743",82,81,0.14251194,0.33473681,0.08119706,1.25358478,0.8526336,1.0934111,1.0367415,0.13510942
"8744",83,81,0.03414796,0.3484182,0.083216,1.25358478,0.8526336,1.0934111,1.0367415,0.26275912
"8745",84,81,0.34774496,0.29241713,0.95601943,1.25358478,0.8526336,1.0934111,1.0367415,0.11395937
"8746",85,81,0.40286071,0.29241712,0.95751962,1.25358478,0.8526336,1.0934111,1.0367415,0.08530314
"8747",81,92,0.33339949,0.34197846,0.90938526,1.20543267,0.82210588,1.05410764,0.99947507,0.22444006
"8748",82,92,0.33434202,0.34635989,0.91383973,1.20543267,0.82210588,1.05410764,0.99947507,0.1782763
"8749",83,92,0.3335997,0.33876262,0.91348108,1.20543267,0.82210588,1.05410764,0.99947507,0.24514912
"8750",84,92,1.58195026,0.35036659,0.91358426,1.20543267,0.82210588,1.05410764,0.99947507,0.27490487
"8751",85,92,0.38225548,0.28049618,0.93462367,1.20543267,0.82210588,1.05410764,0.99947507,0.18651855
"8752",86,92,0.08097734,0.46457021,0.04518897,1.20543267,0.82210588,1.05410764,0.99947507,0.1238853
"8753",87,92,0.08088433,0.46481714,0,1.20543267,0.82210588,1.05410764,0.99947507,0.12235853
"8754",88,92,1.11079221,0,1.14671995,1.20543267,0.82210588,1.05410764,0.99947507,0.22837045
"8755",76,93,0.43512418,0.35067252,0.89463249,1.20128282,0.81927568,1.05047875,0.99603426,0.13469346
"8756",77,93,0.43224378,0.33262173,0.9001611,1.20128282,0.81927568,1.05047875,0.99603426,0.13162234
"8757",78,93,0.43567214,0.35083902,0.9087207,1.20128282,0.81927568,1.05047875,0.99603426,0.17101068
"8758",79,93,0.33263193,0.35005579,0.9146283,1.20128282,0.81927568,1.05047875,0.99603426,0.2047271
"8759",80,93,0.33247041,0.32628482,0.91420877,1.20128282,0.81927568,1.05047875,0.99603426,0.35805881
"8760",81,93,0.33237754,0.31646369,0.91386659,1.20128282,0.81927568,1.05047875,0.99603426,0.27594804
"8761",82,93,0.33238875,0.33030887,0.91382785,1.20128282,0.81927568,1.05047875,0.99603426,0.34169155
"8762",83,93,0.33244391,0.35997948,0.91403012,1.20128282,0.81927568,1.05047875,0.99603426,0.40878976
"8763",84,93,0.06314672,0.27953054,0.07836755,1.20128282,0.81927568,1.05047875,0.99603426,0.37915056
"8764",85,93,0.06320079,0.27953053,0.07836755,1.20128282,0.81927568,1.05047875,0.99603426,0.31628456
"8765",86,93,0.07793407,0.53141398,0.07555599,1.20128282,0.81927568,1.05047875,0.99603426,0.29859761
"8766",87,93,0.08129172,0.46414717,0.04533524,1.20128282,0.81927568,1.05047875,0.99603426,0.37950231
"8767",88,93,0.07565337,0.45217961,0.07475883,1.20128282,0.81927568,1.05047875,0.99603426,0.33997954
"8768",73,94,0,0,0.0479563,0.90318558,0.61597316,0.7898034,0.74886926,0.29813985
"8769",74,94,0.35567762,0.30720555,0.91233755,1.19712206,0.81643804,1.04684031,0.9925844,0.17545914
"8770",75,94,0.33177509,0.33146452,0.91126775,1.19712206,0.81643804,1.04684031,0.9925844,0.1941125
"8771",76,94,0.43506617,0.33916268,0.91138214,1.19712206,0.81643804,1.04684031,0.9925844,0.22637111
"8772",77,94,0.43503288,0.34911937,0.91147465,1.19712206,0.81643804,1.04684031,0.9925844,0.24187247
"8773",78,94,0.33149603,0.35565532,0.91150824,1.19712206,0.81643804,1.04684031,0.9925844,0.25752797
"8774",79,94,0.33052579,0.33851084,0.91356053,1.19712206,0.81643804,1.04684031,0.9925844,0.40553211
"8775",80,94,1.52952036,0.3048718,0.07506422,1.19712206,0.81643804,1.04684031,0.9925844,0.51178
"8776",81,94,1.52954826,0.30503948,0.07507178,1.19712206,0.81643804,1.04684031,0.9925844,0.62143876
"8777",82,94,1.56402062,0.30507596,0.91676283,1.19712206,0.81643804,1.04684031,0.9925844,0.60517666
"8778",83,94,1.5293551,0.32632559,0.07472335,1.19712206,0.81643804,1.04684031,0.9925844,0.41101279
"8779",84,94,0.24811001,0.27856236,0.05286849,1.19712206,0.81643804,1.04684031,0.9925844,0.45333656
"8780",85,94,0.48858213,0.27856236,0.92861684,1.19712206,0.81643804,1.04684031,0.9925844,0.52918331
"8781",73,95,0.23272679,0.17690926,0.59632221,0.78046098,0.53227491,0.68248514,0.64711312,0.23499468
"8782",74,95,0.35698187,0.30613515,0.91613914,1.19295095,0.81359334,1.04319282,0.98912595,0.126109
"8783",75,95,0.3569652,0.30613515,0.91712203,1.19295095,0.81359334,1.04319282,0.98912595,0.15614877
"8784",76,95,0.35686709,0.30613514,0.91691777,1.19295095,0.81359334,1.04319282,0.98912595,0.16532682
"8785",77,95,0.33023443,0.34134294,0.90802354,1.19295095,0.81359334,1.04319282,0.98912595,0.20839757
"8786",78,95,0.33010541,0.34820117,0.90720715,1.19295095,0.81359334,1.04319282,0.98912595,0.40713566
"8787",79,95,0.32733235,0.34847366,0.91230079,1.19295095,0.81359334,1.04319282,0.98912595,0.42295384
"8788",80,95,0.0288761,0.34847366,0.07382524,1.19295095,0.81359334,1.04319282,0.98912595,0.40153426
"8789",81,95,1.56031284,0.30380954,0.91324568,1.19295095,0.81359334,1.04319282,0.98912595,0.5194274
"8790",82,95,1.52420083,0.30380961,0.07478575,1.19295095,0.81359334,1.04319282,0.98912595,0.64311694
"8791",83,95,0.51335363,0,0.96051485,1.19295095,0.81359334,1.04319282,0.98912595,0.47310037
"8792",73,96,0.20212675,0.17284988,0.51938826,0.67356339,0.45937068,0.58900703,0.55847982,0.26648002
"8793",74,96,0.35681105,0.30506211,0.91617786,1.18876948,0.81074157,1.03953628,0.98565892,0.18055032
"8794",75,96,0.35749402,0.30506209,0.91786872,1.18876948,0.81074157,1.03953628,0.98565892,0.09755408
"8795",76,96,0.43199673,0.35437192,0.90513651,1.18876948,0.81074157,1.03953628,0.98565892,0.18538521
"8796",77,96,0.43209891,0.33642856,0.90471747,1.18876948,0.81074157,1.03953628,0.98565892,0.28455246
"8797",78,96,0.32947405,0.28514247,0.90123645,1.18876948,0.81074157,1.03953628,0.98565892,0.09978545
"8798",79,96,0.02882582,0,0.07357078,1.18876948,0.81074157,1.03953628,0.98565892,0.18988925
"8799",80,96,1.77350733,0.34725227,0.07366449,1.18876948,0.81074157,1.03953628,0.98565892,0.19615815
"8800",82,96,1.76656423,0.3472522,0.07435729,1.18876948,0.81074157,1.03953628,0.98565892,0.57502688
"8801",74,97,0.25559977,0.21910952,0.65676386,0.85461272,0.58284644,0.74732817,0.70859545,0.19391935
"8802",75,97,0,0.35638279,0.04557025,1.14454815,0.7805826,1.00086632,0.94899315,0.32517684
"8803",76,97,0,0.39832683,0.0470168,1.18457765,0.80788274,1.03587068,0.9821833,0.17921506
"8804",77,97,0,0.38407041,0.04662436,1.18457765,0.80788274,1.03587068,0.9821833,0.15653953
"8805",78,97,0.02852757,0.28413699,0.07319927,1.18457765,0.80788274,1.03587068,0.9821833,0.19026774
"8806",79,97,1.75687374,0,0.07363326,1.18457765,0.80788274,1.03587068,0.9821833,0.10277512
"8807",78,98,0,0,0.02416804,0.48513068,0.33085944,0.42422938,0.40224231,0.21832717
"8808",104,79,0.04867816,0.3527357,0.05970585,1.26000125,0.85819019,1.1004339,1.04340032,0.14406622
"8809",105,79,0,0.29216921,0.05137959,1.26000125,0.85819019,1.1004339,1.04340032,0.09650906
"8810",98,80,0.68387016,0,0.96761018,1.25598641,0.85545567,1.09692751,1.04007566,0.0445841
"8811",99,80,0.55693973,0,0.08410877,1.25598641,0.85545567,1.09692751,1.04007566,0.04162557
"8812",100,80,0.5550159,0,0.08410871,1.25598641,0.85545567,1.09692751,1.04007566,0.04027771
"8813",101,80,0.26862419,0,0.08410877,1.25598641,0.85545567,1.09692751,1.04007566,0.09484227
"8814",102,80,0.02759052,0,0,1.25598641,0.85545567,1.09692751,1.04007566,0.11910653
"8815",103,80,0.049186,0.30614442,0,1.25598641,0.85545567,1.09692751,1.04007566,0.21300574
"8816",104,80,0.04862334,0.30520343,0,1.25598641,0.85545567,1.09692751,1.04007566,0.10017917
"8817",105,80,0,0.28998891,0.05111223,1.25598641,0.85545567,1.09692751,1.04007566,0.10527113
"8818",98,81,0.63834716,0.30657564,0.97901627,1.25196012,0.85271335,1.0934111,1.0367415,0.11979428
"8819",99,81,0.55660983,0,0.08383908,1.25196012,0.85271335,1.0934111,1.0367415,0.19159112
"8820",100,81,0.55746409,0,0.08372096,1.25196012,0.85271335,1.0934111,1.0367415,0.14014889
"8821",101,81,0.55552051,0,0.08383914,1.25196012,0.85271335,1.0934111,1.0367415,0.10370939
"8822",102,81,0.55599872,0,0.08383914,1.25196012,0.85271335,1.0934111,1.0367415,0.36808005
"8823",103,81,0.55335383,0,0.08383908,1.25196012,0.85271335,1.0934111,1.0367415,0.08144335
"8824",104,81,0.51813384,0.28735507,0,1.25196012,0.85271335,1.0934111,1.0367415,0.10539573
"8825",105,81,0.238591,0.28735507,0,1.25196012,0.85271335,1.0934111,1.0367415,0.25907972
"8826",106,81,0.04867595,0.35604069,0.05932482,1.25196012,0.85271335,1.0934111,1.0367415,0.10564246
"8827",96,82,0.6774869,0.33899015,0.97676967,1.24842844,0.84978189,1.08988516,1.03339831,0.06117774
"8828",97,82,0.56676906,0.33459687,0.08356872,1.2479229,0.84996359,1.08988516,1.03339831,0.03383386
"8829",98,82,0.55971184,0.3115602,0.08356872,1.2479229,0.84996359,1.08988516,1.03339831,0.11796218
"8830",99,82,0.55973921,0.31000301,0.08356872,1.2479229,0.84996359,1.08988516,1.03339831,0.05866506
"8831",100,82,0.55564735,0,0.08323996,1.2479229,0.84996359,1.08988516,1.03339831,0.09647264
"8832",101,82,0.55663607,0.50148545,0.08264773,1.2479229,0.84996359,1.08988516,1.03339831,0.18960889
"8833",102,82,0.55513219,0,0.08356872,1.2479229,0.84996359,1.08988516,1.03339831,0.05959573
"8834",103,82,0.55683557,0.50148545,0.08322422,1.2479229,0.84996359,1.08988516,1.03339831,0.09867102
"8835",104,82,0.5509023,0.3639071,0.08196802,1.2479229,0.84996359,1.08988516,1.03339831,0.17281087
"8836",105,82,0.23077287,0.28642843,0,1.2479229,0.84996359,1.08988516,1.03339831,0.18880771
"8837",106,82,0.02545763,0.38923536,0,1.2479229,0.84996359,1.08988516,1.03339831,0.10764502
"8838",95,83,0.60713253,0.33850209,0.07978191,1.24387532,0.84720677,1.08635017,1.03004653,0.04022803
"8839",96,83,0.56258857,0.33858839,0.08350074,1.24387532,0.84720677,1.08635017,1.03004653,0.04995031
"8840",97,83,0.56482938,0.33708341,0.08347952,1.24387532,0.84720677,1.08635017,1.03004653,0.05068884
"8841",98,83,0.55733951,0.307718,0.08329773,1.24387532,0.84720677,1.08635017,1.03004653,0.10071115
"8842",99,83,0.56109466,0.31713558,0.08329767,1.24387532,0.84720677,1.08635017,1.03004653,0.18596605
"8843",100,83,0.55662897,0.30588818,0.08329773,1.24387532,0.84720677,1.08635017,1.03004653,0.28321768
"8844",101,83,0.55505484,0.49985891,0.08280452,1.24387532,0.84720677,1.08635017,1.03004653,0.3006795
"8845",102,83,0.55551079,0.49985891,0.0828869,1.24387532,0.84720677,1.08635017,1.03004653,0.24900245
"8846",103,83,0.55480511,0.49985891,0.08234636,1.24387532,0.84720677,1.08635017,1.03004653,0.20156268
"8847",104,83,0.5546749,0.38506682,0.08293725,1.24387532,0.84720677,1.08635017,1.03004653,0.12021693
"8848",105,83,0.55203947,0.2857565,0.08314894,1.24387532,0.84720677,1.08635017,1.03004653,0.11154467
"8849",106,83,0.28274952,0.28549941,0,1.24387532,0.84720677,1.08635017,1.03004653,0.07446918
"8850",94,84,0.53097936,0.33572746,0.05540407,1.23981628,0.84444215,1.08280516,1.02668525,0.12314258
"8851",95,84,0.5613107,0.33745177,0.08324319,1.23981628,0.84444215,1.08280516,1.02668525,0.13843439
"8852",96,84,0.56297174,0.33581426,0.08325031,1.23981628,0.84444215,1.08280516,1.02668525,0.01591041
"8853",97,84,0.55934719,0.32463488,0.08328659,1.23981628,0.84444215,1.08280516,1.02668525,0.15735383
"8854",98,84,0.55195285,0.30649697,0.08302585,1.23981628,0.84444215,1.08280516,1.02668525,0.12363931
"8855",99,84,0.55584201,0.36270796,0.08276678,1.23981628,0.84444215,1.08280516,1.02668525,0.2483283
"8856",100,84,0.53023011,0.31259254,0.05540407,1.23981628,0.84444215,1.08280516,1.02668525,0.33205386
"8857",101,84,0.55597709,0.31849721,0.08302585,1.23981628,0.84444215,1.08280516,1.02668525,0.27560122
"8858",102,84,0.55303468,0.43763477,0.08284357,1.23981628,0.84444215,1.08280516,1.02668525,0.0939847
"8859",103,84,0.5524317,0.28504516,0.08302585,1.23981628,0.84444215,1.08280516,1.02668525,0.10081437
"8860",104,84,0.55094987,0,0.08302585,1.23981628,0.84444215,1.08280516,1.02668525,0.10293199
"8861",105,84,0.54983725,0.28504509,0.08298868,1.23981628,0.84444215,1.08280516,1.02668525,0.14519614
"8862",106,84,0.55320599,0.29815508,0.08285184,1.23981628,0.84444215,1.08280516,1.02668525,0.29390778
"8863",107,84,0.53438301,0.29828404,0.0720455,1.23981628,0.84444215,1.08280516,1.02668525,0.22457872
"8864",94,85,0.56030686,0.31739952,0.0827533,1.23574631,0.84167009,1.07925063,1.02331494,0.06836822
"8865",95,85,0.56107118,0.3362508,0.08297702,1.23574631,0.84167009,1.07925063,1.02331494,0.06478435
"8866",96,85,0.56076978,0.33538348,0.0827533,1.23574631,0.84167009,1.07925063,1.02331494,0.03751793
"8867",97,85,0.55380699,0.301934,0.0827533,1.23574631,0.84167009,1.07925063,1.02331494,0.05660705
"8868",98,85,0.55911449,0.31130979,0.08275337,1.23574631,0.84167009,1.07925063,1.02331494,0.07688651
"8869",99,85,0.53122198,0.3258189,0.05522219,1.23574631,0.84167009,1.07925063,1.02331494,0.04265816
"8870",100,85,0.55345268,0.35219994,0.0827533,1.23574631,0.84167009,1.07925063,1.02331494,0.24627877
"8871",101,85,0.55193136,0.3982538,0.08244806,1.23574631,0.84167009,1.07925063,1.02331494,0.14535717
"8872",102,85,0.55144544,0.28410937,0.08275337,1.23574631,0.84167009,1.07925063,1.02331494,0.07410371
"8873",103,85,0.54984336,0.28410937,0.0827533,1.23574631,0.84167009,1.07925063,1.02331494,0.09963663
"8874",104,85,0.54912834,0.28410937,0.08275337,1.23574631,0.84167009,1.07925063,1.02331494,0.12847891
"8875",105,85,0.54471496,0,0.0827533,1.23574631,0.84167009,1.07925063,1.02331494,0.16508443
"8876",94,86,0.52367621,0.3391138,0.05650263,1.23166598,0.83889096,1.07568703,1.01993604,0.08934097
"8877",95,86,0.55926068,0.33409368,0.08269858,1.23166598,0.83889096,1.07568703,1.01993604,0.06659508
"8878",96,86,0.55541893,0.32085045,0.08255487,1.23166598,0.83889096,1.07568703,1.01993604,0.21841949
"8879",97,86,0.55536179,0.34437417,0.08248006,1.23166598,0.83889096,1.07568703,1.01993604,0.04826137
"8880",98,86,0.54926273,0.31309869,0.0811705,1.23166598,0.83889096,1.07568703,1.01993604,0.07998137
"8881",99,86,0.55679133,0.33223958,0.08144404,1.23166598,0.83889096,1.07568703,1.01993604,0.15172449
"8882",100,86,0.55298505,0.34192869,0.08248006,1.23166598,0.83889096,1.07568703,1.01993604,0.39420868
"8883",101,86,0.54919853,0,0.08248006,1.23166598,0.83889096,1.07568703,1.01993604,0.35015451
"8884",102,86,0.54760984,0.28317127,0.08248006,1.23166598,0.83889096,1.07568703,1.01993604,0.11955635
"8885",103,86,0.54867077,0.34103701,0.08242282,1.23166598,0.83889096,1.07568703,1.01993604,0.24765392
"8886",104,86,0.54494578,0.38232516,0.08246261,1.23166598,0.83889096,1.07568703,1.01993604,0.40886202
"8887",105,86,0.54579798,0.38227401,0.082477,1.23166598,0.83889096,1.07568703,1.01993604,0.36072846
"8888",106,86,0.5864051,0.28805332,0.96180927,1.23166598,0.83889096,1.07568703,1.01993604,0.39310451
"8889",107,86,0.5858035,0.32235773,0.95844569,1.23166598,0.83889096,1.07568703,1.01993604,0.18286691
"8890",108,86,0.54883523,0.28296535,0.08233278,1.23166598,0.83889096,1.07568703,1.01993604,0.20731272
"8891",94,87,0.37793109,0.35805586,0.99048558,1.22757474,0.8361044,1.0721139,1.0165481,0.02123047
"8892",95,87,0.05511646,0.34154505,0.08414045,1.22757474,0.8361044,1.0721139,1.0165481,0.05384525
"8893",96,87,0.05017969,0.37659923,0.05477989,1.22757474,0.8361044,1.0721139,1.0165481,0.06905763
"8894",97,87,0.5479989,0.30879038,0.08220608,1.22757474,0.8361044,1.0721139,1.0165481,0.0904883
"8895",98,87,0.26751023,0.3127386,0.08220608,1.22757474,0.8361044,1.0721139,1.0165481,0.12813023
"8896",99,87,0.55615199,0.33401737,0.08220608,1.22757474,0.8361044,1.0721139,1.0165481,0.28969039
"8897",100,87,0.55240581,0.39296658,0.08220608,1.22757474,0.8361044,1.0721139,1.0165481,0.55522829
"8898",101,87,0.54889323,0.39387962,0.08187926,1.22757474,0.8361044,1.0721139,1.0165481,0.34552439
"8899",102,87,0.54699005,0.28223065,0.08220608,1.22757474,0.8361044,1.0721139,1.0165481,0.16985165
"8900",103,87,0.58559469,0.32813271,0.95723832,1.22757474,0.8361044,1.0721139,1.0165481,0.27281722
"8901",95,88,0.0531846,0.37503443,0.08191797,1.22347258,0.83331041,1.06853124,1.01315112,0.09556497
"8902",96,88,0.052213,0.39786833,0.08216578,1.22347258,0.83331041,1.06853124,1.01315112,0.08274521
"8903",97,88,0.05247832,0.39058872,0.08120161,1.22347258,0.83331041,1.06853124,1.01315112,0.10362
"8904",98,88,0.05296099,0.34040372,0.08113772,1.22347258,0.83331041,1.06853124,1.01315112,0.16737502
"8905",99,88,0.52787129,0.33267943,0,1.22347258,0.83331041,1.06853124,1.01315112,0.28635102
"8906",100,88,0.56493913,0.31930994,0.84518807,1.22347258,0.83331041,1.06853124,1.01315112,0.43036649
"8907",101,88,0.54704849,0.49165994,0.0810567,1.22347258,0.83331041,1.06853124,1.01315112,0.27493313
"8908",102,88,0.59672174,0.30794743,0.94898744,1.22347258,0.83331041,1.06853124,1.01315112,0.16180318
"8909",106,77,0.04057785,0,0.0838843,1.26844274,0.86355651,1.10741857,1.05002298,0.24364086
"8910",107,77,0.01982012,0,0.08292929,1.26920018,0.86400653,1.10741857,1.05002298,0.24001268
"8911",108,77,0.02035241,0,0.08673394,1.26920018,0.86400653,1.10741857,1.05002298,0.27116674
"8912",106,78,0.03990296,0.30737704,0.08135732,1.26520339,0.86128572,1.10393124,1.0467164,0.23579617
"8913",107,78,0.5696315,0,0.92825917,1.26520339,0.86128572,1.10393124,1.0467164,0.46693102
"8914",108,78,0.54470494,0,0.91216746,1.26520339,0.86128572,1.10393124,1.0467164,0.33237329
"8915",106,79,0,0.2904181,0,1.26119513,0.85855711,1.1004339,1.04340032,0.08539788
"8916",107,79,0.56075966,0,0.92567699,1.26119513,0.85855711,1.1004339,1.04340032,0.30548093
"8917",108,79,0.55939875,0,0.91817401,1.26119513,0.85855711,1.1004339,1.04340032,0.2005618
"8918",109,79,1.36963827,0,0.92424253,1.26813347,0.85835071,1.10022554,1.043864,0.27002442
"8919",106,80,0,0.28998232,0.05128381,1.25717649,0.85582142,1.09692751,1.04007566,0.10241514
"8920",107,80,0.55077407,0,0.91765909,1.25717649,0.85582142,1.09692751,1.04007566,0.31470192
"8921",108,80,0.50402875,0,0.88862941,1.25717649,0.85582142,1.09692751,1.04007566,0.29404282
"8922",109,80,1.32188621,0,0.92750879,1.26409272,0.85561569,1.09671981,1.04053785,0.28474938
"8923",107,81,0.45217739,0.28735507,0,1.25314638,0.85307793,1.0934111,1.0367415,0.16116923
"8924",108,81,0.49868941,0,0.88496644,1.25314638,0.85307793,1.0934111,1.0367415,0.21456325
"8925",109,81,1.26911425,0,0.93749532,1.25314638,0.85307793,1.0934111,1.0367415,0.19456942
"8926",107,82,0.02449411,0.39255049,0.05518692,1.24910534,0.850327,1.08988516,1.03339831,0.21558461
"8927",108,82,0.55924687,0,0.91406059,1.24910534,0.850327,1.08988516,1.03339831,0.24715509
"8928",109,82,0.57757948,0,0.92562953,1.24910534,0.850327,1.08988516,1.03339831,0.27409628
"8929",110,82,1.22344719,0,0.05768597,1.25597717,0.85012258,1.0896788,1.03385754,0.29537054
"8930",107,83,0.45362035,0.28549941,0,1.24387532,0.84720677,1.08635017,1.03004653,0.11251311
"8931",108,83,0.55662794,0,0.91116317,1.24505392,0.847569,1.08635017,1.03004653,0.28141319
"8932",109,83,0.50807709,0,0.81705661,1.24505392,0.847569,1.08635017,1.03004653,0.33017536
"8933",110,83,1.30422423,0,0.91414919,1.24505392,0.847569,1.08635017,1.03004653,0.66655879
"8934",108,84,0.5626026,0,0.91498975,1.24099103,0.84480319,1.08280516,1.02668525,0.27757153
"8935",109,84,0.57861665,0,0.91263452,1.24099103,0.84480319,1.08280516,1.02668525,0.2307613
"8936",110,84,0.56933997,0,0.91267534,1.24099103,0.84480319,1.08280516,1.02668525,0.40420444
"8937",111,84,0.60259872,0,0.06169994,1.24099103,0.84480319,1.08280516,1.02668525,0.34532047
"8938",106,85,0.51904562,0.32437814,0.08162505,1.23691721,0.84202994,1.07925063,1.02331494,0.20105111
"8939",107,85,0.51597072,0.32392032,0.07181123,1.23691721,0.84202994,1.07925063,1.02331494,0.16730307
"8940",108,85,0.50690697,0.29414511,0.0696862,1.23691721,0.84202994,1.07925063,1.02331494,0.16244617
"8941",109,85,0.61941942,0,0.92610426,1.23691721,0.84202994,1.07925063,1.02331494,0.2035321
"8942",110,85,0.53219227,0,0.87587274,1.23691721,0.84202994,1.07925063,1.02331494,0.19652047
"8943",111,85,0.54734074,0,0.90247372,1.23691721,0.84202994,1.07925063,1.02331494,0.17151259
"8944",112,85,0.64381803,0,0.90756669,1.23691721,0.84202994,1.07925063,1.02331494,0.3423404
"8945",96,70,0.6630535,0,0.06380773,1.29609289,0.88238075,1.13155863,1.07291191,0.06393013
"8946",97,70,0.54147209,0,0.0638012,1.29609289,0.88238075,1.13155863,1.07291191,0.03451793
"8947",98,70,0.04644722,0.38276053,0.05979686,1.29609289,0.88238075,1.13155863,1.07291191,0.18258141
"8948",99,70,0,0.29107048,0,1.29609289,0.88238075,1.13155863,1.07291191,0.06967447
"8949",96,71,0.72477967,0,0,1.29217656,0.87971451,1.12813947,1.06966996,0.17353075
"8950",97,71,0.53129098,0,0.06361492,1.29217656,0.87971451,1.12813947,1.06966996,0.1379043
"8951",98,71,0.52390595,0,0.06361492,1.29217656,0.87971451,1.12813947,1.06966996,0.09745857
"8952",99,71,0,0.29158713,0,1.29217656,0.87971451,1.12813947,1.06966996,0.11995351
"8953",100,71,0,0.28904164,0,1.29217656,0.87971451,1.12813947,1.06966996,0.10350752
"8954",96,72,0.67798272,0,0.06202251,1.28824877,0.87704047,1.12471029,1.06641851,0.14386482
"8955",97,72,0.52114036,0,0.05665352,1.28824877,0.87704047,1.12471029,1.06641851,0.22233639
"8956",98,72,0.52766795,0,0.06342156,1.28824877,0.87704047,1.12471029,1.06641851,0.10396429
"8957",99,72,0.04584726,0.40570572,0,1.28824877,0.87704047,1.12471029,1.06641851,0.11991245
"8958",100,72,0,0.27545338,0,1.28824877,0.87704047,1.12471029,1.06641851,0.05335656
"8959",101,72,0,0.28854433,0,1.28806696,0.87691669,1.12455156,1.06626801,0.09395351
"8960",96,73,0.74682366,0,0.92611468,1.28431006,0.87435899,1.12127159,1.06315803,0.1431471
"8961",97,73,0.54288518,0,0.92611468,1.28431006,0.87435899,1.12127159,1.06315803,0.09744514
"8962",98,73,0.52028247,0,0.0564803,1.28431006,0.87435899,1.12127159,1.06315803,0.1418401
"8963",99,73,0.04585473,0.3704957,0.05936107,1.28431006,0.87435899,1.12127159,1.06315803,0.08513188
"8964",100,73,0.04573742,0.40064069,0.05936107,1.28431006,0.87435899,1.12127159,1.06315803,0.06942403
"8965",101,73,0,0.26046877,0,1.28431006,0.87435899,1.12127159,1.06315803,0.17606898
"8966",102,73,0,0.2836447,0,1.28431006,0.87435899,1.12127159,1.06315803,0.13751663
"8967",96,74,0.75813828,0,0.92326621,1.28035988,0.87166971,1.11782287,1.05988805,0.38502731
"8968",97,74,0.56729517,0,0.90977761,1.28035988,0.87166971,1.11782287,1.05988805,0.15189519
"8969",98,74,0.57148355,0,0.92326621,1.28035988,0.87166971,1.11782287,1.05988805,0.15353753
"8970",99,74,0.52105637,0,0.05630659,1.28035988,0.87166971,1.11782287,1.05988805,0.07806749
"8971",100,74,0.5350239,0,0.06303318,1.28035988,0.87166971,1.11782287,1.05988805,0.14177267
"8972",101,74,0.04920742,0.38212359,0.05917849,1.28035988,0.87166971,1.11782287,1.05988805,0.12033469
"8973",102,74,0,0.28129636,0,1.28035988,0.87166971,1.11782287,1.05988805,0.13162603
"8974",103,74,0,0.27344952,0,1.28035988,0.87166971,1.11782287,1.05988805,0.15310403
"8975",97,75,0.54462692,0,0.92040987,1.27639878,0.86897299,1.11436462,1.05660904,0.15742656
"8976",98,75,0.54485301,0,0.91713873,1.27639878,0.86897299,1.11436462,1.05660904,0.17006839
"8977",99,75,0.54346491,0,0.9167201,1.27639878,0.86897299,1.11436462,1.05660904,0.4142734
"8978",100,75,0.52598048,0,0.05613238,1.27639878,0.86897299,1.11436462,1.05660904,0.36071475
"8979",101,75,0.52453981,0,0.06283817,1.27639878,0.86897299,1.11436462,1.05660904,0.10884153
"8980",102,75,0.04546422,0.35500493,0.05899541,1.27639878,0.86897299,1.11436462,1.05660904,0.04366588
"8981",103,75,0.04549292,0.37645858,0.05899541,1.27639878,0.86897299,1.11436462,1.05660904,0.07294284
"8982",104,75,0.04917521,0.37833099,0.05893981,1.27639878,0.86897299,1.11436462,1.05660904,0.09441793
"8983",105,75,0.02479379,0.27967877,0.08124327,1.27639878,0.86897299,1.11436462,1.05660904,0.10269841
"8984",97,76,0.4831587,0,0.06126074,1.27242622,0.86626847,1.11089636,1.05332053,0.19194976
"8985",98,76,0.53485328,0,0.91368769,1.27242622,0.86626847,1.11089636,1.05332053,0.11445003
"8986",99,76,0.52372023,0,0.08319255,1.27242622,0.86626847,1.11089636,1.05332053,0.11034423
"8987",100,76,0.53134071,0,0.9136748,1.27242622,0.86626847,1.11089636,1.05332053,0.11566267
"8988",101,76,0.53353698,0,0.91369045,1.27242622,0.86626847,1.11089636,1.05332053,0.05565457
"8989",102,76,0.04949458,0.4180704,0.06095105,1.27242622,0.86626847,1.11089636,1.05332053,0.09069838
"8990",103,76,0.05264029,0.3919933,0.08197085,1.27242622,0.86626847,1.11089636,1.05332053,0.13692161
"8991",104,76,0.05321369,0.37941704,0.08197085,1.27242622,0.86626847,1.11089636,1.05332053,0.3748786
"8992",105,76,0.0534037,0.35355193,0.08197085,1.27242622,0.86626847,1.11089636,1.05332053,0.21630888
"8993",97,77,0.52342882,0,0.06134673,1.26844274,0.86355651,1.10741857,1.05002298,0.08362588
"8994",98,77,0.52404336,0,0.06106895,1.26844274,0.86355651,1.10741857,1.05002298,0.13110373
"8995",99,77,0.52452554,0,0.06106895,1.26844274,0.86355651,1.10741857,1.05002298,0.12226703
"8996",100,77,0.53405463,0,0.91133688,1.26844274,0.86355651,1.10741857,1.05002298,0.19345667
"8997",101,77,0.52592207,0,0.91467277,1.26844274,0.86355651,1.10741857,1.05002298,0.13306481
"8998",102,77,0.48987125,0.38146295,0.06339797,1.26844274,0.86355651,1.10741857,1.05002298,0.12474918
"8999",103,77,0.04922382,0.40356635,0.08171423,1.26844274,0.86355651,1.10741857,1.05002298,0.12852659
"9000",104,77,0.05286096,0.41914283,0.08171423,1.26844274,0.86355651,1.10741857,1.05002298,0.315672
"9001",105,77,0.04144724,0,0.08655144,1.26844274,0.86355651,1.10741857,1.05002298,0.45568958
"9002",98,78,0.56413484,0.34565345,0.98731138,1.26444833,0.86083712,1.10393124,1.0467164,0.04413725
"9003",99,78,0.48251672,0.34791725,0.0712798,1.26444833,0.86083712,1.10393124,1.0467164,0.08598991
"9004",100,78,0.48416546,0.39145944,0.0712798,1.26444833,0.86083712,1.10393124,1.0467164,0.13947577
"9005",101,78,0.48494802,0.3828903,0.0712798,1.26444833,0.86083712,1.10393124,1.0467164,0.13022287
"9006",102,78,0.47698137,0.3614535,0.0712798,1.26444833,0.86083712,1.10393124,1.0467164,0.23047064
"9007",103,78,0.0247795,0.43505093,0.05589815,1.26444833,0.86083712,1.10393124,1.0467164,0.18086968
"9008",104,78,0.0251939,0.35418234,0,1.26444833,0.86083712,1.10393124,1.0467164,0.16145373
"9009",105,78,0.04827542,0.39097893,0.05589814,1.26444833,0.86083712,1.10393124,1.0467164,0.17836388
"9010",99,79,0.65742398,0.36466588,0.98565288,1.26044247,0.85810992,1.1004339,1.04340032,0.08014725
"9011",100,79,0.48214915,0.35501188,0.08306823,1.26044247,0.85810992,1.1004339,1.04340032,0.06764585
"9012",101,79,0.54025736,0.39999871,0.07105398,1.26044247,0.85810992,1.1004339,1.04340032,0.14091565
"9013",102,79,0.05021313,0.38567899,0.05572106,1.26044247,0.85810992,1.1004339,1.04340032,0.12018911
"9014",103,79,0.04856253,0.35320093,0.05572106,1.26044247,0.85810992,1.1004339,1.04340032,0.05339178
"9015",56,69,0.06795037,0,0.04369296,0.79015544,0.53805986,0.68981968,0.65406753,0.20774091
"9016",54,70,0.70080003,0,0.60650796,0.75134546,0.51163203,0.65593788,0.62194176,0.15233066
"9017",55,70,1.19526935,0,1.07497289,1.26963448,0.86456325,1.10841338,1.05096624,0.22635282
"9018",56,70,0.73659394,0,1.145824,1.29614626,0.88261656,1.13155863,1.07291191,0.17735335
"9019",57,70,0.44265391,0,1.14302206,1.29614626,0.88261656,1.13155863,1.07291191,0.15897112
"9020",58,70,0.74346637,0,1.11773533,1.29614626,0.88261656,1.13155863,1.07291191,0.22523139
"9021",59,70,0.42992097,0,1.09578823,1.29614626,0.88261656,1.13155863,1.07291191,0.26732529
"9022",53,71,1.18919405,0,1.02284977,1.27763945,0.87001426,1.11540186,1.05759252,0.27086709
"9023",54,71,0.41344039,0,1.03417948,1.29222977,0.87994961,1.12813947,1.06966996,0.12361736
"9024",55,71,1.095398,0,1.03357137,1.29222977,0.87994961,1.12813947,1.06966996,0.17513998
"9025",56,71,0.70611714,0,1.03747215,1.29222977,0.87994961,1.12813947,1.06966996,0.12598823
"9026",57,71,1.09629466,0,1.05075873,1.29222977,0.87994961,1.12813947,1.06966996,0.15834282
"9027",58,71,0.41244056,0,1.02966468,1.29222977,0.87994961,1.12813947,1.06966996,0.14510747
"9028",59,71,0.41374046,0,1.03354699,1.29222977,0.87994961,1.12813947,1.06966996,0.12473395
"9029",51,72,0,0,0,0.45538661,0.31009754,0.39756057,0.3769557,0.14900892
"9030",52,72,1.02838326,0,0.95000169,1.2095429,0.82364361,1.05595236,1.00122418,0.33860542
"9031",53,72,1.09205686,0,1.03377636,1.28830182,0.87727485,1.12471029,1.06641851,0.15761405
"9032",54,72,1.09066926,0,1.03026748,1.28830182,0.87727485,1.12471029,1.06641851,0.1515589
"9033",55,72,1.09374687,0,1.02459382,1.28830182,0.87727485,1.12471029,1.06641851,0.22788117
"9034",56,72,0.70022451,0,1.01346417,1.28830182,0.87727485,1.12471029,1.06641851,0.16531715
"9035",57,72,0.41221177,0,1.02737734,1.28830182,0.87727485,1.12471029,1.06641851,0.20039502
"9036",58,72,1.16135497,0,1.03216702,1.28830182,0.87727485,1.12471029,1.06641851,0.1668773
"9037",59,72,1.21585121,0,1.02951092,1.28830182,0.87727485,1.12471029,1.06641851,0.07956658
"9038",51,73,0,0,0,1.22543544,0.83446571,1.06982683,1.01437957,0.20283435
"9039",52,73,1.07369981,0,0.99462535,1.28436295,0.87459266,1.12127159,1.06315803,0.16805485
"9040",53,73,1.09117002,0,1.0272648,1.28436295,0.87459266,1.12127159,1.06315803,0.12532589
"9041",54,73,1.08939142,0,1.02731461,1.28436295,0.87459266,1.12127159,1.06315803,0.12127336
"9042",55,73,1.0863832,0,1.02451919,1.28436295,0.87459266,1.12127159,1.06315803,0.13025787
"9043",56,73,1.08276057,0,1.02057734,1.28436295,0.87459266,1.12127159,1.06315803,0.20218989
"9044",57,73,1.19066575,0,1.02239113,1.28436295,0.87459266,1.12127159,1.06315803,0.15771838
"9045",58,73,1.18945261,0,1.02134287,1.28436295,0.87459266,1.12127159,1.06315803,0.21124933
"9046",51,74,0.67776179,0,0.64095192,0.80005449,0.54480066,0.69846173,0.66226167,0.19946822
"9047",52,74,0.69954215,0,1.02228927,1.28041261,0.87190266,1.11782287,1.05988805,0.20754887
"9048",53,74,1.0756806,0,1.02169892,1.28041261,0.87190266,1.11782287,1.05988805,0.15510611
"9049",54,74,1.07305509,0,1.00560107,1.28041261,0.87190266,1.11782287,1.05988805,0.35129258
"9050",55,74,1.0860431,0,1.02826543,1.28041261,0.87190266,1.11782287,1.05988805,0.19660206
"9051",56,74,1.12728122,0.30788421,1.0833356,1.28041261,0.87190266,1.11782287,1.05988805,0.18249985
"9052",57,74,1.13337566,0.3078965,1.08712848,1.28041261,0.87190266,1.11782287,1.05988805,0.16544249
"9053",58,74,1.11837229,0.30790222,0.07524288,1.28041261,0.87190266,1.11782287,1.05988805,0.29765051
"9054",59,74,1.13140463,0.30915235,0.07674613,1.28041261,0.87190266,1.11782287,1.05988805,0.14045438
"9055",60,74,1.13235946,0,0.05194338,1.28041261,0.87190266,1.11782287,1.05988805,0.09135602
"9056",61,74,1.11857007,0.31676641,0.07674613,1.28041261,0.87190266,1.11782287,1.05988805,0.04270106
"9057",49,75,0.50883324,0,0.42635606,0.54834819,0.37340014,0.47871768,0.45390657,0.23851386
"9058",50,75,0,0,0.04482906,0.80363246,0.5472371,0.70158536,0.66522341,0.43975381
"9059",51,75,0.40600179,0,1.01342905,1.27645135,0.86920522,1.11436462,1.05660904,0.29596342
"9060",52,75,1.2029943,0,1.00579807,1.27645135,0.86920522,1.11436462,1.05660904,0.11856741
"9061",53,75,1.20651794,0,1.00426788,1.27645135,0.86920522,1.11436462,1.05660904,0.32714809
"9062",54,75,1.16914688,0,1.00705202,1.27645135,0.86920522,1.11436462,1.05660904,0.74271987
"9063",55,75,1.13839567,0.32159044,0.07031405,1.27645135,0.86920522,1.11436462,1.05660904,0.43225363
"9064",56,75,1.14128215,0.30819592,0.0765087,1.27645135,0.86920522,1.11436462,1.05660904,0.13794606
"9065",57,75,1.13567871,0.30693011,1.08215638,1.27645135,0.86920522,1.11436462,1.05660904,0.16837839
"9066",58,75,1.13449016,0.30696118,1.07596532,1.27645135,0.86920522,1.11436462,1.05660904,0.11074242
"9067",59,75,1.1339336,0.3069131,0.0749727,1.27645135,0.86920522,1.11436462,1.05660904,0.15131697
"9068",60,75,1.13572064,0.30691151,1.08001016,1.27645135,0.86920522,1.11436462,1.05660904,0.18919576
"9069",61,75,1.13921901,0.33966072,1.08404382,1.27645135,0.86920522,1.11436462,1.05660904,0.12451485
"9070",62,75,1.15355366,0.32785054,0.0765087,1.27645135,0.86920522,1.11436462,1.05660904,0.12424643
"9071",63,75,1.1400006,0.32448547,0.92196236,1.27645135,0.86920522,1.11436462,1.05660904,0.32149221
"9072",49,76,1.17228633,0.28211117,0.98259896,1.25977583,0.85784995,1.0998066,1.04280553,0.27371947
"9073",50,76,0.40147842,0,0.99382727,1.27247862,0.86649997,1.11089636,1.05332053,0.25925779
"9074",51,76,0.39994424,0,0.9880527,1.27247862,0.86649997,1.11089636,1.05332053,0.37333847
"9075",52,76,0.40263698,0,0.99449652,1.27247862,0.86649997,1.11089636,1.05332053,0.25012915
"9076",53,76,0.40525263,0,0.9969334,1.27247862,0.86649997,1.11089636,1.05332053,0.14592509
"9077",54,76,1.14254478,0.31169612,0.08484976,1.27247862,0.86649997,1.11089636,1.05332053,0.22803804
"9078",55,76,1.13001816,0.31332455,0.08520313,1.27247862,0.86649997,1.11089636,1.05332053,0.15137597
"9079",56,76,1.12589243,0.31614061,0.08602799,1.27247862,0.86649997,1.11089636,1.05332053,0.21715358
"9080",57,76,1.12354741,0.30354627,0.08599583,1.27247862,0.86649997,1.11089636,1.05332053,0.17333736
"9081",58,76,1.12955616,0.33551596,0.08565015,1.27247862,0.86649997,1.11089636,1.05332053,0.16247209
"9082",59,76,1.12225579,0.34133579,0.93353735,1.27247862,0.86649997,1.11089636,1.05332053,0.19365779
"9083",60,76,1.13258456,0.28603474,0.93495869,1.27247862,0.86649997,1.11089636,1.05332053,0.46781942
"9084",61,76,1.1439098,0.32352687,1.04439556,1.27247862,0.86649997,1.11089636,1.05332053,0.34628673
"9085",62,76,1.14613043,0.32339894,1.04777784,1.27247862,0.86649997,1.11089636,1.05332053,0.23202187
"9086",63,76,1.13654166,0.32288322,1.05997914,1.27247862,0.86649997,1.11089636,1.05332053,0.12047646
"9087",64,76,1.14217987,0.3230109,1.05818302,1.27247862,0.86649997,1.11089636,1.05332053,0.09543021
"9088",51,77,0.70858026,0.27868472,1.00355754,1.26849497,0.86378729,1.10741857,1.05002298,0.23658213
"9089",52,77,1.129035,0.33446558,0.08516012,1.26849497,0.86378729,1.10741857,1.05002298,0.09755706
"9090",53,77,1.14126623,0,0.08449189,1.26849497,0.86378729,1.10741857,1.05002298,0.10585291
"9091",54,77,1.12449934,0.32924371,0.08339758,1.26849497,0.86378729,1.10741857,1.05002298,0.1151718
"9092",55,77,1.12148364,0.32966461,0.08378466,1.26849497,0.86378729,1.10741857,1.05002298,0.07569771
"9093",56,77,1.11797198,0.32985669,0.08408751,1.26849497,0.86378729,1.10741857,1.05002298,0.14562497
"9094",57,77,1.11883086,0.3291687,0.08363134,1.26849497,0.86378729,1.10741857,1.05002298,0.07442968
"9095",58,77,1.12219771,0.32848558,0.08278481,1.26849497,0.86378729,1.10741857,1.05002298,0.06152873
"9096",59,77,1.12448578,0.3283006,0.08257216,1.26849497,0.86378729,1.10741857,1.05002298,0.1365431
"9097",60,77,1.12569477,0.28762867,0.08410121,1.26849497,0.86378729,1.10741857,1.05002298,0.21186871
"9098",61,77,1.14744208,0.32213793,1.04950502,1.26849497,0.86378729,1.10741857,1.05002298,0.21655621
"9099",62,77,1.15331973,0.32210415,1.0557839,1.26849497,0.86378729,1.10741857,1.05002298,0.12429316
"9100",63,77,1.14343929,0.32193001,1.06291711,1.26849497,0.86378729,1.10741857,1.05002298,0.08049243
"9101",64,77,1.1236857,0.32208382,0.08496812,1.26849497,0.86378729,1.10741857,1.05002298,0.12008162
"9102",65,77,1.1222388,0.34288076,0.08011859,1.26940042,0.86370652,1.10741857,1.05002298,0.11071863
"9103",54,78,1.09609019,0.40499511,0.08492201,1.26450041,0.86106717,1.10393124,1.0467164,0.05503756
"9104",55,78,1.13364169,0.38893989,0.08492201,1.26450041,0.86106717,1.10393124,1.0467164,0.14899704
"9105",56,78,1.11068029,0.39805815,0.08477491,1.26450041,0.86106717,1.10393124,1.0467164,0.08371388
"9106",57,78,1.12068095,0.33341233,0.08428084,1.26450041,0.86106717,1.10393124,1.0467164,0.1506826
"9107",58,78,1.12208455,0,0.08415153,1.26450041,0.86106717,1.10393124,1.0467164,0.15279448
"9108",59,78,1.13044078,0,0.08351644,1.26450041,0.86106717,1.10393124,1.0467164,0.10557014
"9109",60,78,1.12770727,0,0.08341855,1.26450041,0.86106717,1.10393124,1.0467164,0.0751555
"9110",61,78,1.13965647,0.32114587,1.04564428,1.26450041,0.86106717,1.10393124,1.0467164,0.1033591
"9111",62,78,1.15279244,0.32087906,1.05254628,1.26450041,0.86106717,1.10393124,1.0467164,0.12765669
"9112",63,78,1.13514581,0.32087514,1.06353281,1.26450041,0.86106717,1.10393124,1.0467164,0.18706117
"9113",64,78,1.1336921,0.32079094,1.06602676,1.26450041,0.86106717,1.10393124,1.0467164,0.11585772
"9114",65,78,1.13733605,0.32071706,1.07105555,1.26450041,0.86106717,1.10393124,1.0467164,0.19432266
"9115",66,78,1.14347901,0.32149842,1.06886827,1.26450041,0.86106717,1.10393124,1.0467164,0.16162531
"9116",67,78,1.13453065,0.33672427,1.04376471,1.26450041,0.86106717,1.10393124,1.0467164,0.1126964
"9117",57,79,1.11602674,0.36421737,0.08273499,1.26049437,0.85833925,1.1004339,1.04340032,0.08265618
"9118",58,79,1.12158961,0,0.08313845,1.26049437,0.85833925,1.1004339,1.04340032,0.07884687
"9119",59,79,1.1269728,0,0.08344935,1.26049437,0.85833925,1.1004339,1.04340032,0.09515852
"9120",60,79,1.12863092,0,0.08497396,1.26049437,0.85833925,1.1004339,1.04340032,0.08621116
"9121",61,79,1.12149009,0,0.08627704,1.26049437,0.85833925,1.1004339,1.04340032,0.0815445
"9122",62,79,1.15501978,0.32047989,1.04528585,1.26049437,0.85833925,1.1004339,1.04340032,0.07917564
"9123",63,79,1.15920027,0.32041839,1.0508348,1.26049437,0.85833925,1.1004339,1.04340032,0.07306274
"9124",64,79,1.14669985,0.31981363,1.04853955,1.26049437,0.85833925,1.1004339,1.04340032,0.2905328
"9125",65,79,1.12820192,0.31985401,1.06310859,1.26049437,0.85833925,1.1004339,1.04340032,0.3446177
"9126",66,79,1.13407978,0.31970101,1.06388575,1.26049437,0.85833925,1.1004339,1.04340032,0.09919291
"9127",67,79,1.13938181,0.31970101,1.06628659,1.26049437,0.85833925,1.1004339,1.04340032,0.04159865
"9128",68,79,1.13894647,0.36759477,1.04553683,1.26049437,0.85833925,1.1004339,1.04340032,0.06271834
"9129",58,80,1.11190885,0.33129704,0.08429018,1.25647797,0.85560426,1.09692751,1.04007566,0.14562946
"9130",59,80,1.11609638,0.33129704,0.08478313,1.25647797,0.85560426,1.09692751,1.04007566,0.34061032
"9131",60,80,1.11056158,0.33129704,0.08545042,1.25647797,0.85560426,1.09692751,1.04007566,0.06603838
"9132",61,80,1.10694617,0.32655497,0.08260096,1.25647797,0.85560426,1.09692751,1.04007566,0.10073687
"9133",62,80,1.11343159,0.32645214,0.08078487,1.25647797,0.85560426,1.09692751,1.04007566,0.07730171
"9134",63,80,1.12882858,0.31945872,1.03921844,1.25647797,0.85560426,1.09692751,1.04007566,0.08780203
"9135",64,80,1.12807356,0.3187505,1.05991871,1.25647797,0.85560426,1.09692751,1.04007566,0.25819826
"9136",65,80,1.1192626,0.31868232,1.05608595,1.25647797,0.85560426,1.09692751,1.04007566,0.28869222
"9137",66,80,1.12818242,0.31868232,1.06333969,1.25647797,0.85560426,1.09692751,1.04007566,0.20568927
"9138",67,80,1.13616748,0.31868232,1.06390114,1.25647797,0.85560426,1.09692751,1.04007566,0.13644946
"9139",68,80,1.13920484,0.31868232,1.05654878,1.25647797,0.85560426,1.09692751,1.04007566,0.06334784
"9140",58,81,1.11115697,0.33023501,0.08343968,1.25245009,0.85286146,1.0934111,1.0367415,0.09996839
"9141",59,81,1.11047415,0.33023501,0.08390995,1.25245009,0.85286146,1.0934111,1.0367415,0.04604136
"9142",60,81,1.11410117,0.33023501,0.08436423,1.25245009,0.85286146,1.0934111,1.0367415,0.12941552
"9143",61,81,0.41614301,0.33140869,0.92237647,1.25245009,0.85286146,1.0934111,1.0367415,0.0801288
"9144",62,81,0.3655684,0.33140868,0.92193875,1.25245009,0.85286146,1.0934111,1.0367415,0.02647899
"9145",63,81,1.11112777,0.33023501,0.08255959,1.25245009,0.85286146,1.0934111,1.0367415,0.06450745
"9146",64,81,1.12591188,0.31784149,1.02261641,1.25245009,0.85286146,1.0934111,1.0367415,0.20997056
"9147",65,81,1.14540803,0.31818839,1.04179858,1.25245009,0.85286146,1.0934111,1.0367415,0.15355648
"9148",66,81,1.14374565,0.31780012,1.04867153,1.25245009,0.85286146,1.0934111,1.0367415,0.11787983
"9149",67,81,1.10234494,0.3177181,1.01040801,1.25231256,0.85275892,1.0934111,1.0367415,0.07435313
"9150",58,82,0.36475251,0.33033998,0.91954645,1.2484113,0.85011123,1.08988516,1.03339831,0.08591659
"9151",59,82,0.35759334,0.33033998,0.93043796,1.2484113,0.85011123,1.08988516,1.03339831,0.07247165
"9152",60,82,1.10577029,0.3291701,0.95647886,1.2484113,0.85011123,1.08988516,1.03339831,0.0895848
"9153",61,82,0.41550429,0.33033998,0.92023993,1.2484113,0.85011123,1.08988516,1.03339831,0.04871475
"9154",62,82,1.05832789,0.33033998,0.91945032,1.2484113,0.85011123,1.08988516,1.03339831,0.07326482
"9155",63,82,0.40235665,0.33033998,0.93618612,1.2484113,0.85011123,1.08988516,1.03339831,0.04865237
"9156",65,82,1.02769941,0.28220705,0.96929597,1.2484113,0.85011123,1.08988516,1.03339831,0.05432332
"9157",45,77,0.45333082,0.2084308,0.04406413,0.90537083,0.61665058,0.79052413,0.74955264,0.23837098
"9158",46,77,0.05139906,0.21038836,0.04242368,1.01855952,0.69374371,0.88935478,0.84326106,0.4074593
"9159",47,77,0.06707767,0.25233917,0.05872659,1.26699104,0.86295111,1.10627265,1.04893646,0.50255516
"9160",48,77,0.0652196,0.27927632,0.05989727,1.23068888,0.83822561,1.07457543,1.01888205,0.18322298
"9161",49,77,0.06704699,0.28766517,0.0616589,1.26688459,0.8628786,1.1061797,1.04884832,0.13011301
"9162",50,77,0.06735214,0.28180694,0.0828895,1.26830344,0.86384499,1.10741857,1.05002298,0.0972302
"9163",38,78,0.16249087,0.07179226,0.01638691,0.346086,0.23572014,0.30218484,0.28652312,0.18332024
"9164",41,78,0.01873333,0.09107416,0,0.38609934,0.26297333,0.33712246,0.31964999,0.14928842
"9165",42,78,0.03042535,0.12497339,0.02768129,0.56875821,0.38738279,0.49661097,0.47087248,0.15938036
"9166",43,78,0.05558403,0.24301527,0.05182915,1.06491592,0.72531718,0.92983085,0.88163933,0.48766329
"9167",44,78,0.61364446,0.28802813,0.05953246,1.22319338,0.8331204,1.06803074,1.01267656,0.29253747
"9168",45,78,0.0637197,0.29771933,0.06153357,1.26430947,0.86112469,1.10393124,1.0467164,0.16221428
"9169",46,78,0.06659922,0.29796465,0.06153357,1.26430947,0.86112469,1.10393124,1.0467164,0.15130548
"9170",47,78,0.06639389,0.29809663,0,1.26430947,0.86112469,1.10393124,1.0467164,0.25125643
"9171",48,78,0.06625955,0.29814905,0,1.26430947,0.86112469,1.10393124,1.0467164,0.14409277
"9172",49,78,0.06547513,0.29824647,0.06153357,1.26430947,0.86112469,1.10393124,1.0467164,0.17647275
"9173",50,78,0.0659061,0.26226902,0.06164537,1.26430947,0.86112469,1.10393124,1.0467164,0.10962163
"9174",51,78,0.55510927,0.39257918,0.05647297,1.26430947,0.86112469,1.10393124,1.0467164,0.2267937
"9175",52,78,1.08376172,0.38694948,0.06188294,1.26430947,0.86112469,1.10393124,1.0467164,0.12925959
"9176",53,78,1.08178077,0.38893934,0.08187727,1.26430947,0.86112469,1.10393124,1.0467164,0.10231708
"9177",37,79,0.28274627,0.12350595,0.02593364,0.56015393,0.3815224,0.48909815,0.46374904,0.0920557
"9178",38,79,0.63405538,0.28668275,0.06133863,1.26030404,0.85839658,1.1004339,1.04340032,0.20404994
"9179",39,79,0.62032276,0.26388771,0.05607896,1.15223556,0.78479083,1.00607395,0.95393088,0.49290784
"9180",40,79,0.05879691,0.25838354,0,1.1367958,0.77427477,0.99259273,0.94114837,0.28613696
"9181",41,79,0.06583185,0.28967903,0,1.26030404,0.85839658,1.1004339,1.04340032,0.16341895
"9182",42,79,0.06276995,0.29006609,0.06080723,1.24938561,0.85096,1.09090047,1.034361,0.17706038
"9183",43,79,0.06347483,0.29680283,0.06133863,1.26030404,0.85839658,1.1004339,1.04340032,0.14230929
"9184",44,79,0.06323791,0.2969124,0.06133863,1.26030404,0.85839658,1.1004339,1.04340032,0.10850769
"9185",45,79,0.67887032,0.29725554,0,1.26030404,0.85839658,1.1004339,1.04340032,0.16805444
"9186",46,79,0.06668702,0.26143814,0,1.26030404,0.85839658,1.1004339,1.04340032,0.14100024
"9187",47,79,0.68003449,0.29719446,0,1.26030404,0.85839658,1.1004339,1.04340032,0.16706901
"9188",48,79,0.68024827,0.29660585,0,1.26030404,0.85839658,1.1004339,1.04340032,0.15624452
"9189",49,79,0.06688319,0,0,1.26030404,0.85839658,1.1004339,1.04340032,0.18988582
"9190",50,79,0.02964129,0,0.05660386,1.26030404,0.85839658,1.1004339,1.04340032,0.10985849
"9191",51,79,0.02958501,0.32553778,0,1.26030404,0.85839658,1.1004339,1.04340032,0.14882099
"9192",52,79,0.55362477,0.38584292,0,1.26030404,0.85839658,1.1004339,1.04340032,0.09057204
"9193",53,79,0.55282173,0.401628,0,1.26030404,0.85839658,1.1004339,1.04340032,0.24926732
"9194",54,79,0.55230519,0.4086589,0,1.26030404,0.85839658,1.1004339,1.04340032,0.20024217
"9195",55,79,0.55266692,0.40746751,0.05417399,1.26030404,0.85839658,1.1004339,1.04340032,0.08696293
"9196",56,79,1.07821548,0.40630669,0,1.26030404,0.85839658,1.1004339,1.04340032,0.07925455
"9197",36,80,0.02955027,0.13987223,0.0231513,0.59311451,0.40397193,0.51787766,0.49103696,0.13843589
"9198",37,80,0.0410925,0.19409409,0.04007557,0.82341924,0.56083313,0.71896813,0.68170526,0.08325995
"9199",38,80,0.06064222,0.27012155,0,1.14643405,0.78083941,1.00100836,0.94912784,0.10876708
"9200",39,80,0.55598002,0.29614302,0,1.25628824,0.85566141,1.09692751,1.04007566,0.19524434
"9201",40,80,0.55616179,0.29625416,0.06125427,1.25628824,0.85566141,1.09692751,1.04007566,0.08704023
"9202",41,80,0.6678752,0,0.06195716,1.25628824,0.85566141,1.09692751,1.04007566,0.10401177
"9203",42,80,0.67864412,0.29551534,0.06125427,1.25628824,0.85566141,1.09692751,1.04007566,0.08196465
"9204",43,80,0.67818965,0.29590849,0.06114318,1.25628824,0.85566141,1.09692751,1.04007566,0.0928694
"9205",44,80,0.06640682,0.29602494,0.06114318,1.25628824,0.85566141,1.09692751,1.04007566,0.06583625
"9206",45,80,0.67807052,0.29600074,0.06114319,1.25628824,0.85566141,1.09692751,1.04007566,0.06449135
"9207",46,80,0.67876534,0,0,1.25628824,0.85566141,1.09692751,1.04007566,0.24207057
"9208",47,80,0.67843874,0,0,1.25628824,0.85566141,1.09692751,1.04007566,0.14951474
"9209",48,80,0.67867994,0,0,1.25628824,0.85566141,1.09692751,1.04007566,0.08925656
"9210",49,80,0.06732353,0.27604462,0,1.25628824,0.85566141,1.09692751,1.04007566,0.09016756
"9211",50,80,0.02965837,0.32539012,0.0564235,1.25628824,0.85566141,1.09692751,1.04007566,0.07523815
"9212",51,80,0.02917397,0.32637109,0,1.25628824,0.85566141,1.09692751,1.04007566,0.06386016
"9213",52,80,0.55136594,0.37922386,0.05611469,1.25628824,0.85566141,1.09692751,1.04007566,0.18502074
"9214",53,80,0.55617817,0.40767336,0,1.25628824,0.85566141,1.09692751,1.04007566,0.53778603
"9215",54,80,0.55177392,0.40096223,0,1.25628824,0.85566141,1.09692751,1.04007566,0.34587983
"9216",55,80,0.5517624,0.40228253,0,1.25628824,0.85566141,1.09692751,1.04007566,0.18309008
"9217",56,80,0.55103355,0.40504128,0,1.25628824,0.85566141,1.09692751,1.04007566,0.1923756
"9218",57,80,1.07976351,0.40361211,0.08398229,1.25628824,0.85566141,1.09692751,1.04007566,0.12619309
"9219",36,81,0.03064986,0,0.02821511,0.60262119,0.41044696,0.52617842,0.4989075,0.1546921
"9220",37,81,0.29709893,0,0.03144027,0.6715045,0.45736358,0.58632385,0.5559357,0.11953757
"9221",38,81,0.59238613,0,0.05682686,1.21371399,0.82666396,1.05975382,1.00482862,0.12583761
"9222",39,81,0.55127987,0.25976968,0.05863166,1.25226098,0.85291842,1.0934111,1.0367415,0.16377927
"9223",40,81,0.06353307,0,0.06105791,1.25226098,0.85291842,1.0934111,1.0367415,0.11287091
"9224",41,81,0.06340674,0.25976968,0.06105791,1.25226098,0.85291842,1.0934111,1.0367415,0.11375411
"9225",42,81,0.55159336,0.25976968,0.06105791,1.25226098,0.85291842,1.0934111,1.0367415,0.14902807
"9226",43,81,0.63742115,0.25976968,0.06105791,1.25226098,0.85291842,1.0934111,1.0367415,0.08369194
"9227",44,81,0.06234895,0.25976968,0.06094717,1.25226098,0.85291842,1.0934111,1.0367415,0.11303293
"9228",45,81,0.61149271,0.25976968,0.06105791,1.25226098,0.85291842,1.0934111,1.0367415,0.08085175
"9229",46,81,0.6760738,0.25976968,0.06105791,1.25226098,0.85291842,1.0934111,1.0367415,0.11537348
"9230",47,81,0.06707811,0.27515965,0.0610579,1.25226098,0.85291842,1.0934111,1.0367415,0.1210918
"9231",48,81,0.06712323,0.27515971,0,1.25226098,0.85291842,1.0934111,1.0367415,0.12787665
"9232",49,81,0.06669703,0.27515971,0,1.25226098,0.85291842,1.0934111,1.0367415,0.10020442
"9233",50,81,0.02976051,0.31035376,0,1.25226098,0.85291842,1.0934111,1.0367415,0.11579727
"9234",51,81,0.0298424,0,0,1.25226098,0.85291842,1.0934111,1.0367415,0.09405519
"9235",52,81,0.0297744,0,0,1.25226098,0.85291842,1.0934111,1.0367415,0.12672175
"9236",53,81,0.54968695,0.40524863,0.0559348,1.25226098,0.85291842,1.0934111,1.0367415,0.17928852
"9237",54,81,0.58413037,0.40879317,0.08198583,1.25226098,0.85291842,1.0934111,1.0367415,0.16132948
"9238",55,81,0.54827365,0.40593857,0.05382826,1.25226098,0.85291842,1.0934111,1.0367415,0.14929493
"9239",56,81,0.54910999,0.40419496,0,1.25226098,0.85291842,1.0934111,1.0367415,0.09236212
"9240",57,81,1.08873796,0.40698608,0.08282896,1.25245009,0.85286146,1.0934111,1.0367415,0.07325874
"9241",35,82,0.0475992,0.21228504,0.04385261,0.90102475,0.61369045,0.78672935,0.74595453,0.14975976
"9242",36,82,0.06346713,0.27794709,0.05772709,1.18609908,0.80785537,1.03564187,0.98196635,0.38609423
"9243",37,82,0.06078782,0,0.05566469,1.14372355,0.77899328,0.99864169,0.94688383,0.40110102
"9244",38,82,0.06566961,0.29250499,0.05844259,1.2482228,0.85016801,1.08988516,1.03339831,0.26024724
"9245",39,82,0.06248999,0,0.05844258,1.2482228,0.85016801,1.08988516,1.03339831,0.1152456
"9246",40,82,0,0,0.04135568,1.2482228,0.85016801,1.08988516,1.03339831,0.07249863
"9247",41,82,0,0,0.04180968,1.2482228,0.85016801,1.08988516,1.03339831,0.07412067
"9248",42,82,0.06616982,0,0.05844259,1.2482228,0.85016801,1.08988516,1.03339831,0.01922585
"9249",43,82,0.06631644,0.27939955,0.06086101,1.2482228,0.85016801,1.08988516,1.03339831,0.03309525
"9250",44,82,0.06544916,0.28427161,0.06075064,1.2482228,0.85016801,1.08988516,1.03339831,0.03068811
"9251",45,82,0.06584348,0.28683763,0,1.2482228,0.85016801,1.08988516,1.03339831,0.03671356
"9252",46,82,0.06268362,0.29399076,0.06075064,1.2482228,0.85016801,1.08988516,1.03339831,0.06868019
"9253",47,82,0.0658106,0.258932,0,1.2482228,0.85016801,1.08988516,1.03339831,0.25367028
"9254",48,82,0.06565381,0.258932,0,1.2482228,0.85016801,1.08988516,1.03339831,0.20526422
"9255",49,82,0.0297621,0.32241718,0.05606125,1.2482228,0.85016801,1.08988516,1.03339831,0.12088758
"9256",50,82,0.02982378,0.33033998,0,1.2482228,0.85016801,1.08988516,1.03339831,0.15615507
"9257",51,82,0.02984757,0.31983748,0.05606125,1.2482228,0.85016801,1.08988516,1.03339831,0.24433098
"9258",52,82,0.02969402,0.33033998,0.05606125,1.2482228,0.85016801,1.08988516,1.03339831,0.11604676
"9259",53,82,0.02962046,0.33033998,0,1.2482228,0.85016801,1.08988516,1.03339831,0.09479027
"9260",54,82,0.06695711,0.32503031,0.08250832,1.2482228,0.85016801,1.08988516,1.03339831,0.05672083
"9261",55,82,0.36150851,0.33033998,0.96597215,1.2482228,0.85016801,1.08988516,1.03339831,0.14004542
"9262",56,82,0.02765177,0.33033998,0,1.2482228,0.85016801,1.08988516,1.03339831,0.15650719
"9263",57,82,0.39227283,0.33033998,0.91951258,1.2482228,0.85016801,1.08988516,1.03339831,0.12877603
"9264",36,83,0.04860277,0.19830807,0.04656896,0.96003179,0.65388032,0.83825132,0.79480621,0.27957725
"9265",37,83,0.58802252,0.27277081,0.0569736,1.17061729,0.79731068,1.02212395,0.96914904,0.28853486
"9266",38,83,0.62535715,0.29153145,0.06035207,1.24417424,0.84741052,1.08635017,1.03004653,0.18922856
"9267",39,83,0.06694135,0.2882958,0,1.24417424,0.84741052,1.08635017,1.03004653,0.21420213
"9268",40,83,0.06618593,0.28895797,0.06035207,1.24417424,0.84741052,1.08635017,1.03004653,0.23106451
"9269",41,83,0.06326905,0.28922265,0,1.24417424,0.84741052,1.08635017,1.03004653,0.18994484
"9270",42,83,0.06245748,0.29316962,0.0605536,1.24417424,0.84741052,1.08635017,1.03004653,0.11280168
"9271",43,83,0.06601939,0.28317433,0.0605536,1.24417424,0.84741052,1.08635017,1.03004653,0.11714888
"9272",44,83,0.06654063,0.27815681,0,1.24417424,0.84741052,1.08635017,1.03004653,0.19130275
"9273",45,83,0.06365376,0.28902653,0,1.24417424,0.84741052,1.08635017,1.03004653,0.17846095
"9274",46,83,0.06385423,0.2882958,0,1.24417424,0.84741052,1.08635017,1.03004653,0.29190888
"9275",47,83,0.03489735,0.14630559,0.03426934,0.70647188,0.48117996,0.6168556,0.58488505,0.36594061
"9276",48,83,0.01505117,0.14154135,0.02813989,0.62673455,0.42687064,0.54723299,0.51887085,0.08600848
"9277",49,83,0.02816338,0.30249114,0.0527916,1.17578007,0.80082707,1.02663183,0.97342329,0.18339
"9278",50,83,0.02657958,0.2554005,0.0496708,1.1125596,0.75776743,0.97143091,0.92108333,0.18488128
"9279",51,83,0.02770226,0.30009481,0.05217989,1.16180284,0.79130713,1.01442762,0.96185159,0.32670129
"9280",52,83,0.02934661,0.32137144,0.0550516,1.24417424,0.84741052,1.08635017,1.03004653,0.32269551
"9281",53,83,0,0,0.05117146,1.16945229,0.7965172,1.02110673,0.96818454,0.21973947
"9282",54,83,0.32551461,0,0.93118225,1.24417424,0.84741052,1.08635017,1.03004653,0.16059221
"9283",42,84,0.04079391,0.16679452,0.03926604,0.8067861,0.54950425,0.70444491,0.66793476,0.33262954
"9284",43,84,0.06209336,0.28940169,0.05972131,1.23117093,0.83855393,1.07499634,1.01928114,0.35614043
"9285",44,84,0.06352043,0.28810239,0.06015512,1.24011422,0.84464523,1.08280516,1.02668525,0.20991915
"9286",45,84,0.06375826,0.28735503,0.06015512,1.24011422,0.84464523,1.08280516,1.02668525,0.20636049
"9287",46,84,0.02761447,0.11727886,0.0274548,0.5659882,0.38549613,0.49419234,0.46857921,0.15440028
"9288",61,63,0.75134337,0.36199813,0.05442739,1.32324445,0.90085253,1.15521583,1.095343,0.10440152
"9289",62,63,0.72225583,0,0.09413943,1.32324445,0.90085253,1.15521583,1.095343,0.15196588
"9290",63,63,0.71159798,0,0.09413943,1.32324445,0.90085253,1.15521583,1.095343,0.0448266
"9291",64,63,0.76055687,0.29632242,0.09413943,1.32324445,0.90085253,1.15521583,1.095343,0.09217619
"9292",59,64,0.76644164,0.28179394,1.11617656,1.31940768,0.89824049,1.15186626,1.09216703,0.04694491
"9293",60,64,0.72351679,0,0.09386647,1.31940768,0.89824049,1.15186626,1.09216703,0.04791871
"9294",61,64,0.74290352,0,0.09386647,1.31940768,0.89824049,1.15186626,1.09216703,0.04867364
"9295",62,64,0.72648248,0,0.09386647,1.31940768,0.89824049,1.15186626,1.09216703,0.02933069
"9296",63,64,0.72911371,0,0.09386647,1.31940768,0.89824049,1.15186626,1.09216703,0.04293672
"9297",64,64,0.74034382,0,0.09386647,1.31940768,0.89824049,1.15186626,1.09216703,0.04161946
"9298",65,64,0.7790158,0.27682389,1.10397183,1.31940768,0.89824049,1.15186626,1.09216703,0.02611278
"9299",58,65,0.73040493,0.21956932,0.09328303,1.3112067,0.89265733,1.14470666,1.0853785,0.13534009
"9300",59,65,0.72251351,0,0.09359266,1.3155589,0.89562027,1.1485062,1.08898112,0.06195739
"9301",60,65,0.69183508,0,0.08314847,1.3155589,0.89562027,1.1485062,1.08898112,0.08684995
"9302",61,65,0.7002173,0,0.0831484,1.3155589,0.89562027,1.1485062,1.08898112,0.09469916
"9303",62,65,0.73812578,0,1.09758163,1.3155589,0.89562027,1.1485062,1.08898112,0.12790015
"9304",63,65,0.74306947,0,1.09934831,1.3155589,0.89562027,1.1485062,1.08898112,0.06579963
"9305",64,65,0.69556687,0,0.99663061,1.3155589,0.89562027,1.1485062,1.08898112,0.37270053
"9306",65,65,0.74685526,0,1.09618723,1.3155589,0.89562027,1.1485062,1.08898112,0.20187846
"9307",66,65,0.78503292,0,1.10930663,1.3155589,0.89562027,1.1485062,1.08898112,0.05676674
"9308",56,66,0,0,0,0.6601573,0.44942895,0.57632901,0.54645887,0.08533186
"9309",57,66,0.71554278,0,1.04824411,1.31169919,0.89299262,1.14513661,1.08578617,0.21928543
"9310",58,66,0.71487543,0,1.05307977,1.31169919,0.89299262,1.14513661,1.08578617,0.08895236
"9311",59,66,0.68932016,0,1.07474101,1.31169919,0.89299262,1.14513661,1.08578617,0.08232712
"9312",60,66,0.69393996,0,1.06202875,1.31169919,0.89299262,1.14513661,1.08578617,0.24479865
"9313",61,66,0.69095614,0,1.01537059,1.31169919,0.89299262,1.14513661,1.08578617,0.16078332
"9314",62,66,0.69148034,0,1.01293343,1.31169919,0.89299262,1.14513661,1.08578617,0.23908661
"9315",63,66,0.68609959,0,0.08075984,1.31169919,0.89299262,1.14513661,1.08578617,0.11203457
"9316",64,66,0.68748618,0,0.08075984,1.31169919,0.89299262,1.14513661,1.08578617,0.23630538
"9317",65,66,0.68913194,0,0.94023941,1.31169919,0.89299262,1.14513661,1.08578617,0.37680643
"9318",66,66,0.72242632,0,1.09857021,1.31169919,0.89299262,1.14513661,1.08578617,0.17202625
"9319",67,66,0.79467597,0,0.08277533,1.31169919,0.89299262,1.14513661,1.08578617,0.09224554
"9320",56,67,0,0,0,1.0063316,0.6851012,0.8785453,0.83301182,0.31822656
"9321",57,67,0.67464721,0,0.98523967,1.23627909,0.84164731,1.07929353,1.02335562,0.19774331
"9322",58,67,0.71631037,0,1.06741263,1.30782802,0.89035716,1.14175701,1.08258173,0.23457704
"9323",59,67,0.71489666,0,1.05634509,1.30782802,0.89035716,1.14175701,1.08258173,0.06425081
"9324",60,67,0.69231527,0,1.00162583,1.30782802,0.89035716,1.14175701,1.08258173,0.1068479
"9325",61,67,0.68730396,0,0.0805215,1.30782802,0.89035716,1.14175701,1.08258173,0.10406002
"9326",62,67,0.68453181,0,0.0805215,1.30782802,0.89035716,1.14175701,1.08258173,0.10550665
"9327",63,67,0.68597785,0,0.93983434,1.30782802,0.89035716,1.14175701,1.08258173,0.02973106
"9328",64,67,0.68620899,0,0.93952352,1.30782802,0.89035716,1.14175701,1.08258173,0.20215768
"9329",65,67,0.6824373,0,0.07935291,1.30782802,0.89035716,1.14175701,1.08258173,0.1627511
"9330",66,67,0.7032633,0,0.09196714,1.30782802,0.89035716,1.14175701,1.08258173,0.08137851
"9331",67,67,0.78767167,0,0.07405489,1.30782802,0.89035716,1.14175701,1.08258173,0.1171252
"9332",68,67,0.77274707,0.41631867,0.08123424,1.30782802,0.89035716,1.14175701,1.08258173,0.10145482
"9333",57,68,0.6097175,0,0.05837599,1.15278576,0.78480583,1.00640238,0.95424229,0.3299835
"9334",58,68,0.70075782,0,1.04161263,1.30394539,0.8877139,1.13836741,1.0793678,0.1066067
"9335",59,68,0.68435517,0,0.93752611,1.30394539,0.8877139,1.13836741,1.0793678,0.11024134
"9336",60,68,0.68521003,0,0.93932079,1.30394539,0.8877139,1.13836741,1.0793678,0.0555887
"9337",61,68,0.68264843,0,0.08028245,1.30394539,0.8877139,1.13836741,1.0793678,0.04997118
"9338",62,68,0.68415034,0,0.08028245,1.30394539,0.8877139,1.13836741,1.0793678,0.05993586
"9339",63,68,0.68609101,0,0.08028245,1.30394539,0.8877139,1.13836741,1.0793678,0.13661959
"9340",64,68,0.69210136,0,1.00842429,1.30394539,0.8877139,1.13836741,1.0793678,0.11668195
"9341",65,68,0.69113633,0,0.98294889,1.30394539,0.8877139,1.13836741,1.0793678,0.18243545
"9342",66,68,0.78547627,0,0.07383504,1.30394539,0.8877139,1.13836741,1.0793678,0.02215399
"9343",67,68,0.7916781,0,0.08272347,1.30394539,0.8877139,1.13836741,1.0793678,0.05643599
"9344",68,68,0.79319688,0,0.08099307,1.30394539,0.8877139,1.13836741,1.0793678,0.03231674
"9345",57,69,0.70621217,0,1.04395874,1.30005129,0.88506283,1.13496779,1.07614438,0.27449939
"9346",58,69,0.70237519,0,1.02793211,1.30005129,0.88506283,1.13496779,1.07614438,0.14022212
"9347",59,69,0.70879217,0,1.04561641,1.30005129,0.88506283,1.13496779,1.07614438,0.09655834
"9348",60,69,0.68895543,0,0.96178104,1.30005129,0.88506283,1.13496779,1.07614438,0.19635826
"9349",61,69,0.68183667,0,0.93469793,1.30005129,0.88506283,1.13496779,1.07614438,0.26916667
"9350",62,69,0.68384213,0,0.0800427,1.30005129,0.88506283,1.13496779,1.07614438,0.1957163
"9351",63,69,0.69876327,0,0.0800427,1.30005129,0.88506283,1.13496779,1.07614438,0.147398
"9352",64,69,0.69740824,0,1.01784963,1.30005129,0.88506283,1.13496779,1.07614438,0.11144196
"9353",65,69,0.69753057,0,1.01784963,1.30005129,0.88506283,1.13496779,1.07614438,0.10053263
"9354",66,69,0.68736096,0,0.9841114,1.30005129,0.88506283,1.13496779,1.07614438,0.07360043
"9355",67,69,0.68181386,0,0.9807384,1.30005129,0.88506283,1.13496779,1.07614438,0.04959955
"9356",68,69,0.78841573,0,0.07938828,1.30005129,0.88506283,1.13496779,1.07614438,0.04614243
"9357",60,70,0.70573743,0,1.02524216,1.29614626,0.88240433,1.13155863,1.07291191,0.24006086
"9358",61,70,0.68299689,0,0.07980227,1.29614626,0.88240433,1.13155863,1.07291191,0.36026826
"9359",62,70,0.69025072,0,1.049192,1.29614626,0.88240433,1.13155863,1.07291191,0.21331478
"9360",63,70,0.6895997,0,1.00479879,1.29614626,0.88240433,1.13155863,1.07291191,0.152049
"9361",64,70,0.69500364,0,1.01479227,1.29614626,0.88240433,1.13155863,1.07291191,0.09518258
"9362",65,70,0.60739248,0.37305734,0.08494191,1.29614626,0.88240433,1.13155863,1.07291191,0.14076961
"9363",66,70,0.60732279,0,0.08494191,1.29614626,0.88240433,1.13155863,1.07291191,0.10671845
"9364",67,70,0.60691698,0.32490825,0.08494191,1.29614626,0.88240433,1.13155863,1.07291191,0.09896865
"9365",68,70,0.68411191,0.26051419,0.0709536,1.29614626,0.88240433,1.13155863,1.07291191,0.05923942
"9366",69,70,0.67785795,0,0.06616796,1.29614626,0.88240433,1.13155863,1.07291191,0.09024574
"9367",70,70,0.80543311,0.38884569,0.05904026,1.29614626,0.88240433,1.13155863,1.07291191,0.02748791
"9368",60,71,0.69605729,0,1.03417778,1.29222977,0.87973802,1.12813947,1.06966996,0.07047181
"9369",61,71,0.67456117,0,0.07074335,1.29222977,0.87973802,1.12813947,1.06966996,0.07034677
"9370",62,71,0.66259575,0,0.07463168,1.29222977,0.87973802,1.12813947,1.06966996,0.13212603
"9371",63,71,0.68140541,0,0.07463168,1.29222977,0.87973802,1.12813947,1.06966996,0.0601319
"9372",64,71,0.57300167,0.3285486,0.06449665,1.29222977,0.87973802,1.12813947,1.06966996,0.08956435
"9373",65,71,0.57572064,0.3285486,0.06449665,1.29222977,0.87973802,1.12813947,1.06966996,0.35840134
"9374",66,71,0.57391128,0.32854859,0.06504605,1.29222977,0.87973802,1.12813947,1.06966996,0.39183561
"9375",67,71,0.57335843,0,0.06504605,1.29222977,0.87973802,1.12813947,1.06966996,0.13024204
"9376",68,71,0.57347058,0,0.06504605,1.29222977,0.87973802,1.12813947,1.06966996,0.00911718
"9377",69,71,0.68676111,0.38005373,0.08039679,1.29222977,0.87973802,1.12813947,1.06966996,0.04110515
"9378",60,72,0.67514571,0,0.05307787,1.28830182,0.87706391,1.12471029,1.06641851,0.09384408
"9379",61,72,0.67552881,0,0.05307787,1.28830182,0.87706391,1.12471029,1.06641851,0.09861723
"9380",62,72,0.56297529,0.34784297,0,1.28830182,0.87706391,1.12471029,1.06641851,0.07774366
"9381",63,72,0.57351337,0.34036463,0,1.28830182,0.87706391,1.12471029,1.06641851,0.1247813
"9382",64,72,0.58135429,0.32754999,0.06659049,1.28830182,0.87706391,1.12471029,1.06641851,0.12429059
"9383",65,72,0.57800927,0.32754991,0.06484684,1.28830182,0.87706391,1.12471029,1.06641851,0.17647896
"9384",66,72,0.62068037,0.32754991,0.99005363,1.28830182,0.87706391,1.12471029,1.06641851,0.2797679
"9385",67,72,0.62226054,0.32754992,0.99005363,1.28830182,0.87706391,1.12471029,1.06641851,0.2027792
"9386",68,72,0.60930303,0,0.98215355,1.28830182,0.87706391,1.12471029,1.06641851,0.05144607
"9387",59,73,0.69898303,0,1.02354612,1.28436295,0.87438236,1.12127159,1.06315803,0.11552232
"9388",60,73,0.55830052,0.36048014,0,1.28436295,0.87438236,1.12127159,1.06315803,0.10414148
"9389",61,73,0.55828765,0.36057169,0,1.28436295,0.87438236,1.12127159,1.06315803,0.07644949
"9390",62,73,0.56410477,0.33502848,0,1.28436295,0.87438236,1.12127159,1.06315803,0.22786011
"9391",63,73,0.57757156,0.32654846,0.06638689,1.28436295,0.87438236,1.12127159,1.06315803,0.12149078
"9392",64,73,0.62239816,0.32654846,0.98702662,1.28436295,0.87438236,1.12127159,1.06315803,0.1032539
"9393",65,73,0.62588664,0.32654846,0.98467957,1.28436295,0.87438236,1.12127159,1.06315803,0.06521404
"9394",66,73,1.65023183,0.32654846,0.98702662,1.28436295,0.87438236,1.12127159,1.06315803,0.03790713
"9395",67,73,0.71976677,0.32654853,0.98640506,1.28436295,0.87438236,1.12127159,1.06315803,0.13662395
"9396",62,74,1.12299523,0.33784903,0.07674613,1.28041261,0.871693,1.11782287,1.05988805,0.15021355
"9397",63,74,1.14126903,0.32554416,1.03064374,1.28041261,0.871693,1.11782287,1.05988805,0.1094116
"9398",64,74,0.63344316,0.32554408,0.98283414,1.28041261,0.871693,1.11782287,1.05988805,0.18768704
"9399",59,49,0.00849402,0,1.34307375,1.37433313,0.93717921,1.18821267,1.13740945,0.00360696
"9400",60,49,0.235823,0.36952473,1.20338445,1.37642931,0.93696646,1.2010454,1.1387973,0.010993
"9401",61,49,0,0.24667407,0.06775271,1.37642931,0.93696646,1.2010454,1.1387973,0.04543772
"9402",56,50,0,0.32870051,0.06838581,1.3727545,0.93446494,1.19783883,1.13575692,0.02327973
"9403",57,50,0.39631389,0.37463123,0.08738699,1.3727545,0.93446494,1.19783883,1.13575692,0
"9404",58,50,0.06700165,0.3541602,0.06275401,1.3727545,0.93446494,1.19783883,1.13575692,0.02527911
"9405",59,50,0.06652296,0.37536034,0.06610752,1.3727545,0.93446494,1.19783883,1.13575692,0.01436841
"9406",60,50,0.39691765,0.37409643,0.09003183,1.3727545,0.93446494,1.19783883,1.13575692,0.04724611
"9407",61,50,0.04727204,0.3659391,0.06200178,1.3727545,0.93446494,1.19783883,1.13575692,0.06760265
"9408",62,50,0.06922946,0.37780122,0.08929784,1.3727545,0.93446494,1.19783883,1.13575692,0.06372551
"9409",55,51,0,0.31011731,0.06605762,1.37106757,0.93245276,1.18185721,1.13132572,0.03637299
"9410",56,51,0,0.36054705,0.05786963,1.36906713,0.93195486,1.1946213,1.13270615,0.03449916
"9411",57,51,0,0.38582064,0.05517257,1.36906713,0.93195486,1.1946213,1.13270615,0.0254208
"9412",58,51,0.02438934,0.3825086,0.08521374,1.36906713,0.93195486,1.1946213,1.13270615,0.05076224
"9413",59,51,0.02438935,0.37587692,0.08521374,1.36906713,0.93195486,1.1946213,1.13270615,0.10291023
"9414",60,51,0.02321114,0.36423583,0.08894278,1.36906713,0.93195486,1.1946213,1.13270615,0.10630619
"9415",61,51,0.02323067,0.36972873,0.08897064,1.36906713,0.93195486,1.1946213,1.13270615,0.25411853
"9416",62,51,0.02327113,0.39994297,0.08902835,1.36906713,0.93195486,1.1946213,1.13270615,0.24966067
"9417",63,51,0.02327113,0.35088977,0.08902835,1.36906713,0.93195486,1.1946213,1.13270615,0.113599
"9418",53,52,0.01071123,0.13523096,0.03483718,0.4958525,0.33753798,0.43267123,0.41024663,0.15873833
"9419",54,52,0,0.2989142,0,1.06205957,0.72296789,0.92673248,0.87870155,0.31534327
"9420",55,52,0,0.37815823,0,1.36536828,0.92943697,1.19139375,1.12964588,0.22153144
"9421",56,52,0.02432346,0.37894267,0.08498352,1.36536828,0.92943697,1.19139375,1.12964588,0.02742035
"9422",57,52,0.02432346,0.36503389,0.08498352,1.36536828,0.92943697,1.19139375,1.12964588,0.03030364
"9423",58,52,0.02432346,0.38519627,0.08498352,1.36536828,0.92943697,1.19139375,1.12964588,0.0485465
"9424",59,52,0.02432346,0.38470285,0.08498352,1.36536828,0.92943697,1.19139375,1.12964588,0.09626401
"9425",60,52,0.02432346,0.39770133,0.08498352,1.36536828,0.92943697,1.19139375,1.12964588,0.20877934
"9426",61,52,0,0.37387539,0.06219036,1.36536828,0.92943697,1.19139375,1.12964588,0.19530305
"9427",62,52,0,0.35434558,0.06216328,1.36536828,0.92943697,1.19139375,1.12964588,0.05164565
"9428",63,52,0.02320826,0.33585671,0.08878781,1.36536828,0.92943697,1.19139375,1.12964588,0.05191908
"9429",55,53,0,0.35863933,0,1.24085519,0.8446781,1.08274606,1.02662921,0.2669939
"9430",56,53,0,0.40596488,0.06780204,1.36165796,0.92691127,1.1881562,1.12657613,0.0430211
"9431",57,53,0,0.39782705,0.06780204,1.36165796,0.92691127,1.1881562,1.12657613,0.08858837
"9432",58,53,0,0.40245119,0,1.36165796,0.92691127,1.1881562,1.12657613,0.06022399
"9433",59,53,0,0.39626811,0,1.36165796,0.92691127,1.1881562,1.12657613,0.06450511
"9434",60,53,0,0.38194649,0,1.36165796,0.92691127,1.1881562,1.12657613,0.0431811
"9435",61,53,0,0.39163529,0,1.36165796,0.92691127,1.1881562,1.12657613,0.03183747
"9436",62,53,0,0.36644569,0.0619841,1.36165796,0.92691127,1.1881562,1.12657613,0.00772155
"9437",55,54,0,0.22498725,0,0.81280778,0.55329658,0.70924023,0.67248154,0.14081368
"9438",56,54,0,0.46984159,0,1.35793562,0.92437739,1.18490816,1.12349643,0.0889793
"9439",57,54,0,0.40979609,0,1.35793562,0.92437739,1.18490816,1.12349643,0.2119259
"9440",58,54,0,0.40793569,0,1.35793562,0.92437739,1.18490816,1.12349643,0.1496774
"9441",59,54,0.02419105,0.39265107,0.08452089,1.35793562,0.92437739,1.18490816,1.12349643,0.091859
"9442",60,54,0.02419105,0.38486018,0.08452089,1.35793562,0.92437739,1.18490816,1.12349643,0.09363848
"9443",61,54,0.02419105,0.39371424,0.08452089,1.35793562,0.92437739,1.18490816,1.12349643,0.06094641
"9444",62,54,0.02308192,0.37217523,0.08830448,1.35793562,0.92437739,1.18490816,1.12349643,0.09693758
"9445",55,55,0,0.10851566,0,0.40785262,0.27763447,0.35588425,0.33743938,0.06787565
"9446",56,55,0,0.44292894,0,1.35420127,0.92183533,1.18164964,1.12040679,0.09600722
"9447",57,55,0,0.47634991,0,1.35420127,0.92183533,1.18164964,1.12040679,0.05676782
"9448",58,55,0,0.47222031,0,1.35420127,0.92183533,1.18164964,1.12040679,0.09895294
"9449",59,55,0,0.43412547,0,1.35420127,0.92183533,1.18164964,1.12040679,0.06495133
"9450",60,55,0,0.39127736,0,1.35420127,0.92183533,1.18164964,1.12040679,0.12770311
"9451",61,55,0.02412452,0.37828057,0.08428846,1.35420127,0.92183533,1.18164964,1.12040679,0.10076182
"9452",62,55,0.02301844,0.35926663,0.08806164,1.35420127,0.92183533,1.18164964,1.12040679,0.0329889
"9453",56,56,0,0.39134344,0,1.32245871,0.90022745,1.1539517,1.09414438,0.12063815
"9454",57,56,0,0.47503229,0,1.35045544,0.91928546,1.1783811,1.11730766,0.06840537
"9455",58,56,0,0.47503229,0,1.35045544,0.91928546,1.1783811,1.11730766,0.12533054
"9456",59,56,0,0.44554555,0,1.35045544,0.91928546,1.1783811,1.11730766,0.02616099
"9457",60,56,0,0.41194844,0,1.35045544,0.91928546,1.1783811,1.11730766,0.0293971
"9458",61,56,0,0.40905769,0,1.35045544,0.91928546,1.1783811,1.11730766,0.03336391
"9459",62,56,0,0.38723548,0.05645542,1.35045544,0.91928546,1.1783811,1.11730766,0.02234428
"9460",63,56,0,0,0.05729843,1.35045544,0.91928546,1.1783811,1.11730766,0
"9461",64,56,0.04693632,0,0.05734679,1.35045544,0.91928546,1.1783811,1.11730766,0.00754117
"9462",65,56,0.0698911,0.29923671,0.08781806,1.35045544,0.91928546,1.1783811,1.11730766,0.03689072
"9463",66,56,0.02295477,0.32214242,0.08781806,1.35045544,0.91928546,1.1783811,1.11730766,0.03305554
"9464",67,56,0.02295477,0.31742785,0.08781806,1.35045544,0.91928546,1.1783811,1.11730766,0.03260413
"9465",56,57,0,0.29598622,0,1.09242114,0.7436357,0.9532254,0.90382138,0.13468151
"9466",57,57,0,0.47350584,0,1.3466976,0.91672741,1.17510208,1.11419858,0.05549029
"9467",58,57,0,0,0,1.3466976,0.91672741,1.17510208,1.11419858,0.06104088
"9468",59,57,0,0.43833448,0,1.3466976,0.91672741,1.17510208,1.11419858,0.02570975
"9469",60,57,0,0.45313553,0,1.3466976,0.91672741,1.17510208,1.11419858,0.01620047
"9470",61,57,0,0.46071799,0,1.3466976,0.91672741,1.17510208,1.11419858,0.0096633
"9471",62,57,0.04627663,0.38616667,0.05536431,1.3466976,0.91672741,1.17510208,1.11419858,0.02478048
"9472",63,57,0.04627663,0.38611869,0.05708861,1.3466976,0.91672741,1.17510208,1.11419858,0.00293453
"9473",64,57,0.04627664,0,0.05902479,1.3466976,0.91672741,1.17510208,1.11419858,0.05854249
"9474",65,57,0.02289089,0.35342031,0.08757369,1.3466976,0.91672741,1.17510208,1.11419858,0.1004109
"9475",66,57,0.02289089,0.34316624,0.08757369,1.3466976,0.91672741,1.17510208,1.11419858,0.04546247
"9476",67,57,0.0228909,0.34670593,0.08757369,1.3466976,0.91672741,1.17510208,1.11419858,0.23833363
"9477",68,57,0.0228909,0.31921425,0.08757369,1.3466976,0.91672741,1.17510208,1.11419858,0.04185708
"9478",56,58,0,0.199667,0,0.75044198,0.51084277,0.65482104,0.62088281,0.16789588
"9479",57,58,0,0.42312423,0,1.2034073,0.81918648,1.05006976,0.99564647,0.14851107
"9480",58,58,0,0.47218061,0,1.34292828,0.91416156,1.17181305,1.11108001,0.04016667
"9481",59,58,0,0.42533232,0,1.34292828,0.91416156,1.17181305,1.11108001,0.06160833
"9482",60,58,0,0.46007593,0,1.34292828,0.91416156,1.17181305,1.11108001,0.02468698
"9483",61,58,0.04614711,0.38507836,0.05520935,1.34292828,0.91416156,1.17181305,1.11108001,0.0250978
"9484",62,58,0.04614711,0.35752689,0.06048,1.34292828,0.91416156,1.17181305,1.11108001,0.07693756
"9485",63,58,0.04619561,0.348406,0.06611724,1.34292828,0.91416156,1.17181305,1.11108001,0.01670026
"9486",64,58,0.0466747,0.35750872,0.06611724,1.34292828,0.91416156,1.17181305,1.11108001,0.03218131
"9487",65,58,0.02282683,0.36067492,0.08732858,1.34292828,0.91416156,1.17181305,1.11108001,0.12467448
"9488",66,58,0.02282683,0.34538432,0.08732858,1.34292828,0.91416156,1.17181305,1.11108001,0.05316952
"9489",67,58,0.02282683,0.3258587,0.08732858,1.34292828,0.91416156,1.17181305,1.11108001,0.08713615
"9490",68,58,0.02282683,0.31959369,0.08732858,1.34292828,0.91416156,1.17181305,1.11108001,0.19042388
"9491",69,58,0.07054753,0.32655955,0.08732858,1.34292828,0.91416156,1.17181305,1.11108001,0.09193891
"9492",56,59,0,0.17230419,0,0.64759972,0.44083573,0.5650829,0.53579563,0.09690761
"9493",57,59,0,0.32489237,0,1.22106792,0.83120846,1.06548007,1.01025809,0.29377958
"9494",58,59,0,0.43517101,0,1.33914749,0.91158789,1.16851401,1.10795195,0.18944953
"9495",59,59,0.04601719,0,0.05683983,1.33914749,0.91158789,1.16851401,1.10795195,0.09521794
"9496",60,59,0.04601719,0.40636764,0.05505392,1.33914749,0.91158789,1.16851401,1.10795195,0.07271774
"9497",61,59,0.04616536,0.37287424,0.05505392,1.33914749,0.91158789,1.16851401,1.10795195,0.10139991
"9498",62,59,0.06907237,0.35665292,0.08708272,1.33914749,0.91158789,1.16851401,1.10795195,0.1126962
"9499",63,59,0.02276256,0.37303336,0.08708272,1.33914749,0.91158789,1.16851401,1.10795195,0.0570743
"9500",64,59,0.02276256,0.38704983,0.08708272,1.33914749,0.91158789,1.16851401,1.10795195,0.11346315
"9501",65,59,0.02276256,0.38223207,0.08708272,1.33914749,0.91158789,1.16851401,1.10795195,0.08112708
"9502",66,59,0.02276256,0.35514579,0.08708272,1.33914749,0.91158789,1.16851401,1.10795195,0.08828981
"9503",67,59,0.02276256,0.35734057,0.08708272,1.33914749,0.91158789,1.16851401,1.10795195,0.03643735
"9504",68,59,0.06767163,0.3225261,0.08708272,1.33914749,0.91158789,1.16851401,1.10795195,0.03695774
"9505",69,59,0.06767163,0.3085967,0.08708272,1.33914749,0.91158789,1.16851401,1.10795195,0.04932852
"9506",56,60,0,0.1837618,0,0.6906628,0.47014974,0.6026589,0.57142414,0.08137851
"9507",57,60,0,0.4427324,0,1.32259965,0.9003234,1.15407468,1.09426099,0.21788717
"9508",58,60,0.04588685,0,0.054898,1.33535469,0.90900604,1.16520448,1.10481395,0.06407851
"9509",59,60,0,0,0.05489799,1.33535469,0.90900604,1.16520448,1.10481395,0.23743262
"9510",60,60,0.04645408,0.40521671,0.05489799,1.33535469,0.90900604,1.16520448,1.10481395,0.52958552
"9511",61,60,0.06915223,0.3561475,0.08683608,1.33535469,0.90900604,1.16520448,1.10481395,0.23558944
"9512",62,60,0.02269809,0.29370809,0.08683608,1.33535469,0.90900604,1.16520448,1.10481395,0.06273091
"9513",63,60,0.02269809,0.33947934,0.08683608,1.33535469,0.90900604,1.16520448,1.10481395,0.04733934
"9514",64,60,0.02269809,0.37554485,0.08683608,1.33535469,0.90900604,1.16520448,1.10481395,0.02219295
"9515",65,60,0.02269809,0.34460862,0.08683608,1.33535469,0.90900604,1.16520448,1.10481395,0.04206557
"9516",66,60,0.02269809,0.3223898,0.08683608,1.33535469,0.90900604,1.16520448,1.10481395,0.06023489
"9517",67,60,0.02269809,0.32384176,0.08683608,1.33535469,0.90900604,1.16520448,1.10481395,0.05099372
"9518",68,60,0.06747996,0.30796193,0.08683608,1.33535469,0.90900604,1.16520448,1.10481395,0.04472581
"9519",69,60,0.0678067,0.30871815,0.08683608,1.33535469,0.90900604,1.16520448,1.10481395,0.04719638
"9520",70,60,0.06561155,0.33307636,0.05692439,1.33535469,0.90900604,1.16520448,1.10481395,0.01165915
"9521",71,60,0.06684818,0.36043892,0.05866111,1.33535469,0.90900604,1.16520448,1.10481395,0.04639769
"9522",56,61,0,0.12250651,0,0.46043677,0.31342969,0.40176815,0.38094521,0.03297549
"9523",57,61,0.04563899,0,0.0547416,1.33155041,0.90641638,1.16188494,1.10166646,0.09310393
"9524",58,61,0.04575613,0,0.0547416,1.33155041,0.90641638,1.16188494,1.10166646,0.03039803
"9525",59,61,0.04313895,0,0.0547416,1.33155041,0.90641638,1.16188494,1.10166646,0.35489772
"9526",60,61,0,0.40406229,0.05717258,1.33155041,0.90641638,1.16188494,1.10166646,0.54335406
"9527",61,61,0.06990598,0.36159897,0.08658869,1.33155041,0.90641638,1.16188494,1.10166646,0.25488096
"9528",62,61,0.06614502,0.36361353,0.06203225,1.33155041,0.90641638,1.16188494,1.10166646,0.14830397
"9529",63,61,0.06799466,0.31880206,0.08658869,1.33155041,0.90641638,1.16188494,1.10166646,0.05297843
"9530",64,61,0.02263342,0.3353517,0.08658869,1.33155041,0.90641638,1.16188494,1.10166646,0.06439231
"9531",65,61,0.02263342,0.32867266,0.08658869,1.33155041,0.90641638,1.16188494,1.10166646,0.09843883
"9532",66,61,0.02263343,0.32284265,0.08658869,1.33155041,0.90641638,1.16188494,1.10166646,0.10925393
"9533",67,61,0.06860074,0.35408595,0.08658869,1.33155041,0.90641638,1.16188494,1.10166646,0.11760783
"9534",68,61,0.04610664,0.39773329,0.0594287,1.33155041,0.90641638,1.16188494,1.10166646,0.03447223
"9535",69,61,0.0688819,0.39552788,0.08658869,1.33155041,0.90641638,1.16188494,1.10166646,0.04685511
"9536",70,61,0.06895873,0.3706531,0.08658869,1.33155041,0.90641638,1.16188494,1.10166646,0.02932708
"9537",71,61,0.0463523,0.33314769,0.0594287,1.33155041,0.90641638,1.16188494,1.10166646,0.06376869
"9538",72,61,0.06890416,0.34596648,0.08658869,1.33155041,0.90641638,1.16188494,1.10166646,0.05636216
"9539",57,62,0.04541054,0,0.05458473,1.32773466,0.90381891,1.15855539,1.09850947,0.08277981
"9540",58,62,0.04301532,0,0.05458473,1.32773466,0.90381891,1.15855539,1.09850947,0.00513946
"9541",59,62,0.06614744,0.35894258,0.05458473,1.32773466,0.90381891,1.15855539,1.09850947,0.11921156
"9542",60,62,0.06567463,0.31601518,0.05928127,1.32773466,0.90381891,1.15855539,1.09850947,0.11535068
"9543",61,62,0.06569931,0.31061258,0.05458472,1.32773466,0.90381891,1.15855539,1.09850947,0.09319687
"9544",62,62,0.73340702,0.36502009,0.05615561,1.32773466,0.90381891,1.15855539,1.09850947,0.05107685
"9545",63,62,0.75588671,0.33954262,0.05953112,1.32773466,0.90381891,1.15855539,1.09850947,0.16647925
"9546",64,62,0.06548793,0.32743484,0.06011489,1.32773466,0.90381891,1.15855539,1.09850947,0.09312907
"9547",65,62,0.06548793,0.32447612,0.06014974,1.32773466,0.90381891,1.15855539,1.09850947,0.06318474
"9548",66,62,0.06548793,0.33436144,0.05984079,1.32773466,0.90381891,1.15855539,1.09850947,0.14471667
"9549",67,62,0.06600595,0.30845366,0.06006033,1.32773466,0.90381891,1.15855539,1.09850947,0.06564592
"9550",68,62,0.06574401,0.32518202,0.0609306,1.32773466,0.90381891,1.15855539,1.09850947,0.07063444
"9551",69,62,0.06744637,0.33770679,0.08634056,1.32773466,0.90381891,1.15855539,1.09850947,0.03515718
"9552",70,62,0.06863549,0.33610656,0.08634056,1.32773466,0.90381891,1.15855539,1.09850947,0.03091235
"9553",71,62,0.06936381,0.32687912,0.08634056,1.32773466,0.90381891,1.15855539,1.09850947,0.10091322
"9554",57,63,0.04524693,0,0.05438806,1.3229509,0.9005625,1.15438118,1.09455161,0.06238701
"9555",58,63,0.06568087,0.26159532,0.05442739,1.32390744,0.90121364,1.15521583,1.095343,0.06250102
"9556",59,63,0.04584055,0.40174301,0.05640467,1.32390744,0.90121364,1.15521583,1.095343,0.06537669
"9557",60,63,0.68819244,0.33479387,0.06594522,1.32390744,0.90121364,1.15521583,1.095343,0.07799961
"9558",65,63,0.76482057,0.30518365,0.09413943,1.32390744,0.90121364,1.15521583,1.095343,0.06286135
"9559",66,63,0.06851239,0.29489351,0.0625103,1.32390744,0.90121364,1.15521583,1.095343,0.03187512
"9560",67,63,0.06780242,0.3062994,0.06344837,1.32390744,0.90121364,1.15521583,1.095343,0.1282517
"9561",68,63,0.06780432,0.33563051,0.06353345,1.32390744,0.90121364,1.15521583,1.095343,0.21352654
"9562",69,63,0.06790597,0.33547859,0.08609168,1.32390744,0.90121364,1.15521583,1.095343,0.05150329
"9563",70,63,0.0668102,0.36926669,0.08609168,1.32390744,0.90121364,1.15521583,1.095343,0.05410155
"9564",71,63,0.05110277,0.38718506,0.06023157,1.32390744,0.90121364,1.15521583,1.095343,0.04551951
"9565",57,64,0,0.37652044,0.0566665,1.3094715,0.89138677,1.14261931,1.08339934,0.21671365
"9566",58,64,0.68823498,0.36274785,0.06239611,1.32006874,0.89860055,1.15186626,1.09216703,0.06691499
"9567",66,64,0.76699046,0.34711538,1.112552,1.32006874,0.89860055,1.15186626,1.09216703,0.05587773
"9568",67,64,0.06733672,0.28054984,0.0651994,1.32006874,0.89860055,1.15186626,1.09216703,0.01360822
"9569",68,64,0.0663583,0.30704855,0.06277028,1.32006874,0.89860055,1.15186626,1.09216703,0.04444741
"9570",69,64,0.04661932,0.04107986,0.08976396,1.32006874,0.89860055,1.15186626,1.09216703,0.0643467
"9571",70,64,0.40362804,0.04107986,0.09153915,1.32006874,0.89860055,1.15186626,1.09216703,0.03610395
"9572",71,64,0.04465206,0.41652978,0.06005646,1.32006874,0.89860055,1.15186626,1.09216703,0.02584273
"9573",57,65,0,0,0,0.70979017,0.48317017,0.61934907,0.58724928,0.35383184
"9574",67,65,0.75437532,0.30122869,1.10930663,1.31621803,0.89597929,1.1485062,1.08898112,0.06985728
"9575",68,65,0.44932782,0.4069853,0.06244455,1.31621803,0.89597929,1.1485062,1.08898112,0.06079898
"9576",69,65,0.04860959,0.39667175,0.06331656,1.31621803,0.89597929,1.1485062,1.08898112,0.05295942
"9577",73,47,0,0,0,0.24331666,0.16572055,0.21235708,0.20135098,0
"9578",74,47,0,0,0.03993908,0.96068353,0.65431196,0.83844628,0.79499107,0.01925947
"9579",63,48,0,0,1.16192607,1.37980863,0.93977388,1.20424195,1.14182818,0
"9580",64,48,0,0,1.20465714,1.37980863,0.93977388,1.20424195,1.14182818,0
"9581",65,48,0,0,1.18606763,1.37980863,0.93977388,1.20424195,1.14182818,0.01857821
"9582",66,48,0,0,1.12346449,1.37980863,0.93977388,1.20424195,1.14182818,0.04317829
"9583",67,48,0.00855655,0.21645074,1.30212483,1.37980863,0.93977388,1.20424195,1.14182818,0.03664793
"9584",71,48,0.00870722,0.23985893,1.42451308,1.37980863,0.93977388,1.20424195,1.14182818,0.01049209
"9585",72,48,0.00870722,0.10648238,1.43493266,1.37980863,0.93977388,1.20424195,1.14182818,0.01481381
"9586",73,48,0.00856909,0.27560103,0.0876951,1.37980863,0.93977388,1.20424195,1.14182818,0.00589974
"9587",74,48,0.0431266,0.79983911,0.08678418,1.37980863,0.93977388,1.20424195,1.14182818,0.05186356
"9588",75,48,0.00871911,0.1069781,0.09369664,1.37980863,0.93977388,1.20424195,1.14182818,0.01525916
"9589",62,49,0,0,0.05700668,1.37614604,0.93727933,1.2010454,1.1387973,0.01016651
"9590",63,49,0.04348979,0.57365802,0.08717126,1.37614604,0.93727933,1.2010454,1.1387973,0.07462127
"9591",64,49,0,0,0.05719635,1.37614604,0.93727933,1.2010454,1.1387973,0.00395466
"9592",65,49,0.00858075,0.44635937,0.08772145,1.37614604,0.93727933,1.2010454,1.1387973,0.002534
"9593",66,49,0.0432845,0.49308488,0.08685603,1.37614604,0.93727933,1.2010454,1.1387973,0.02288527
"9594",67,49,0.0433578,0.54331329,0.08693324,1.37614604,0.93727933,1.2010454,1.1387973,0.04095069
"9595",68,49,0.25588429,0.46365116,1.50183426,1.37614604,0.93727933,1.2010454,1.1387973,0.01719687
"9596",69,49,0.04301049,0.64168393,0.0863254,1.37614604,0.93727933,1.2010454,1.1387973,0.01089509
"9597",70,49,0,0.37617019,0.05785027,1.37614604,0.93727933,1.2010454,1.1387973,0.0517511
"9598",71,49,0,0.35367622,0.05784985,1.37614604,0.93727933,1.2010454,1.1387973,0.03484077
"9599",72,49,0.04299529,0.62774466,0.08629518,1.37614604,0.93727933,1.2010454,1.1387973,0.00537665
"9600",73,49,0.04330406,0.7112062,0.0871429,1.37614604,0.93727933,1.2010454,1.1387973,0.10124281
"9601",74,49,0.39986684,0.58113754,0.08673148,1.37614604,0.93727933,1.2010454,1.1387973,0.02334198
"9602",75,49,0.07698645,0.2754815,0.09113385,1.37614604,0.93727933,1.2010454,1.1387973,0.08593985
"9603",63,50,0.06652752,0.40505519,0.06504675,1.37247199,0.93477696,1.19783883,1.13575692,0.09653387
"9604",64,50,0,0.40404356,0.06099886,1.37247199,0.93477696,1.19783883,1.13575692,0.07109543
"9605",65,50,0.06856927,0.40383797,0.06138441,1.37247199,0.93477696,1.19783883,1.13575692,0.04721279
"9606",66,50,0.07113228,0.38030504,0.08926813,1.37247199,0.93477696,1.19783883,1.13575692,0.11265335
"9607",67,50,0.07053583,0.38785919,0.08926813,1.37247199,0.93477696,1.19783883,1.13575692,0.15085
"9608",68,50,0.0714848,0.36024502,0.08926813,1.37247199,0.93477696,1.19783883,1.13575692,0.14503274
"9609",69,50,0.02327435,0.36186251,0.08918333,1.37247199,0.93477696,1.19783883,1.13575692,0.10679947
"9610",70,50,0.02333381,0.35417537,0.08926813,1.37247199,0.93477696,1.19783883,1.13575692,0.02897195
"9611",71,50,0.07079943,0.33639124,0.08926813,1.37247199,0.93477696,1.19783883,1.13575692,0.00365087
"9612",72,50,0.07077587,0.32710565,0.08926813,1.37247199,0.93477696,1.19783883,1.13575692,0.01102406
"9613",73,50,0.07079321,0.32528071,0.08926813,1.37247199,0.93477696,1.19783883,1.13575692,0.10880512
"9614",74,50,0.07069155,0.37894838,0.08926813,1.37247199,0.93477696,1.19783883,1.13575692,0.01489424
"9615",75,50,0.02324982,0,0.09137417,1.37247199,0.93477696,1.19783883,1.13575692,0.02889747
"9616",64,51,0.02327113,0.38766147,0.08902835,1.36878537,0.93226605,1.1946213,1.13270615,0.32681709
"9617",65,51,0.02327113,0.40981513,0.08902835,1.36878537,0.93226605,1.1946213,1.13270615,0.0406029
"9618",66,51,0.06956896,0.43687885,0.08902835,1.36878537,0.93226605,1.1946213,1.13270615,0.05453619
"9619",67,51,0.07014251,0.36782757,0.08902835,1.36878537,0.93226605,1.1946213,1.13270615,0.03608603
"9620",68,51,0.07118977,0.32848169,0.08897885,1.36878537,0.93226605,1.1946213,1.13270615,0.01851239
"9621",69,51,0.02322684,0.31084368,0.08896513,1.36878537,0.93226605,1.1946213,1.13270615,0.03902501
"9622",70,51,0.02324776,0.3603847,0.08899497,1.36878537,0.93226605,1.1946213,1.13270615,0.07251192
"9623",71,51,0.07061708,0.32334253,0.08902835,1.36878537,0.93226605,1.1946213,1.13270615,0.06580868
"9624",72,51,0.02327113,0.30759113,0.08902835,1.36878537,0.93226605,1.1946213,1.13270615,0.01043101
"9625",73,51,0.02327113,0.32641641,0.08902835,1.36878537,0.93226605,1.1946213,1.13270615,0.10150897
"9626",64,52,0.02320825,0.3546745,0.08878781,1.36508729,0.92974732,1.19139375,1.12964588,0.11889727
"9627",65,52,0.02315862,0.32240556,0.08871701,1.36508729,0.92974732,1.19139375,1.12964588,0.01135471
"9628",66,52,0.06991567,0.36955296,0.08878781,1.36508729,0.92974732,1.19139375,1.12964588,0.00191864
"9629",67,52,0.07080992,0.33232647,0.08878781,1.36508729,0.92974732,1.19139375,1.12964588,0.02717735
"9630",68,52,0.02320826,0.32062766,0.08878781,1.36508729,0.92974732,1.19139375,1.12964588,0.00275798
"9631",69,52,0.02314555,0.31820633,0.08869839,1.36508729,0.92974732,1.19139375,1.12964588,0.01117753
"9632",70,52,0.02316807,0.33304833,0.08873048,1.36508729,0.92974732,1.19139375,1.12964588,0.02518628
"9633",71,52,0.07041455,0.38215098,0.08878781,1.36508729,0.92974732,1.19139375,1.12964588,0.1815496
"9634",72,52,0.02320825,0.35288177,0.08878781,1.36508729,0.92974732,1.19139375,1.12964588,0.16607002
"9635",73,52,0.07073778,0.31083493,0.08878781,1.36508729,0.92974732,1.19139375,1.12964588,0.07378159
"9636",74,52,0.07031227,0.31900726,0.08992886,1.36508729,0.92974732,1.19139375,1.12964588,0.0342313
"9637",76,52,0.45116497,0,0.09925417,1.36508729,0.92974732,1.19139375,1.12964588,0.03789703
"9638",63,53,0.02314519,0.34446148,0.08854654,1.36137773,0.92722078,1.1881562,1.12657613,0.04978281
"9639",64,53,0.02314519,0.34783724,0.08854654,1.36137773,0.92722078,1.1881562,1.12657613,0.02783817
"9640",65,53,0.023085,0.30571128,0.08846067,1.36137773,0.92722078,1.1881562,1.12657613,0.00619268
"9641",66,53,0.06876886,0.31903428,0.08848901,1.36137773,0.92722078,1.1881562,1.12657613,0.01946644
"9642",67,53,0.02308504,0.32486078,0.08846074,1.36137773,0.92722078,1.1881562,1.12657613,0.09253668
"9643",68,53,0.02308857,0.32381058,0.0884658,1.36137773,0.92722078,1.1881562,1.12657613,0.00381716
"9644",69,53,0.0230888,0.31249508,0.08846608,1.36137773,0.92722078,1.1881562,1.12657613,0.01279173
"9645",70,53,0.07004768,0.33463265,0.08845947,1.36137773,0.92722078,1.1881562,1.12657613,0.02517031
"9646",71,53,0.02314519,0.40103583,0.08854654,1.36137773,0.92722078,1.1881562,1.12657613,0.31006225
"9647",72,53,0.07020648,0.37442646,0.08854654,1.36137773,0.92722078,1.1881562,1.12657613,0.70647578
"9648",73,53,0.02314519,0.32340503,0.08854654,1.36137773,0.92722078,1.1881562,1.12657613,0.20134141
"9649",74,53,0.02314519,0.29359565,0.08854654,1.36137773,0.92722078,1.1881562,1.12657613,0.01419403
"9650",75,53,0.02314519,0.318755,0.08854654,1.36137773,0.92722078,1.1881562,1.12657613,0.00719981
"9651",76,53,0.02314519,0.3797186,0.08854654,1.36137773,0.92722078,1.1881562,1.12657613,0.03763712
"9652",77,53,0.06880915,0.41001279,0.08854654,1.36137773,0.92722078,1.1881562,1.12657613,0.16777465
"9653",78,53,0.42903858,0,0,1.36137773,0.92722078,1.1881562,1.12657613,0.09251321
"9654",79,53,0.42928353,0,0.08803362,1.36137773,0.92722078,1.1881562,1.12657613,0.00807037
"9655",63,54,0.02308192,0.34360034,0.08830448,1.35765616,0.92468605,1.18490816,1.12349643,0.03417084
"9656",64,54,0.02308192,0.33389113,0.08830448,1.35765616,0.92468605,1.18490816,1.12349643,0.00561147
"9657",65,54,0.02302606,0.32449704,0.0882248,1.35765616,0.92468605,1.18490816,1.12349643,0.02375696
"9658",66,54,0.06857846,0.32520826,0.08824374,1.35765616,0.92468605,1.18490816,1.12349643,0.0162033
"9659",67,54,0.02302012,0.32969031,0.08821632,1.35765616,0.92468605,1.18490816,1.12349643,0.02806857
"9660",68,54,0.02302034,0.31891125,0.08821667,1.35765616,0.92468605,1.18490816,1.12349643,0
"9661",69,54,0.02304144,0.31860068,0.08824669,1.35765616,0.92468605,1.18490816,1.12349643,0.01486394
"9662",70,54,0.02303207,0.31542067,0.08823336,1.35765616,0.92468605,1.18490816,1.12349643,0.01518468
"9663",71,54,0.02308191,0.38994454,0.08830448,1.35765616,0.92468605,1.18490816,1.12349643,0.10411787
"9664",72,54,0.02308192,0.36054045,0.08830448,1.35765616,0.92468605,1.18490816,1.12349643,0.27446816
"9665",73,54,0.02308192,0.33512023,0.08830448,1.35765616,0.92468605,1.18490816,1.12349643,0.11564641
"9666",74,54,0.02308191,0.34167579,0.08830448,1.35765616,0.92468605,1.18490816,1.12349643,0.07454989
"9667",75,54,0.02308192,0.32368423,0.08830448,1.35765616,0.92468605,1.18490816,1.12349643,0.04044846
"9668",76,54,0.06862106,0.34548367,0.08830448,1.35765616,0.92468605,1.18490816,1.12349643,0.0300951
"9669",77,54,0.0670776,0.44717246,0.05753697,1.35765616,0.92468605,1.18490816,1.12349643,0.02211859
"9670",78,54,0.42797822,0,0,1.35765616,0.92468605,1.18490816,1.12349643,0.02947686
"9671",79,54,0.4275624,0.32665256,0,1.35765616,0.92468605,1.18490816,1.12349643,0
"9672",80,54,0.42540996,0.36491472,0,1.35765616,0.92468605,1.18490816,1.12349643,0.0228365
"9673",81,54,0.04613901,0.3264858,0.08393741,1.35765616,0.92468605,1.18490816,1.12349643,0.00748505
"9674",63,55,0.02296242,0.34320787,0.08798176,1.35392258,0.92214314,1.18164964,1.12040679,0.01620643
"9675",64,55,0.07004232,0.33155108,0.08800086,1.35392258,0.92214314,1.18164964,1.12040679,0.05034758
"9676",65,55,0.02300009,0.30937872,0.08803541,1.35392258,0.92214314,1.18164964,1.12040679,0.01378277
"9677",66,55,0.02297379,0.32901088,0.08799792,1.35392258,0.92214314,1.18164964,1.12040679,0.0582455
"9678",67,55,0.02296094,0.3178723,0.0879796,1.35392258,0.92214314,1.18164964,1.12040679,0.04325027
"9679",68,55,0.02295612,0.32321979,0.08797274,1.35392258,0.92214314,1.18164964,1.12040679,0.00740754
"9680",69,55,0.02296243,0.31965129,0.08798176,1.35392258,0.92214314,1.18164964,1.12040679,0.01631372
"9681",70,55,0.02301844,0.33676194,0.08806164,1.35392258,0.92214314,1.18164964,1.12040679,0.01876342
"9682",71,55,0.02301844,0.36262723,0.08806164,1.35392258,0.92214314,1.18164964,1.12040679,0.10582051
"9683",72,55,0.02301844,0.34398829,0.08806164,1.35392258,0.92214314,1.18164964,1.12040679,0.05976086
"9684",73,55,0.02301844,0.32184413,0.08806164,1.35392258,0.92214314,1.18164964,1.12040679,0.01453174
"9685",74,55,0.06984431,0.32481164,0.08806164,1.35392258,0.92214314,1.18164964,1.12040679,0.02322589
"9686",75,55,0.06985053,0.29916218,0.08806164,1.35392258,0.92214314,1.18164964,1.12040679,0.06446364
"9687",76,55,0.06843234,0.30008471,0.08806164,1.35392258,0.92214314,1.18164964,1.12040679,0.16105054
"9688",77,55,0.06743807,0.50678634,0.08806164,1.35392258,0.92214314,1.18164964,1.12040679,0.07105151
"9689",78,55,0.06762696,0.52485932,0.06214533,1.35392258,0.92214314,1.18164964,1.12040679,0.00746485
"9690",79,55,0.04907073,0.25987168,0.06446479,1.35392258,0.92214314,1.18164964,1.12040679,0.00302808
"9691",80,55,0,0.25987168,0,1.35392258,0.92214314,1.18164964,1.12040679,0.00210697
"9692",81,55,0.07704875,0.28902838,0.06389718,1.35392258,0.92214314,1.18164964,1.12040679,0.03451754
"9693",82,55,0.02831804,0.32595733,0.09074578,1.35392258,0.92214314,1.18164964,1.12040679,0.00644169
"9694",83,55,0.30734395,0.03431127,1.04597571,1.35392258,0.92214314,1.18164964,1.12040679,0.02420631
"9695",68,56,0.02290053,0.34217435,0.0877407,1.35017752,0.91959242,1.1783811,1.11730766,0.06088164
"9696",69,56,0.02295477,0.34503804,0.08781806,1.35017752,0.91959242,1.1783811,1.11730766,0.06289419
"9697",70,56,0.02295477,0.37456577,0.08781806,1.35017752,0.91959242,1.1783811,1.11730766,0.10141787
"9698",71,56,0.02295477,0.35819381,0.08781806,1.35017752,0.91959242,1.1783811,1.11730766,0.08950347
"9699",72,56,0.02295477,0.34545314,0.08781806,1.35017752,0.91959242,1.1783811,1.11730766,0.12020837
"9700",73,56,0.02295477,0.30081109,0.08781806,1.35017752,0.91959242,1.1783811,1.11730766,0.04630462
"9701",74,56,0.06935323,0.34324436,0.08781806,1.35017752,0.91959242,1.1783811,1.11730766,0.01034512
"9702",75,56,0.0703427,0.39339494,0.08781806,1.35017752,0.91959242,1.1783811,1.11730766,0.02992224
"9703",76,56,0.06941365,0.41229064,0.08781806,1.35017752,0.91959242,1.1783811,1.11730766,0.07027458
"9704",77,56,0.06728447,0.5117502,0.05778643,1.35017752,0.91959242,1.1783811,1.11730766,0.03166964
"9705",78,56,0.0674399,0.52340753,0.06197343,1.35017752,0.91959242,1.1783811,1.11730766,0.00864571
"9706",79,56,0.06703602,0.49255409,0.05722003,1.35017752,0.91959242,1.1783811,1.11730766,0.01780749
"9707",80,56,0.42470122,0.3641785,0,1.35017752,0.91959242,1.1783811,1.11730766,0.00646585
"9708",81,56,0.04541515,0.32964757,0.06406088,1.35017752,0.91959242,1.1783811,1.11730766,0.02571709
"9709",82,56,0.04531274,0.32474359,0.09049477,1.35017752,0.91959242,1.1783811,1.11730766,0.11494852
"9710",83,56,0.32339423,0.3162241,1.04241895,1.35017752,0.91959242,1.1783811,1.11730766,0.00795283
"9711",69,57,0.0228909,0.30520017,0.08757369,1.3466976,0.91672741,1.17510208,1.11419858,0
"9712",70,57,0.0228909,0.29468807,0.08757369,1.34642045,0.91703352,1.17510208,1.11419858,0.00924361
"9713",71,57,0.0228909,0.29810766,0.08757369,1.34642045,0.91703352,1.17510208,1.11419858,0
"9714",72,57,0.0228909,0.29859065,0.08757369,1.34642045,0.91703352,1.17510208,1.11419858,0.01592983
"9715",73,57,0.0228909,0.28399474,0.08757369,1.34642045,0.91703352,1.17510208,1.11419858,0.01247595
"9716",74,57,0.06821334,0.43008995,0.08757369,1.34642045,0.91703352,1.17510208,1.11419858,0.00810856
"9717",75,57,0.06800639,0.44684349,0.06259996,1.34642045,0.91703352,1.17510208,1.11419858,0.0119533
"9718",76,57,0.06725224,0.52195105,0.06180098,1.34642045,0.91703352,1.17510208,1.11419858,0.01035931
"9719",77,57,0.04574028,0,0.06602526,1.34642045,0.91703352,1.17510208,1.11419858,0.02992736
"9720",78,57,0.04570982,0,0,1.34642045,0.91703352,1.17510208,1.11419858,0.02807139
"9721",79,57,0.42463131,0,0,1.34642045,0.91703352,1.17510208,1.11419858,0.0605713
"9722",80,57,0,0.49019829,0,1.34642045,0.91703352,1.17510208,1.11419858,0.02347105
"9723",81,57,0,0.50922014,0,1.34642045,0.91703352,1.17510208,1.11419858,0.00529774
"9724",82,57,0.3051741,0.32659681,1.03845925,1.34642045,0.91703352,1.17510208,1.11419858,0.0450905
"9725",70,58,0.07036908,0.3301759,0.08732858,1.34265191,0.91446681,1.17181305,1.11108001,0.0178694
"9726",71,58,0.06989017,0.35908469,0.08732858,1.34265191,0.91446681,1.17181305,1.11108001,0.03666221
"9727",72,58,0.06973401,0.36801296,0.08732858,1.34265191,0.91446681,1.17181305,1.11108001,0.09478808
"9728",73,58,0.06951368,0.35623618,0.08732858,1.34265191,0.91446681,1.17181305,1.11108001,0.01525446
"9729",74,58,0.04615596,0.38575043,0.06498005,1.34265191,0.91446681,1.17181305,1.11108001,0.02714385
"9730",75,58,0.06886648,0.42886233,0.06469232,1.34265191,0.91446681,1.17181305,1.11108001,0.03741256
"9731",76,58,0.04551184,0,0.06584046,1.34265191,0.91446681,1.17181305,1.11108001,0.07003705
"9732",77,58,0.04570259,0.03783929,0.06584046,1.34265191,0.91446681,1.17181305,1.11108001,0.01785906
"9733",78,58,0.04690874,0.36088184,0.09325285,1.34265191,0.91446681,1.17181305,1.11108001,0.0496579
"9734",79,58,0.42720706,0.03783931,0.09325285,1.34265191,0.91446681,1.17181305,1.11108001,0.13206469
"9735",80,58,0.42667933,0.03783931,0.09325285,1.34265191,0.91446681,1.17181305,1.11108001,0.04896334
"9736",81,58,0.42672165,0.36088191,0.09325278,1.34265191,0.91446681,1.17181305,1.11108001,0.04600578
"9737",82,58,0.02688898,0.4958663,0.08694861,1.34265191,0.91446681,1.17181305,1.11108001,0.0227719
"9738",70,59,0.06774286,0.3046446,0.08708272,1.33914749,0.91158789,1.16851401,1.10795195,0.0390099
"9739",71,59,0.06801108,0.37830533,0.08708272,1.3388719,0.91189228,1.16851401,1.10795195,0.03566192
"9740",72,59,0.06828244,0.41284186,0.08708272,1.3388719,0.91189228,1.16851401,1.10795195,0.05894752
"9741",73,59,0.06774503,0.43043547,0.06386236,1.3388719,0.91189228,1.16851401,1.10795195,0.04520181
"9742",74,59,0.04602601,0.36559621,0.06491026,1.3388719,0.91189228,1.16851401,1.10795195,0.00598917
"9743",75,59,0.06881669,0.37646191,0.0870646,1.3388719,0.91189228,1.16851401,1.10795195,0.04195762
"9744",76,59,0.04557039,0.03773278,0.08881045,1.3388719,0.91189228,1.16851401,1.10795195,0.06626769
"9745",77,59,0.51866402,0.32213306,1.01028766,1.3388719,0.91189228,1.16851401,1.10795195,0.13784302
"9746",78,59,0.49239303,0.35986583,0.95631138,1.3388719,0.91189228,1.16851401,1.10795195,0.00455245
"9747",79,59,0.04462489,0.35986582,0.09299031,1.3388719,0.91189228,1.16851401,1.10795195,0.01298358
"9748",80,59,0.04381216,0.35986583,0,1.3388719,0.91189228,1.16851401,1.10795195,0.03666072
"9749",81,59,0,0.48285204,0,1.3388719,0.91189228,1.16851401,1.10795195,0
"9750",72,60,0.06926458,0.37243852,0.08683608,1.33507987,0.90930957,1.16520448,1.10481395,0.04835125
"9751",73,60,0.06755315,0.41729494,0.06432707,1.33507987,0.90930957,1.16520448,1.10481395,0.06596435
"9752",74,60,0.02260338,0.0303995,0.08681801,1.33507987,0.90930957,1.16520448,1.10481395,0.05358176
"9753",75,60,0.04604851,0.03762589,0.09006402,1.33507987,0.90930957,1.16520448,1.10481395,0.04092635
"9754",76,60,0.48246138,0.50570923,0.93000435,1.33507987,0.90930957,1.16520448,1.10481395,0.0239984
"9755",79,60,0.53592706,0,0.93122242,1.33507987,0.90930957,1.16520448,1.10481395,0.01832586
"9756",80,60,0,0.52804367,0,1.33507987,0.90930957,1.16520448,1.10481395,0.01845732
"9757",81,60,0.01804141,0.26489026,0.08802246,1.33507987,0.90930957,1.16520448,1.10481395,0.01035861
"9758",73,61,0.0684433,0.36277281,0.08657067,1.33127638,0.90671904,1.16188494,1.10166646,0.05516309
"9759",74,61,0.06850835,0.36954445,0.08657067,1.33127638,0.90671904,1.16188494,1.10166646,0.06088354
"9760",75,61,0.04999626,0.45461741,0.08933419,1.33127638,0.90671904,1.16188494,1.10166646,0.07912621
"9761",76,61,0.56354458,0.41791639,1.00412971,1.33127638,0.90671904,1.16188494,1.10166646,0.0176473
"9762",72,62,0.06975168,0.34021351,0.08632259,1.32764358,0.90350505,1.15855539,1.09850947,0.10763391
"9763",73,62,0.06956157,0.33945305,0.08632259,1.32764358,0.90350505,1.15855539,1.09850947,0.13982117
"9764",74,62,0.05507899,0.41716371,0.08562083,1.32764358,0.90350505,1.15855539,1.09850947,0.02583535
"9765",75,62,0.04795535,0.47103598,0.06034661,1.32764358,0.90350505,1.15855539,1.09850947,0.05423744
"9766",76,62,0.56225586,0.37759358,0.99962639,1.32764358,0.90350505,1.15855539,1.09850947,0.05668007
"9767",72,63,0.05154874,0.40245837,0.06025077,1.32381662,0.90090067,1.15521583,1.095343,0.13067238
"9768",73,63,0.04613455,0.41741021,0.06023487,1.32381662,0.90090067,1.15521583,1.095343,0.12985297
"9769",74,63,0.04615108,0,0.06023097,1.32381662,0.90090067,1.15521583,1.095343,0.16233515
"9770",75,63,0.04651671,0.37932134,0.06021165,1.32381662,0.90090067,1.15521583,1.095343,0.05566853
"9771",76,63,0.04715595,0.43356408,0.06013645,1.32381662,0.90090067,1.15521583,1.095343,0.03548784
"9772",72,64,0.04601707,0.41983034,0.06005638,1.31997819,0.8982885,1.15186626,1.09216703,0.04171095
"9773",73,64,0.04601754,0,0.06005574,1.31997819,0.8982885,1.15186626,1.09216703,0.0448141
"9774",74,64,0.04665191,0.36801956,0.06006221,1.31997819,0.8982885,1.15186626,1.09216703,0.05561485
"9775",75,64,0.04624863,0.37227339,0.06010805,1.31997819,0.8982885,1.15186626,1.09216703,0.10245202
"9776",76,64,0.04699238,0.42943216,0.05997971,1.31997819,0.8982885,1.15186626,1.09216703,0.13345608
"9777",77,64,0.04706143,0.46272512,0.05997058,1.31997819,0.8982885,1.15186626,1.09216703,0.027333
"9778",78,64,0.53883025,0.45384642,0.99155102,1.31997819,0.8982885,1.15186626,1.09216703,0.09607496
"9779",70,65,0.42428908,0.39604488,0.06017441,1.31612774,0.89566814,1.1485062,1.08898112,0.05922648
"9780",71,65,0.43033363,0.41290481,0.05984279,1.31612774,0.89566814,1.1485062,1.08898112,0.08490316
"9781",72,65,0,0.42408712,0.05988121,1.31612774,0.89566814,1.1485062,1.08898112,0.04593013
"9782",73,65,0.04396309,0.42408719,0.05988124,1.31612774,0.89566814,1.1485062,1.08898112,0.04941341
"9783",74,65,0.04594005,0.36694602,0.05990164,1.31612774,0.89566814,1.1485062,1.08898112,0.04080215
"9784",75,65,0,0.581395,0,1.31612774,0.89566814,1.1485062,1.08898112,0.01319395
"9785",76,65,0,0.57450571,0,1.31612774,0.89566814,1.1485062,1.08898112,0.03184799
"9786",77,65,0,0.5728809,0,1.31612774,0.89566814,1.1485062,1.08898112,0.09089208
"9787",78,65,0,0.57896077,0.06877832,1.31612774,0.89566814,1.1485062,1.08898112,0.07389521
"9788",68,66,0.76406615,0.40815795,0.05970543,1.31226637,0.89304035,1.14513661,1.08578617,0.03779704
"9789",69,66,0.05006799,0.41567337,0.05862804,1.31226637,0.89304035,1.14513661,1.08578617,0.04315635
"9790",70,66,0.05036281,0.41310967,0,1.31226637,0.89304035,1.14513661,1.08578617,0.09641704
"9791",71,66,0.05130573,0.4163879,0.05969562,1.31226637,0.89304035,1.14513661,1.08578617,0.27276941
"9792",72,66,0.05200029,0.41537893,0.0597056,1.31226637,0.89304035,1.14513661,1.08578617,0.04949023
"9793",73,66,0.04574908,0.41781588,0.05970554,1.31226637,0.89304035,1.14513661,1.08578617,0.06267931
"9794",74,66,0.04585003,0.36586944,0.05979835,1.31226637,0.89304035,1.14513661,1.08578617,0.04128063
"9795",75,66,0,0.57645071,0,1.31226637,0.89304035,1.14513661,1.08578617,0.02385653
"9796",76,66,0,0.57211277,0,1.31226637,0.89304035,1.14513661,1.08578617,0.01663796
"9797",77,66,0,0.57297027,0,1.31226637,0.89304035,1.14513661,1.08578617,0.04421918
"9798",78,66,0.0233524,0.57923825,0.08573205,1.31226637,0.89304035,1.14513661,1.08578617,0.01997548
"9799",69,67,0.76241176,0.41682307,0,1.30839352,0.89040475,1.14175701,1.08258173,0.13050517
"9800",70,67,0.04561431,0.41643004,0.0595303,1.30839352,0.89040475,1.14175701,1.08258173,0.07913304
"9801",71,67,0.04571399,0.41704504,0.05953198,1.30839352,0.89040475,1.14175701,1.08258173,0.35059455
"9802",72,67,0.04561344,0.41708516,0.05952926,1.30839352,0.89040475,1.14175701,1.08258173,0.13033418
"9803",73,67,0.04561352,0.41657725,0.05952924,1.30839352,0.89040475,1.14175701,1.08258173,0.01829657
"9804",74,67,0,0.41749885,0.05952939,1.30839352,0.89040475,1.14175701,1.08258173,0.03594611
"9805",75,67,0.04805257,0.45866406,0.05947713,1.30839352,0.89040475,1.14175701,1.08258173,0.03304439
"9806",76,67,0.04789249,0.44251158,0.05942018,1.30839352,0.89040475,1.14175701,1.08258173,0.05042289
"9807",77,67,0.04723867,0.45091607,0.05945239,1.30839352,0.89040475,1.14175701,1.08258173,0.03948651
"9808",78,67,0.02379134,0.57254073,0.08637134,1.30839352,0.89040475,1.14175701,1.08258173,0.01989322
"9809",69,68,0.74625315,0.41504404,0.05939917,1.30450921,0.88776135,1.13836741,1.0793678,0.01954084
"9810",70,68,0.04547825,0.41561123,0.05935333,1.30450921,0.88776135,1.13836741,1.0793678,0.06819998
"9811",71,68,0.04631567,0.41508404,0.05935442,1.30450921,0.88776135,1.13836741,1.0793678,0.05572467
"9812",72,68,0.04557747,0.4162969,0.05938154,1.30450921,0.88776135,1.13836741,1.0793678,0.10369475
"9813",73,68,0.04547855,0.41489372,0.05940574,1.30450921,0.88776135,1.13836741,1.0793678,0.03812151
"9814",74,68,0.05041967,0.34093967,0.05940812,1.30450921,0.88776135,1.13836741,1.0793678,0.04426501
"9815",75,68,0.045777,0.34093967,0.05935125,1.30450921,0.88776135,1.13836741,1.0793678,0.06565839
"9816",76,68,0.04547831,0,0.05935235,1.30450921,0.88776135,1.13836741,1.0793678,0.05897731
"9817",77,68,0.0498942,0.35737508,0.05934547,1.30450921,0.88776135,1.13836741,1.0793678,0.01563981
"9818",78,68,0.04650991,0.45730239,0.05929996,1.30450921,0.88776135,1.13836741,1.0793678,0.02715202
"9819",69,69,0.76425265,0.41375755,0.05918622,1.30061342,0.88511014,1.13496779,1.07614438,0.01385182
"9820",70,69,0.65505043,0.41364998,0.05917545,1.30061342,0.88511014,1.13496779,1.07614438,0.02798527
"9821",71,69,0,0.41414656,0.05917529,1.30061342,0.88511014,1.13496779,1.07614438,0.04144502
"9822",72,69,0.04344487,0.41908804,0.05917537,1.30061342,0.88511014,1.13496779,1.07614438,0.08556605
"9823",73,69,0.04534232,0.41376798,0.05917541,1.30061342,0.88511014,1.13496779,1.07614438,0.05025649
"9824",74,69,0,0.41462503,0.05917531,1.30061342,0.88511014,1.13496779,1.07614438,0.06141747
"9825",75,69,0,0.41421947,0.05917542,1.30061342,0.88511014,1.13496779,1.07614438,0.12847895
"9826",76,69,0,0,0.05917639,1.30061342,0.88511014,1.13496779,1.07614438,0.05203083
"9827",77,69,0.04564029,0.33992148,0.05917156,1.30061342,0.88511014,1.13496779,1.07614438,0.05134302
"9828",78,69,0.44630677,0,0.97913544,1.30061342,0.88511014,1.13496779,1.07614438,0.08031543
"9829",74,70,0.7936437,0.41218895,0.08742854,1.29707145,0.88253403,1.13155863,1.07291191,0.11505154
"9830",75,70,0.79623022,0.41197343,0.08742854,1.29670671,0.88245149,1.13155863,1.07291191,0.04871965
"9831",76,70,0.79888367,0.41241608,0.08742854,1.29707145,0.88253403,1.13155863,1.07291191,0.02319478
"9832",77,70,0.78106892,0.41235721,1.00349033,1.29670671,0.88245149,1.13155863,1.07291191,0.0458749
"9833",95,57,0.08276853,0.03552558,0.06284886,1.3474459,0.91671517,1.17510208,1.11419858,0.01504474
"9834",96,57,0.08301371,0.03552558,0.06382565,1.3474459,0.91671517,1.17510208,1.11419858,0.0038344
"9835",97,57,0.08324561,0.03552556,0.06319732,1.3474459,0.91671517,1.17510208,1.11419858,0
"9836",88,58,0.07521255,0,0.08813651,1.34367449,0.91414935,1.17181305,1.11108001,0.01713516
"9837",89,58,0.1301885,0,0.0865513,1.34367449,0.91414935,1.17181305,1.11108001,0.03091706
"9838",90,58,0.0853615,0.07928687,0.08579358,1.34367449,0.91414935,1.17181305,1.11108001,0.03175467
"9839",91,58,0.08523057,0,0.08584477,1.34367449,0.91414935,1.17181305,1.11108001,0.02419449
"9840",92,58,0.11014406,0,0.06052035,1.34367449,0.91414935,1.17181305,1.11108001,0.18098945
"9841",93,58,0.88778198,0.07928687,0.06158158,1.34367449,0.91414935,1.17181305,1.11108001,0.05506689
"9842",94,58,0.88706283,0.0792977,0.0604866,1.34367449,0.91414935,1.17181305,1.11108001,0.02249208
"9843",95,58,0.08245208,0.03542614,0.06363879,1.34367449,0.91414935,1.17181305,1.11108001,0
"9844",96,58,0.08265016,0.03542614,0.06275467,1.34367449,0.91414935,1.17181305,1.11108001,0
"9845",88,59,0,0.58405397,0,1.3398916,0.91157571,1.16851401,1.10795195,0.00161909
"9846",89,59,0.075741,0,0.08848848,1.3398916,0.91157571,1.16851401,1.10795195,0.03583636
"9847",90,59,0.07945496,0,0.0866516,1.3398916,0.91157571,1.16851401,1.10795195,0.14178216
"9848",91,59,0.0820961,0,0.08611209,1.3398916,0.91157571,1.16851401,1.10795195,0.02424436
"9849",92,59,0.88542264,0.07907345,0.08580713,1.3398916,0.91157571,1.16851401,1.10795195,0.21968808
"9850",93,59,0.88474205,0.07908049,0.06359039,1.3398916,0.91157571,1.16851401,1.10795195,0.03218495
"9851",94,59,0.08536455,0.0790845,0.06183551,1.3398916,0.91157571,1.16851401,1.10795195,0.01660446
"9852",95,59,0.08214732,0.03532639,0.06345961,1.3398916,0.91157571,1.16851401,1.10795195,0
"9853",96,59,0.0823357,0.03532639,0.06345961,1.3398916,0.91157571,1.16851401,1.10795195,0.00268566
"9854",97,59,0.02738988,0.628458,0.08270393,1.3398916,0.91157571,1.16851401,1.10795195,0
"9855",87,60,0.04785352,0.4335508,0.08689201,1.33609669,0.9089939,1.16520448,1.10481395,0.03945126
"9856",88,60,0,0.56616562,0,1.33609669,0.9089939,1.16520448,1.10481395,0.00927952
"9857",89,60,0.02091959,0.55240283,0.06489364,1.33609669,0.9089939,1.16520448,1.10481395,0.03346912
"9858",90,60,0.78283439,0.0335536,0.06222222,1.33609669,0.9089939,1.16520448,1.10481395,0.0125602
"9859",91,60,0.07944976,0,0.08791121,1.33609669,0.9089939,1.16520448,1.10481395,0.08430309
"9860",92,60,0.08450407,0.0788484,0.08741351,1.33609669,0.9089939,1.16520448,1.10481395,0.13273339
"9861",93,60,0.88193152,0.07884856,0,1.33609669,0.9089939,1.16520448,1.10481395,0.04830391
"9862",94,60,0.08464973,0.07886551,0.06341029,1.33609669,0.9089939,1.16520448,1.10481395,0.01783725
"9863",95,60,0.08204061,0.03522635,0.06327989,1.33609669,0.9089939,1.16520448,1.10481395,0.00593226
"9864",96,60,0.08183298,0.03468689,0.06327987,1.33609669,0.9089939,1.16520448,1.10481395,0.01382392
"9865",97,60,0.0089794,0,0.0861556,1.33609669,0.9089939,1.16520448,1.10481395,0.00305982
"9866",98,60,0.00917315,0,0.08865389,1.33609669,0.9089939,1.16520448,1.10481395,0.00484522
"9867",89,61,0.04630282,0.47905842,0.08737899,1.3322903,0.90640427,1.16188494,1.10166646,0.009082
"9868",90,61,0.82309959,0.32144169,0,1.3322903,0.90640427,1.16188494,1.10166646,0.03104948
"9869",91,61,0.05031694,0.033458,0,1.3322903,0.90640427,1.16188494,1.10166646,0.02282591
"9870",92,61,0.07872397,0,0.05468965,1.3322903,0.90640427,1.16188494,1.10166646,0.03639662
"9871",93,61,0.88109738,0.07861513,0,1.3322903,0.90640427,1.16188494,1.10166646,0.30258434
"9872",94,61,0.87930754,0.07862146,0,1.3322903,0.90640427,1.16188494,1.10166646,0.05802704
"9873",95,61,0.5105519,0.35889714,0.08485067,1.3322903,0.90640427,1.16188494,1.10166646,0.00786798
"9874",96,61,0.00896728,0,0.08494215,1.3322903,0.90640427,1.16188494,1.10166646,0.0066403
"9875",97,61,0.05077068,0.35548584,0.08677012,1.3322903,0.90640427,1.16188494,1.10166646,0.02585414
"9876",98,61,0.44900137,0.3687083,0.86542993,1.3322903,0.90640427,1.16188494,1.10166646,0.05196077
"9877",99,61,0.00916776,0.20883748,0.08486285,1.3322903,0.90640427,1.16188494,1.10166646,0
"9878",100,61,0,0,0.05582435,1.3322903,0.90640427,1.16188494,1.10166646,0.00070354
"9879",101,61,0,0,0,1.3322903,0.90640427,1.16188494,1.10166646,0
"9880",90,62,0.04786243,0.54698987,0.08675552,1.32847242,0.90380684,1.15855539,1.09850947,0.00834268
"9881",91,62,0.77811164,0.03336211,0,1.32847242,0.90380684,1.15855539,1.09850947,0.01703814
"9882",92,62,0.08025957,0,0.05453292,1.32847242,0.90380684,1.15855539,1.09850947,0.05524813
"9883",93,62,0.88099556,0,0,1.32847242,0.90380684,1.15855539,1.09850947,0.11962526
"9884",94,62,0.48311081,0,0.06299826,1.32847242,0.90380684,1.15855539,1.09850947,0.13192256
"9885",95,62,0.88270094,0.07838983,0.05453292,1.32847242,0.90380684,1.15855539,1.09850947,0.09139824
"9886",96,62,0.50966042,0.35945292,0.08455952,1.32847242,0.90380684,1.15855539,1.09850947,0.00767008
"9887",97,62,0.05051516,0.36130759,0.08489397,1.32847242,0.90380684,1.15855539,1.09850947,0.09923189
"9888",98,62,0.44731426,0.36654734,0.86318445,1.32847242,0.90380684,1.15855539,1.09850947,0.2497149
"9889",99,62,0,0,0.0546496,1.32847242,0.90380684,1.15855539,1.09850947,0.03518011
"9890",100,62,0,0,0.05542986,1.32847242,0.90380684,1.15855539,1.09850947,0.04012725
"9891",101,62,0,0,0,1.32753428,0.90374648,1.15855539,1.09850947,0
"9892",102,62,0,0,0,1.32847242,0.90380684,1.15855539,1.09850947,0.01656657
"9893",91,63,0.81887004,0.31959664,0,1.32464308,0.9012016,1.15521583,1.095343,0.05505296
"9894",92,63,0.53605091,0,0.06389435,1.32464308,0.9012016,1.15521583,1.095343,0.18520075
"9895",93,63,0.49577783,0,0,1.32464308,0.9012016,1.15521583,1.095343,0.05710001
"9896",94,63,0.49642986,0,0.0655181,1.32464308,0.9012016,1.15521583,1.095343,0.02976994
"9897",95,63,0.53306378,0,0,1.32464308,0.9012016,1.15521583,1.095343,0.02974296
"9898",96,63,0.5139692,0,0.06281666,1.32464308,0.9012016,1.15521583,1.095343,0.04993117
"9899",97,63,0.05050073,0.35956461,0.08443899,1.32464308,0.9012016,1.15521583,1.095343,0.16409611
"9900",98,63,0.05052347,0.35839557,0.08416896,1.32464308,0.9012016,1.15521583,1.095343,0.25851214
"9901",99,63,0.44531533,0.36604331,0.86070936,1.32464308,0.9012016,1.15521583,1.095343,0.11169597
"9902",100,63,0,0,0.05378467,1.32464308,0.9012016,1.15521583,1.095343,0.00073121
"9903",101,63,0,0,0.05502221,1.32464308,0.9012016,1.15521583,1.095343,0.02229747
"9904",102,63,0,0,0.05418035,1.32464308,0.9012016,1.15521583,1.095343,0.07788531
"9905",103,63,0,0,0,1.32464308,0.9012016,1.15521583,1.095343,0.03337705
"9906",104,63,0,0,0,1.32464308,0.9012016,1.15521583,1.095343,0.02827309
"9907",105,63,0,0,0,1.32464308,0.9012016,1.15521583,1.095343,0.01161314
"9908",88,64,0.04834215,0.36493906,0.08486828,1.32080225,0.89858855,1.15186626,1.09216703,0.02817617
"9909",89,64,0.41590005,0,0,1.32080225,0.89858855,1.15186626,1.09216703,0.21899452
"9910",90,64,0.74864538,0,0,1.32080225,0.89858855,1.15186626,1.09216703,0.31368303
"9911",91,64,0.02344409,0.51758626,0,1.32080225,0.89858855,1.15186626,1.09216703,0.07249012
"9912",92,64,0.54017574,0,0.06370908,1.32080225,0.89858855,1.15186626,1.09216703,0.19887204
"9913",93,64,0.53088157,0,0.06455706,1.32080225,0.89858855,1.15186626,1.09216703,0.06165066
"9914",94,64,0.53147557,0,0.06455706,1.32080225,0.89858855,1.15186626,1.09216703,0.07772557
"9915",95,64,0.53177055,0,0,1.32080225,0.89858855,1.15186626,1.09216703,0.12588478
"9916",96,64,0.49590736,0,0.06455706,1.32080225,0.89858855,1.15186626,1.09216703,0.16015354
"9917",97,64,0.52242129,0,0.08624522,1.32080225,0.89858855,1.15186626,1.09216703,0.16038728
"9918",98,64,0.05040889,0.34950671,0.08450862,1.32080225,0.89858855,1.15186626,1.09216703,0.03652655
"9919",99,64,0.0503647,0.36261387,0.08395116,1.32080225,0.89858855,1.15186626,1.09216703,0.06686238
"9920",100,64,0.44381625,0.36531975,0.8581304,1.32080225,0.89858855,1.15186626,1.09216703,0.0673502
"9921",101,64,0.00883441,0.20703672,0.0838658,1.32080225,0.89858855,1.15186626,1.09216703,0.0458929
"9922",102,64,0,0,0.0548574,1.32080225,0.89858855,1.15186626,1.09216703,0.01050996
"9923",103,64,0,0,0.05379006,1.32080225,0.89858855,1.15186626,1.09216703,0.0769547
"9924",104,64,0,0,0,1.32080225,0.89858855,1.15186626,1.09216703,0.01797571
"9925",105,64,0,0,0,1.32080225,0.89858855,1.15186626,1.09216703,0.03384515
"9926",106,64,0,0,0,1.32080225,0.89858855,1.15186626,1.09216703,0
"9927",87,65,0.04869391,0.48868453,0.08593068,1.31632638,0.89572798,1.1485062,1.08898112,0.00757402
"9928",88,65,0.50633722,0,0,1.3169494,0.89596732,1.1485062,1.08898112,0.105522
"9929",89,65,0.51123676,0,0.06610638,1.3169494,0.89596732,1.1485062,1.08898112,0.24762387
"9930",90,65,0.4925086,0.31774039,0,1.3169494,0.89596732,1.1485062,1.08898112,0.09215162
"9931",91,65,0.51027048,0.31774039,0,1.3169494,0.89596732,1.1485062,1.08898112,0.14292267
"9932",92,65,0.49459487,0,0,1.3169494,0.89596732,1.1485062,1.08898112,0.24599944
"9933",93,65,0.49131421,0,0,1.3169494,0.89596732,1.1485062,1.08898112,0.23736639
"9934",94,65,0.49342348,0,0.06436875,1.3169494,0.89596732,1.1485062,1.08898112,0.24867678
"9935",95,65,0.49340477,0,0.06436874,1.3169494,0.89596732,1.1485062,1.08898112,0.2348208
"9936",96,65,0.49414331,0,0.06436874,1.3169494,0.89596732,1.1485062,1.08898112,0.1678208
"9937",97,65,0.49173379,0,0.06436874,1.3169494,0.89596732,1.1485062,1.08898112,0.16977584
"9938",98,65,0.5132982,0,0.08599363,1.3169494,0.89596732,1.1485062,1.08898112,0.03224723
"9939",99,65,0.05043106,0.36024571,0.08363808,1.3169494,0.89596732,1.1485062,1.08898112,0.26307389
"9940",100,65,0.05010575,0.36174571,0.08378248,1.3169494,0.89596732,1.1485062,1.08898112,0.0516545
"9941",101,65,0.50782641,0.36446274,0.85572203,1.3169494,0.89596732,1.1485062,1.08898112,0.07564344
"9942",102,65,0.00911369,0.20643279,0.08519932,1.3169494,0.89596732,1.1485062,1.08898112,0.11480006
"9943",103,65,0,0,0.05403597,1.3169494,0.89596732,1.1485062,1.08898112,0.02696921
"9944",104,65,0,0,0.0535544,1.3169494,0.89596732,1.1485062,1.08898112,0.08062114
"9945",105,65,0,0,0,1.3169494,0.89596732,1.1485062,1.08898112,0
"9946",86,66,0.04851067,0.45143244,0.08531118,1.31308561,0.89333865,1.14513661,1.08578617,0.01114646
"9947",87,66,0.048194,0.4312987,0.08437245,1.31308561,0.89333865,1.14513661,1.08578617,0.02382657
"9948",88,66,0.50982423,0,0.06591243,1.31308561,0.89333865,1.14513661,1.08578617,0.06856956
"9949",89,66,0.52613971,0.31680818,0.06591243,1.31308561,0.89333865,1.14513661,1.08578617,0.09945607
"9950",90,66,0.48693748,0.31680818,0,1.31308561,0.89333865,1.14513661,1.08578617,0.05032234
"9951",91,66,0.50804058,0.31680818,0,1.31308561,0.89333865,1.14513661,1.08578617,0.10430597
"9952",92,66,0.49111043,0,0.05939233,1.31308561,0.89333865,1.14513661,1.08578617,0.57694036
"9953",93,66,0.48986648,0,0.06417989,1.31308561,0.89333865,1.14513661,1.08578617,0.6670576
"9954",94,66,0.49119854,0,0.06417989,1.31308561,0.89333865,1.14513661,1.08578617,0.33266075
"9955",95,66,0.51243659,0,0.06417989,1.31308561,0.89333865,1.14513661,1.08578617,0.16428332
"9956",96,66,0.51327565,0,0.06417989,1.31308561,0.89333865,1.14513661,1.08578617,0.1479483
"9957",97,66,0.48978887,0,0.06417988,1.31308561,0.89333865,1.14513661,1.08578617,0.04970547
"9958",98,66,0.54614902,0,0.85744483,1.31308561,0.89333865,1.14513661,1.08578617,0.1113263
"9959",99,66,0.54465681,0,0.06417989,1.31308561,0.89333865,1.14513661,1.08578617,0.15286966
"9960",100,66,0.05002331,0.35659171,0.08355843,1.31308561,0.89333865,1.14513661,1.08578617,0.05505158
"9961",101,66,0.00889618,0,0.08369732,1.31308561,0.89333865,1.14513661,1.08578617,0.05444688
"9962",102,66,0.00913578,0.20582714,0.08476078,1.31308561,0.89333865,1.14513661,1.08578617,0.0609845
"9963",103,66,0,0,0.05692749,1.31308561,0.89333865,1.14513661,1.08578617,0.03618892
"9964",104,66,0,0,0,1.31308561,0.89333865,1.14513661,1.08578617,0.01012567
"9965",86,67,0.04787596,0.27013393,0.08412344,1.30921035,0.89070217,1.14175701,1.08258173,0.04820369
"9966",87,67,0.04787596,0.27013393,0.08412344,1.30921035,0.89070217,1.14175701,1.08258173,0.05695443
"9967",88,67,0.80464487,0,0.0619912,1.30921035,0.89070217,1.14175701,1.08258173,0.06928526
"9968",89,67,0.79014251,0.31587319,0,1.30921035,0.89070217,1.14175701,1.08258173,0.05777187
"9969",90,67,0.78477841,0.31587319,0,1.30921035,0.89070217,1.14175701,1.08258173,0.05978716
"9970",91,67,0.49633325,0,0.09074475,1.30921035,0.89070217,1.14175701,1.08258173,0.139836
"9971",92,67,0.54302862,0,0.09074468,1.30921035,0.89070217,1.14175701,1.08258173,0.37273634
"9972",93,67,0.53696543,0,0.81039607,1.30921035,0.89070217,1.14175701,1.08258173,0.15872719
"9973",94,67,0.53354599,0,0.78644603,1.30921035,0.89070217,1.14175701,1.08258173,0.11983803
"9974",95,67,0.53928261,0,0.06208482,1.30921035,0.89070217,1.14175701,1.08258173,0.18272414
"9975",96,67,0.50895777,0,0.06399048,1.30921035,0.89070217,1.14175701,1.08258173,0.12703634
"9976",97,67,0,0.40435455,0,1.30921035,0.89070217,1.14175701,1.08258173,0.03890964
"9977",98,67,0.54949985,0,0.83341647,1.30921035,0.89070217,1.14175701,1.08258173,0.06919937
"9978",99,67,0.51047016,0,0.06399048,1.30921035,0.89070217,1.14175701,1.08258173,0.09876329
"9979",100,67,0.53925659,0,0.06437134,1.30921035,0.89070217,1.14175701,1.08258173,0.34360945
"9980",101,67,0.00883833,0,0.08346159,1.30921035,0.89070217,1.14175701,1.08258173,0.0807671
"9981",102,67,0,0,0.05462328,1.30921035,0.89070217,1.14175701,1.08258173,0.06124645
"9982",103,67,0,0,0.05523566,1.30921035,0.89070217,1.14175701,1.08258173,0.10195985
"9983",104,67,0,0,0.05426268,1.30921035,0.89070217,1.14175701,1.08258173,0.11474752
"9984",105,67,0,0,0,1.30921035,0.89070217,1.14175701,1.08258173,0.04849045
"9985",87,68,0.50271546,0,0,1.30532361,0.88805789,1.13836741,1.0793678,0.1248074
"9986",88,68,0.88741048,0,1.01438861,1.30532361,0.88805789,1.13836741,1.0793678,0.26786416
"9987",89,68,0.84226085,0.31493544,1.0496519,1.30532361,0.88805789,1.13836741,1.0793678,0.1120308
"9988",90,68,0.75108377,0.31493544,0,1.30532361,0.88805789,1.13836741,1.0793678,0.04880336
"9989",91,68,0.4822916,0.31493544,0.08389957,1.30532361,0.88805789,1.13836741,1.0793678,0.05691327
"9990",92,68,0.54107931,0,0.0638005,1.30532361,0.88805789,1.13836741,1.0793678,0.19729126
"9991",93,68,0.53193293,0,0.79067793,1.30532361,0.88805789,1.13836741,1.0793678,0.07600115
"9992",94,68,0.4779988,0,0.78411125,1.30532361,0.88805789,1.13836741,1.0793678,0.04810137
"9993",95,68,0.53213459,0,0.78935912,1.30532361,0.88805789,1.13836741,1.0793678,0.1089224
"9994",96,68,0.5376013,0,0.0638005,1.30532361,0.88805789,1.13836741,1.0793678,0.08852794
"9995",97,68,0,0.42935372,0,1.30532361,0.88805789,1.13836741,1.0793678,0.0650329
"9996",98,68,0,0.39685454,0,1.30532361,0.88805789,1.13836741,1.0793678,0.09097541
"9997",99,68,0.5463265,0,0.0638005,1.30532361,0.88805789,1.13836741,1.0793678,0.07785422
"9998",100,68,0.50794106,0,0.0638005,1.30532361,0.88805789,1.13836741,1.0793678,0.20550461
"9999",101,68,0.02469197,0.35450948,0.08299199,1.30532361,0.88805789,1.13836741,1.0793678,0.16003432
"10000",102,68,0.02436765,0.34901117,0.08452684,1.30532361,0.88805789,1.13836741,1.0793678,0.16464241
"10001",103,68,0.00878207,0,0.08481019,1.30532361,0.88805789,1.13836741,1.0793678,0.15418777
"10002",104,68,0,0,0.05713835,1.30532361,0.88805789,1.13836741,1.0793678,0.04441876
"10003",90,69,0.98395033,0.31399491,0.06397831,1.3014254,0.88540579,1.13496779,1.07614438,0.03418291
"10004",91,69,0.95551023,0.31399491,0.05695022,1.3014254,0.88540579,1.13496779,1.07614438,0.0165632
"10005",93,69,0.53779863,0,0.06257724,1.3014254,0.88540579,1.13496779,1.07614438,0.17266634
"10006",94,69,0.53711485,0,0.78711659,1.3014254,0.88540579,1.13496779,1.07614438,0.13371511
"10007",95,69,0.53812695,0,0.06257724,1.3014254,0.88540579,1.13496779,1.07614438,0.22559248
"10008",96,69,0.54736029,0,0.05452792,1.3014254,0.88540579,1.13496779,1.07614438,0.0520179
"10009",97,69,0.56027961,0,0.06360998,1.3014254,0.88540579,1.13496779,1.07614438,0.17038435
"10010",98,69,0.04699126,0.3948157,0.06105979,1.3014254,0.88540579,1.13496779,1.07614438,0.06071196
"10011",99,69,0,0.29014918,0,1.3014254,0.88540579,1.13496779,1.07614438,0.0680076
"10012",101,69,0.43897512,0.25243654,0.71036115,1.08120923,0.7265137,0.9317497,0.88792334,0.3647059
"10013",102,69,0.04975277,0.36016651,0.08389295,1.3014254,0.88540579,1.13496779,1.07614438,0.13486982
"10014",103,69,0,0,0.05693657,1.3014254,0.88540579,1.13496779,1.07614438,0.03867402
"10015",104,69,0,0,0.05729398,1.3014254,0.88540579,1.13496779,1.07614438,0.07514535
"10016",93,70,0.7227734,0,1.05544707,1.29751625,0.88274626,1.13155863,1.07291191,0.14610101
"10017",94,70,0.59817654,0,0,1.29751625,0.88274626,1.13155863,1.07291191,0.07591579
"10018",95,70,0.69740636,0,0,1.29751625,0.88274626,1.13155863,1.07291191,0.07498725
"10019",100,70,0,0.2928436,0,1.31443643,0.88322967,1.13273705,1.07945692,0.14684041
"10020",102,70,0.17707897,0,0.30420685,0.46279106,0.31097038,0.39881775,0.38005871,0.08463514
"10021",103,70,0.01010509,0,0.03501696,0.53745395,0.36564895,0.4687114,0.4444189,0.07360784
"10022",104,70,0.25531345,0,0.44487487,0.66523372,0.45258206,0.58014762,0.55007958,0.0666584
"10023",77,60,0.54735646,0,0.93440725,1.33546461,0.90875108,1.16520448,1.10481395,0.04485184
"10024",78,60,0.54059075,0,0.93349,1.33546461,0.90875108,1.16520448,1.10481395,0.02651782
"10025",77,61,0.5707101,0,1.01574474,1.33166002,0.90616214,1.16188494,1.10166646,0.1478596
"10026",78,61,0.57878922,0,1.01984883,1.33166002,0.90616214,1.16188494,1.10166646,0.2949915
"10027",79,61,0.02506009,0.32383104,0.08533561,1.33166002,0.90616214,1.16188494,1.10166646,0.07653373
"10028",80,61,0.02521449,0.34144899,0.08282511,1.33127638,0.90671904,1.16188494,1.10166646,0.02072594
"10029",81,61,0.02488686,0.30216731,0.0844537,1.33166002,0.90616214,1.16188494,1.10166646,0.03473053
"10030",82,61,0.02454262,0.39181348,0.08544998,1.33166002,0.90616214,1.16188494,1.10166646,0.02151662
"10031",83,61,0.02478457,0.43442837,0.08560906,1.32992448,0.90619846,1.16188494,1.10166646,0.02098091
"10032",84,61,0.01828662,0.25642941,0.08669584,1.33166002,0.90616214,1.16188494,1.10166646,0.01454688
"10033",85,61,0.04871996,0.36457573,0.08541546,1.33166002,0.90616214,1.16188494,1.10166646,0.03260256
"10034",86,61,0.04875411,0.30772712,0.08607638,1.33166002,0.90616214,1.16188494,1.10166646,0.03792902
"10035",87,61,0.04679909,0.30285952,0.08735003,1.33166002,0.90616214,1.16188494,1.10166646,0.05293246
"10036",88,61,0.31631028,0.32796868,1.05109993,1.33166002,0.90616214,1.16188494,1.10166646,0.02886908
"10037",77,62,0.54322761,0.40512954,0.99686631,1.32784396,0.9035654,1.15855539,1.09850947,0.04677473
"10038",78,62,0.04973373,0.2675814,0.08390055,1.32784396,0.9035654,1.15855539,1.09850947,0.07607491
"10039",79,62,0,0.25509591,0.07045796,1.32784396,0.9035654,1.15855539,1.09850947,0.04861716
"10040",80,62,0,0.25509591,0.06644576,1.32784396,0.9035654,1.15855539,1.09850947,0.06306185
"10041",81,62,0,0.2550959,0.07045796,1.32784396,0.9035654,1.15855539,1.09850947,0.09557488
"10042",82,62,0.04797816,0.24990765,0.08573604,1.32784396,0.9035654,1.15855539,1.09850947,0.0784777
"10043",83,62,0.04698468,0.27410834,0.08693774,1.32784396,0.9035654,1.15855539,1.09850947,0.00585328
"10044",84,62,0.02312993,0.3334053,0.06303066,1.32784396,0.9035654,1.15855539,1.09850947,0.04623314
"10045",85,62,0.04763785,0.31218034,0.08649822,1.32784396,0.9035654,1.15855539,1.09850947,0.02507418
"10046",86,62,0.04776377,0.30311554,0.08665005,1.32784396,0.9035654,1.15855539,1.09850947,0.05213556
"10047",87,62,0.91599513,0,1.06826659,1.32784396,0.9035654,1.15855539,1.09850947,0.21017656
"10048",88,62,0.31850585,0.31554678,1.05657952,1.32784396,0.9035654,1.15855539,1.09850947,0.06582331
"10049",89,62,0.04732918,0.32052507,0.0863778,1.32784396,0.9035654,1.15855539,1.09850947,0.05987404
"10050",77,63,0.54218388,0.45058787,0.99380195,1.32401642,0.90096086,1.15521583,1.095343,0.03437071
"10051",78,63,0.54250252,0,1.00490372,1.32401642,0.90096086,1.15521583,1.095343,0.04268533
"10052",79,63,0.01838879,0.25436059,0.08733723,1.32401642,0.90096086,1.15521583,1.095343,0.03373276
"10053",80,63,0.0180499,0.25436058,0.0868959,1.32401642,0.90096086,1.15521583,1.095343,0.03170633
"10054",81,63,0.01930259,0.25436059,0.08781863,1.32401642,0.90096086,1.15521583,1.095343,0.02239679
"10055",82,63,0.04848635,0.31196378,0.08574547,1.32401642,0.90096086,1.15521583,1.095343,0.0151712
"10056",83,63,0.04844032,0.27331822,0.08511507,1.32401642,0.90096086,1.15521583,1.095343,0.0450731
"10057",84,63,0.7210033,0,0,1.32401642,0.90096086,1.15521583,1.095343,0.11356196
"10058",85,63,0.04713453,0.32810682,0.08610583,1.32401642,0.90096086,1.15521583,1.095343,0.00963471
"10059",86,63,0.04690022,0.32709557,0.08628027,1.32401642,0.90096086,1.15521583,1.095343,0.04611278
"10060",87,63,0.28989332,0.27331822,0.95756927,1.32401642,0.90096086,1.15521583,1.095343,0.04403235
"10061",88,63,0.88453115,0,0.96255803,1.32401642,0.90096086,1.15521583,1.095343,0.13115564
"10062",89,63,0.04844032,0.27331822,0.08511507,1.32401642,0.90096086,1.15521583,1.095343,0.10358589
"10063",90,63,0.04728866,0.47185057,0.08619008,1.32401642,0.90096086,1.15521583,1.095343,0.03722235
"10064",79,64,0.04862193,0.58281556,0.08704138,1.32017741,0.89834851,1.15186626,1.09216703,0.04638236
"10065",80,64,0.0178915,0.25362307,0.08655742,1.32017741,0.89834851,1.15186626,1.09216703,0.02076539
"10066",81,64,0.01924662,0.25362307,0.08756399,1.32017741,0.89834851,1.15186626,1.09216703,0.00362087
"10067",82,64,0.04787074,0.31190868,0.09103944,1.32017741,0.89834851,1.15186626,1.09216703,0.00725073
"10068",83,64,0.86469964,0,1.06883904,1.32017741,0.89834851,1.15186626,1.09216703,0.15133987
"10069",84,64,0.50554045,0,0,1.32017741,0.89834851,1.15186626,1.09216703,0.06094624
"10070",85,64,0.04688672,0.27252573,0.0859236,1.32017741,0.89834851,1.15186626,1.09216703,0.02415369
"10071",86,64,0.0478422,0.27252573,0.08614444,1.32017741,0.89834851,1.15186626,1.09216703,0.03677784
"10072",87,64,0.04734332,0.37943189,0.08558501,1.32080225,0.89858855,1.15186626,1.09216703,0.02988362
"10073",79,65,0.04900707,0.48157968,0.08667347,1.31632638,0.89572798,1.1485062,1.08898112,0.05759818
"10074",80,65,0.01770069,0.25288323,0.08624293,1.31632638,0.89572798,1.1485062,1.08898112,0.06884288
"10075",81,65,0,0.25288323,0.0664723,1.31632638,0.89572798,1.1485062,1.08898112,0.074611
"10076",82,65,0.50744241,0.34523838,1.0469206,1.31632638,0.89572798,1.1485062,1.08898112,0.11801674
"10077",83,65,0.89590422,0.34232063,1.06044215,1.31632638,0.89572798,1.1485062,1.08898112,0.20725239
"10078",84,65,0.8927101,0.34232063,1.05427791,1.31632638,0.89572798,1.1485062,1.08898112,0.00999935
"10079",85,65,0.04688117,0.27173076,0.08558383,1.31632638,0.89572798,1.1485062,1.08898112,0.0266219
"10080",86,65,0.04891402,0.2746945,0.08624082,1.31632638,0.89572798,1.1485062,1.08898112,0.06910569
"10081",79,66,0.02335207,0.57265373,0.08575862,1.31246443,0.89310001,1.14513661,1.08578617,0.0194098
"10082",80,66,0.02339026,0.29781163,0.08572866,1.31246443,0.89310001,1.14513661,1.08578617,0.02110412
"10083",81,66,0.47010548,0.33528712,0.08544709,1.31246443,0.89310001,1.14513661,1.08578617,0.11612703
"10084",82,66,0.83254916,0.34235237,1.05172582,1.31246443,0.89310001,1.14513661,1.08578617,0.50521311
"10085",83,66,0.8877341,0.3413163,1.05380255,1.31246443,0.89310001,1.14513661,1.08578617,0.31864942
"10086",84,66,0.90071701,0.3413163,1.05097932,1.31246443,0.89310001,1.14513661,1.08578617,0.07189206
"10087",85,66,0.50349273,0,0,1.31246443,0.89310001,1.14513661,1.08578617,0.05333461
"10088",79,67,0.04815847,0.57421778,0.08619745,1.308591,0.89046424,1.14175701,1.08258173,0.03545835
"10089",80,67,0.04842356,0.3747084,0.08563603,1.308591,0.89046424,1.14175701,1.08258173,0.04694233
"10090",81,67,0.46722023,0.32153036,0.08435363,1.308591,0.89046424,1.14175701,1.08258173,0.06148223
"10091",82,67,0.88292585,0.33902475,1.0482334,1.308591,0.89046424,1.14175701,1.08258173,0.33046162
"10092",83,67,0.86799743,0,1.04876153,1.308591,0.89046424,1.14175701,1.08258173,0.18558472
"10093",84,67,0.90120582,0.34030899,1.04812415,1.308591,0.89046424,1.14175701,1.08258173,0.15349359
"10094",85,67,0.04773899,0.27013393,0.0849581,1.308591,0.89046424,1.14175701,1.08258173,0.13062411
"10095",79,68,0.53393923,0.45730239,0.98045152,1.3047061,0.88782066,1.13836741,1.0793678,0.03113654
"10096",80,68,0.04865856,0.57524629,0.08647273,1.3047061,0.88782066,1.13836741,1.0793678,0.05159209
"10097",81,68,0.48886651,0,0,1.3047061,0.88782066,1.13836741,1.0793678,0.03203333
"10098",82,68,0.88533,0.33929869,1.04507012,1.3047061,0.88782066,1.13836741,1.0793678,0.09054322
"10099",83,68,0.92972292,0.33929861,1.04522335,1.3047061,0.88782066,1.13836741,1.0793678,0.26132259
"10100",84,68,0.89675967,0.33929869,1.04614563,1.3047061,0.88782066,1.13836741,1.0793678,0.31328673
"10101",85,68,0.49796725,0,0,1.3047061,0.88782066,1.13836741,1.0793678,0.03941073
"10102",86,68,0.04773383,0.26933197,0.0838737,1.3047061,0.88782066,1.13836741,1.0793678,0.01481552
"10103",79,69,0.51071653,0.41632031,0.07056851,1.30080972,0.88516927,1.13496779,1.07614438,0.14409335
"10104",80,69,0.49747176,0,0,1.30080972,0.88516927,1.13496779,1.07614438,0.11001265
"10105",81,69,0.39550764,0,0,1.30080972,0.88516927,1.13496779,1.07614438,0.06411332
"10106",82,69,0.80642725,0.33828541,1.04190378,1.30080972,0.88516927,1.13496779,1.07614438,0.05105748
"10107",83,69,0.87116782,0.33828541,1.0418896,1.30080972,0.88516927,1.13496779,1.07614438,0.11057775
"10108",84,69,0.87459693,0.33828541,1.04126975,1.30080972,0.88516927,1.13496779,1.07614438,0.17672446
"10109",85,69,0.83734976,0.33828541,1.04207301,1.30080972,0.88516927,1.13496779,1.07614438,0.07025352
"10110",86,69,0.49866875,0,0,1.30080972,0.88516927,1.13496779,1.07614438,0.01808972
"10111",78,70,0.52458993,0.31305175,0,1.29690242,0.88251045,1.13155863,1.07291191,0.08274635
"10112",79,70,0.79227208,0,0.06135921,1.29690242,0.88251045,1.13155863,1.07291191,0.29190667
"10113",80,70,0.51767745,0,0,1.29690242,0.88251045,1.13155863,1.07291191,0.06428066
"10114",81,70,0.79809263,0,0,1.29690242,0.88251045,1.13155863,1.07291191,0.0481764
"10115",82,70,0.4686368,0,0,1.29690242,0.88251045,1.13155863,1.07291191,0.05825976
"10116",83,70,0.87306108,0.33726928,1.03873716,1.29690242,0.88251045,1.13155863,1.07291191,0.04583528
"10117",84,70,0.50759749,0,0.0651309,1.29690242,0.88251045,1.13155863,1.07291191,0.04886382
"10118",85,70,0.50550314,0.33726928,0.0651309,1.29690242,0.88251045,1.13155863,1.07291191,0.04276195
"10119",86,70,0.80040288,0,0,1.29690242,0.88251045,1.13155863,1.07291191,0.04532839
"10120",87,70,1.02853527,0,0.0651309,1.29690242,0.88251045,1.13155863,1.07291191,0.13880107
"10121",79,71,1.11109694,0,1.05428308,1.29315216,0.87986733,1.12813947,1.06966996,0.08528379
"10122",80,71,0.79197249,0,0,1.29298365,0.87984382,1.12813947,1.06966996,0.06519422
"10123",81,71,0.49751491,0,0,1.29298365,0.87984382,1.12813947,1.06966996,0.02684085
"10124",82,71,0.51230789,0,0.06117381,1.29298365,0.87984382,1.12813947,1.06966996,0.05213801
"10125",83,71,0.79923177,0,0.0649341,1.29298365,0.87984382,1.12813947,1.06966996,0.14418294
"10126",84,71,0.50602524,0,0.06493409,1.29298365,0.87984382,1.12813947,1.06966996,0.11488141
"10127",85,71,0.80102351,0,0.0649341,1.29298365,0.87984382,1.12813947,1.06966996,0.10945169
"10128",81,72,1.06386398,0.33522809,1.04605632,1.2890534,0.87716938,1.12471029,1.06641851,0.04637667
"10129",82,72,1.0667592,0,0.06473672,1.28946898,0.87704047,1.12471029,1.06641851,0.0733961
"10130",76,46,0,0,1.26604005,1.38568863,0.94419564,1.21060313,1.14785967,0.0450435
"10131",78,46,0.22508365,0,1.44333062,1.38568863,0.94419564,1.21060313,1.14785967,0.00756565
"10132",79,46,0.25685176,0,1.39654802,1.38568863,0.94419564,1.21060313,1.14785967,0.0454571
"10133",80,46,0.23680016,0,1.39238561,1.38571718,0.94452361,1.19766829,1.14646078,0.09269757
"10134",75,47,0,0,0.05875609,1.38205431,0.94171926,1.20742802,1.14484913,0.00957299
"10135",76,47,0.00942726,0,0.09611225,1.38205431,0.94171926,1.20742802,1.14484913,0.12843325
"10136",77,47,0.28888591,0,1.14149327,1.38205431,0.94171926,1.20742802,1.14484913,0.00786888
"10137",78,47,0.31233203,0,1.06981722,1.38205431,0.94171926,1.20742802,1.14484913,0.06511003
"10138",79,47,0.02597606,0,0.09818912,1.38205431,0.94171926,1.20742802,1.14484913,0.02295652
"10139",80,47,0.02334322,0,0.0970368,1.38205431,0.94171926,1.20742802,1.14484913,0.14839568
"10140",81,47,0.02330076,0,0.09017094,1.38205431,0.94171926,1.20742802,1.14484913,0.33285325
"10141",82,47,0.00962965,0,0.03733913,0.57227417,0.38994242,0.49996578,0.47405342,0.17918273
"10142",76,48,0.04269896,0.75601921,0.08758375,1.37980863,0.93977388,1.20424195,1.14182818,0.00693029
"10143",77,48,0.02421878,0,0.09752286,1.37840745,0.93923432,1.20424195,1.14182818,0.02605283
"10144",78,48,0.02431332,0,0.08846559,1.37840745,0.93923432,1.20424195,1.14182818,0.02827906
"10145",79,48,0.02339247,0,0.08972971,1.37840745,0.93923432,1.20424195,1.14182818,0.07239434
"10146",80,48,0.02308537,0,0.09004834,1.37840745,0.93923432,1.20424195,1.14182818,0.21510033
"10147",81,48,0.02312779,0,0.09011898,1.37840745,0.93923432,1.20424195,1.14182818,0.43309968
"10148",76,49,0.02490634,0,0.09151427,1.37474859,0.9367412,1.2010454,1.1387973,0.0267091
"10149",77,49,0.02325308,0,0.08960727,1.37474859,0.9367412,1.2010454,1.1387973,0.07551407
"10150",78,49,0.02520923,0,0.09397765,1.37474859,0.9367412,1.2010454,1.1387973,0
"10151",79,49,0.02306044,0,0.09170402,1.37474859,0.9367412,1.2010454,1.1387973,0
"10152",80,49,0.02257979,0,0.09273245,1.37474859,0.9367412,1.2010454,1.1387973,0.02639612
"10153",81,49,0.02191397,0,0.09569056,1.37474859,0.9367412,1.2010454,1.1387973,0.0417563
"10154",76,50,0.02309358,0,0.08906017,1.37107826,0.93424027,1.19783883,1.13575692,0.01081372
"10155",77,50,0.02310059,0,0.08919964,1.37107826,0.93424027,1.19783883,1.13575692,0.10671664
"10156",78,50,0.02309426,0,0.08887206,1.37107826,0.93424027,1.19783883,1.13575692,0
"10157",79,50,0.02312061,0,0.08914277,1.37107826,0.93424027,1.19783883,1.13575692,0.01286985
"10158",80,50,0.0230942,0,0.08916064,1.37107826,0.93424027,1.19783883,1.13575692,0.0375727
"10159",81,50,0.02240348,0,0.09445194,1.37107826,0.93424027,1.19783883,1.13575692,0.14151884
"10160",82,50,0.01594405,0,0.06439861,0.95374826,0.6498754,0.8332396,0.79005424,0.09271785
"10161",74,51,0.02351057,0.31171517,0.09468665,1.36739539,0.9317308,1.1946213,1.13270615,0.03592087
"10162",75,51,0.02367496,0,0.09696961,1.36739539,0.9317308,1.1946213,1.13270615,0.07246264
"10163",76,51,0.02232013,0,0.08967395,1.36739539,0.9317308,1.1946213,1.13270615,0.0945401
"10164",77,51,0.02303826,0,0.08895622,1.36739539,0.9317308,1.1946213,1.13270615,0.18519261
"10165",78,51,0.02304411,0,0.08896089,1.36739539,0.9317308,1.1946213,1.13270615,0.26157183
"10166",79,51,0.02304146,0,0.08900678,1.36739539,0.9317308,1.1946213,1.13270615,0.14314588
"10167",80,51,0.02302848,0,0.08896428,1.36739539,0.9317308,1.1946213,1.13270615,0.13612405
"10168",81,51,0.02298636,0,0.08943339,1.36739539,0.9317308,1.1946213,1.13270615,0.28034496
"10169",82,51,0.0229906,0,0.08941359,1.36739539,0.9317308,1.1946213,1.13270615,0.18247514
"10170",83,51,0.01682464,0,0.06473884,0.99757826,0.67974077,0.87153156,0.82636159,0.2323074
"10171",84,51,0.00824998,0,0.03210066,0.48129031,0.32794684,0.42047798,0.39868533,0.19147554
"10172",75,52,0.06947628,0.28875183,0.09420029,1.36508729,0.92974732,1.19139375,1.12964588,0.05639245
"10173",77,52,0.43040612,0,0.09142709,1.36370106,0.92921352,1.19139375,1.12964588,0.04093605
"10174",78,52,0.430616,0.03847159,0.09239134,1.36370106,0.92921352,1.19139375,1.12964588,0.0604606
"10175",79,52,0.03964642,0.0384127,0.08982533,1.36370106,0.92921352,1.19139375,1.12964588,0.0194069
"10176",80,52,0.0246625,0,0.09118774,1.36370106,0.92921352,1.19139375,1.12964588,0.03266457
"10177",81,52,0.02291211,0,0.08843711,1.36370106,0.92921352,1.19139375,1.12964588,0.04033584
"10178",82,52,0.02302176,0,0.08851384,1.36370106,0.92921352,1.19139375,1.12964588,0.17184377
"10179",83,52,0.02316828,0,0.0887271,1.36370106,0.92921352,1.19139375,1.12964588,0.25963873
"10180",84,52,0.0230378,0,0.0888766,1.36370106,0.92921352,1.19139375,1.12964588,0.19546141
"10181",85,52,0.02090075,0,0.08527782,1.23788487,0.8434835,1.08147478,1.02542381,0.15310147
"10182",86,52,0.01132963,0,0.04703237,0.69550307,0.47390948,0.60762439,0.57613227,0.19621121
"10183",80,53,0.43005994,0,0.09112069,1.35999527,0.92668843,1.1881562,1.12657613,0.00772107
"10184",81,53,0.02466095,0,0.08998845,1.35999527,0.92668843,1.1881562,1.12657613,0
"10185",82,53,0.02455458,0,0.09025015,1.35999527,0.92668843,1.1881562,1.12657613,0.09930685
"10186",83,53,0.02298503,0,0.08909673,1.35999527,0.92668843,1.1881562,1.12657613,0.0794405
"10187",84,53,0.02303143,0,0.08919899,1.35999527,0.92668843,1.1881562,1.12657613,0.22191362
"10188",85,53,0.02257115,0,0.09072699,1.35999527,0.92668843,1.1881562,1.12657613,0.14631507
"10189",86,53,0.02233566,0,0.09136741,1.35999527,0.92668843,1.1881562,1.12657613,0.3360981
"10190",87,53,0.02062804,0,0.07941748,1.2243068,0.83423153,1.06961233,1.01417618,0.51003011
"10191",88,53,0,0,0.05566242,1.06502011,0.72569503,0.93045195,0.88222824,0.17114145
"10192",89,53,0.02297766,0,0.08854309,1.35999527,0.92668843,1.1881562,1.12657613,0.06167983
"10193",82,54,0.07671861,0.26963371,0.08803326,1.35627748,0.92415516,1.18490816,1.12349643,0.06743796
"10194",83,54,0.02418562,0.08017292,0.08869354,1.35627748,0.92415516,1.18490816,1.12349643,0.0389259
"10195",84,54,0.02735896,0,0.10150044,1.35627748,0.92415516,1.18490816,1.12349643,0.06031516
"10196",85,54,0.02290053,0,0.09094658,1.35627748,0.92415516,1.18490816,1.12349643,0.04973128
"10197",86,54,0.02219538,0,0.09188165,1.35627748,0.92415516,1.18490816,1.12349643,0.11752932
"10198",87,54,0.0222191,0,0.09279794,1.35627748,0.92415516,1.18490816,1.12349643,0.19933512
"10199",88,54,0.02296246,0,0.08821653,1.35627748,0.92415516,1.18490816,1.12349643,0.32363634
"10200",89,54,0.02279277,0,0.08826773,1.35627748,0.92415516,1.18490816,1.12349643,0.34836732
"10201",90,54,0.02298669,0,0.08811847,1.35627748,0.92415516,1.18490816,1.12349643,0.2871359
"10202",91,54,0.0226285,0,0.08814408,1.35627748,0.92415516,1.18490816,1.12349643,0.17473657
"10203",84,55,0.30550263,0.03402716,1.04521587,1.35254769,0.92161371,1.18164964,1.12040679,0.00077115
"10204",85,55,0.02485403,0,0.09420317,1.35254769,0.92161371,1.18164964,1.12040679,0.06678789
"10205",86,55,0.02182607,0,0.09378706,1.35254769,0.92161371,1.18164964,1.12040679,0.04882009
"10206",87,55,0.02174611,0,0.09528123,1.35254769,0.92161371,1.18164964,1.12040679,0.05759049
"10207",88,55,0.02183582,0,0.09397787,1.35254769,0.92161371,1.18164964,1.12040679,0.05141018
"10208",89,55,0.02249474,0,0.08984874,1.35254769,0.92161371,1.18164964,1.12040679,0.20297664
"10209",90,55,0.02200687,0,0.09136326,1.35254769,0.92161371,1.18164964,1.12040679,0.27349481
"10210",91,55,0.02236405,0,0.09016349,1.35254769,0.92161371,1.18164964,1.12040679,0.17198119
"10211",84,56,0.3044833,0.03484416,1.0444068,1.34880643,0.91906445,1.1783811,1.11730766,0.02940236
"10212",85,56,0.02484306,0,0.08826049,1.34880643,0.91906445,1.1783811,1.11730766,0.01623685
"10213",86,56,0.02432247,0,0.09016813,1.34880643,0.91906445,1.1783811,1.11730766,0.01055061
"10214",87,56,0.02352972,0,0.09445024,1.34880643,0.91906445,1.1783811,1.11730766,0.05945664
"10215",88,56,0.02288534,0,0.09030686,1.34880643,0.91906445,1.1783811,1.11730766,0.32481827
"10216",89,56,0.02201909,0,0.09228523,1.34880643,0.91906445,1.1783811,1.11730766,0.04000957
"10217",90,56,0.02138829,0,0.09348997,1.34880643,0.91906445,1.1783811,1.11730766,0.1391333
"10218",91,56,0.02164695,0,0.09303206,1.34880643,0.91906445,1.1783811,1.11730766,0.20694189
"10219",92,56,0.02256452,0,0.08749845,1.34880643,0.91906445,1.1783811,1.11730766,0.24323605
"10220",83,57,0.30378495,0.03383861,1.037972,1.34505318,0.91650702,1.17510208,1.11419858,0.01259048
"10221",84,57,0.30452618,0.03383861,1.04246834,1.34505318,0.91650702,1.17510208,1.11419858,0.01536464
"10222",85,57,0.30171086,0,1.03548216,1.34505318,0.91650702,1.17510208,1.11419858,0.01622162
"10223",86,57,0.02512833,0,0.08638537,1.34505318,0.91650702,1.17510208,1.11419858,0
"10224",87,57,0.02425479,0,0.08991722,1.34505318,0.91650702,1.17510208,1.11419858,0.02556258
"10225",88,57,0.07617407,0,0.09447247,1.34505318,0.91650702,1.17510208,1.11419858,0.29845735
"10226",89,57,0.13159868,0,0.09011184,1.34505318,0.91650702,1.17510208,1.11419858,0.08091493
"10227",90,57,0.02150571,0,0.09248932,1.34505318,0.91650702,1.17510208,1.11419858,0.04251693
"10228",91,57,0.12632358,0,0.09146814,1.34505318,0.91650702,1.17510208,1.11419858,0.1257417
"10229",83,58,0.02783273,0.43311304,0.09237264,1.34128846,0.91394178,1.17181305,1.11108001,0.03685764
"10230",84,58,0.02812289,0.41679522,0.09368061,1.34128846,0.91394178,1.17181305,1.11108001,0.03430022
"10231",85,58,0.02674467,0.46757174,0.08961533,1.34128846,0.91394178,1.17181305,1.11108001,0.01657448
"10232",86,58,0,0.27442681,0.06266184,1.34128846,0.91394178,1.17181305,1.11108001,0.01494875
"10233",87,58,0.02487946,0.55636878,0.08293215,1.34128846,0.91394178,1.17181305,1.11108001,0.02240425
"10234",82,59,0,0.26992402,0.05691278,1.33751229,0.91136873,1.16851401,1.10795195,0.01752996
"10235",83,59,0.02576128,0.42198919,0.08440939,1.33751229,0.91136873,1.16851401,1.10795195,0.04967976
"10236",84,59,0.02546924,0.42407573,0.08446065,1.33751229,0.91136873,1.16851401,1.10795195,0.0386471
"10237",85,59,0.01967433,0.24675315,0.08673598,1.33751229,0.91136873,1.16851401,1.10795195,0.04234006
"10238",86,59,0.01947974,0.28239575,0.08533693,1.33751229,0.91136873,1.16851401,1.10795195,0.01277246
"10239",87,59,0.04838113,0.57451755,0.08330541,1.3398916,0.91157571,1.16851401,1.10795195,0.00845063
"10240",82,60,0.01834959,0.26336231,0.08741723,1.33372412,0.9087875,1.16520448,1.10481395,0.01935119
"10241",83,60,0,0.38321317,0,1.33372412,0.9087875,1.16520448,1.10481395,0.04219428
"10242",84,60,0,0.38118505,0,1.33372412,0.9087875,1.16520448,1.10481395,0.01328142
"10243",85,60,0,0.23771249,0.05710781,1.33372412,0.9087875,1.16520448,1.10481395,0.00707812
"10244",86,60,0.04887212,0.38280829,0.08421454,1.33372412,0.9087875,1.16520448,1.10481395,0.00147296
"10245",99,50,0,0,0,0.78079713,0.53154384,0.6814112,0.64609484,0.34944497
"10246",100,50,0.01636234,0,0.02629899,0.88597469,0.60314564,0.77320094,0.73312728,0.23218198
"10247",101,50,0.01132158,0,0.01819705,0.61303215,0.41733434,0.53500065,0.50727249,0.04668754
"10248",96,51,0,0,0.04615401,1.01311749,0.68970073,0.88416001,0.83833554,0.40427111
"10249",97,51,0,0,0.0567676,1.24777119,0.84944611,1.08894517,1.03250703,0.27019497
"10250",98,51,0,0,0.0620823,1.36188887,0.92713408,1.18853706,1.12693725,0.09660657
"10251",99,51,0,0,0.06258953,1.36886051,0.93188017,1.1946213,1.13270615,0.03433356
"10252",100,51,0.0231193,0,0.08645843,1.36886051,0.93188017,1.1946213,1.13270615,0.13532283
"10253",101,51,0.02311738,0,0.08644598,1.36886051,0.93188017,1.1946213,1.13270615,0.05196999
"10254",102,51,0,0,0.06165276,1.36886051,0.93188017,1.1946213,1.13270615,0.02332663
"10255",103,51,0,0,0.0551483,1.22320114,0.83271954,1.06750259,1.01217578,0.26202082
"10256",91,52,0,0,0,0.92353982,0.62871888,0.80598449,0.76421171,0
"10257",92,52,0,0,0.05825349,1.28075538,0.87190078,1.11773087,1.05980082,0.04308249
"10258",93,52,0.01766204,0,0.0600432,0.9371439,0.63798014,0.81785694,0.77546883,0.26631959
"10259",94,52,0,0,0.03736749,0.81878174,0.55740264,0.71456083,0.67752638,0.11701758
"10260",95,52,0,0,0.05337465,1.17335754,0.79878747,1.02400347,0.97093114,0.32087684
"10261",96,52,0,0,0.06194249,1.36514747,0.92935244,1.19138088,1.12963368,0.38021732
"10262",97,52,0,0,0.06179348,1.36516222,0.92936248,1.19139375,1.12964588,0.18828918
"10263",98,52,0,0,0.06216749,1.36516222,0.92936248,1.19139375,1.12964588,0.06662665
"10264",99,52,0,0,0.06204299,1.36516222,0.92936248,1.19139375,1.12964588,0.10725387
"10265",100,52,0,0,0.06226035,1.36516222,0.92936248,1.19139375,1.12964588,0.1347106
"10266",101,52,0.02306047,0,0.08624811,1.36516222,0.92936248,1.19139375,1.12964588,0.10720604
"10267",102,52,0.02305977,0,0.08624367,1.36516222,0.92936248,1.19139375,1.12964588,0.11417574
"10268",103,52,0.02306552,0,0.08627964,1.36516222,0.92936248,1.19139375,1.12964588,0.11393419
"10269",104,52,0.01639656,0,0.06132138,0.97073546,0.66084829,0.8471727,0.80326521,0.27947592
"10270",90,53,0.02288919,0,0.08847079,1.35999527,0.92668843,1.1881562,1.12657613,0.0009162
"10271",91,53,0,0,0.06199205,1.36145246,0.92683699,1.1881562,1.12657613,0.02628849
"10272",92,53,0,0,0.06322853,1.36145246,0.92683699,1.1881562,1.12657613,0.06312141
"10273",93,53,0,0,0.0621698,1.36145246,0.92683699,1.1881562,1.12657613,0.18750468
"10274",94,53,0,0,0.05380048,1.18587634,0.8073099,1.03492877,0.98129021,0.17677207
"10275",95,53,0,0,0.06163048,1.36145246,0.92683699,1.1881562,1.12657613,0.21525905
"10276",96,53,0,0,0.06145902,1.36145246,0.92683699,1.1881562,1.12657613,0.23168494
"10277",97,53,0,0,0.06078927,1.36145246,0.92683699,1.1881562,1.12657613,0.06470467
"10278",98,53,0,0,0.06083139,1.36145246,0.92683699,1.1881562,1.12657613,0.0363334
"10279",99,53,0,0,0.06193658,1.36145246,0.92683699,1.1881562,1.12657613,0.02771282
"10280",100,53,0,0,0.06220198,1.36145246,0.92683699,1.1881562,1.12657613,0.03284011
"10281",101,53,0,0,0.06213566,1.36145246,0.92683699,1.1881562,1.12657613,0.03738567
"10282",102,53,0,0,0.06190549,1.36145246,0.92683699,1.1881562,1.12657613,0.12755682
"10283",103,53,0.0229972,0,0.08600987,1.36145246,0.92683699,1.1881562,1.12657613,0.05310517
"10284",104,53,0,0,0.06170894,1.36145246,0.92683699,1.1881562,1.12657613,0.13312242
"10285",105,53,0,0,0.05746146,1.27615805,0.86877105,1.11371873,1.05599662,0.34277457
"10286",106,53,0,0,0.04155522,0.91269347,0.621335,0.79651875,0.75523656,0.42298704
"10287",92,54,0,0,0.0623084,1.35773068,0.92430331,1.18490816,1.12349643,0.06355007
"10288",93,54,0,0,0.06231446,1.35773068,0.92430331,1.18490816,1.12349643,0.04122272
"10289",94,54,0,0,0.06241741,1.35773068,0.92430331,1.18490816,1.12349643,0.13176862
"10290",95,54,0,0,0.06146231,1.35773068,0.92430331,1.18490816,1.12349643,0.09555997
"10291",96,54,0,0,0.06123911,1.35773068,0.92430331,1.18490816,1.12349643,0.0488397
"10292",97,54,0,0,0.06078252,1.35773068,0.92430331,1.18490816,1.12349643,0.04995045
"10293",98,54,0,0,0.06145556,1.35773068,0.92430331,1.18490816,1.12349643,0.12339867
"10294",99,54,0,0,0.06206099,1.35773068,0.92430331,1.18490816,1.12349643,0.0197807
"10295",100,54,0,0,0.06386187,1.35773068,0.92430331,1.18490816,1.12349643,0.01572758
"10296",101,54,0,0,0.06451864,1.35773068,0.92430331,1.18490816,1.12349643,0.00521732
"10297",102,54,0.02829177,0,0.08069276,1.35773068,0.92430331,1.18490816,1.12349643,0.01996179
"10298",103,54,0.02829177,0.03582203,0.08069276,1.35773068,0.92430331,1.18490816,1.12349643,0.006931
"10299",104,54,0.02829177,0.03582203,0.08069276,1.35773068,0.92430331,1.18490816,1.12349643,0.00912464
"10300",105,54,0.02829176,0.03582203,0.08069276,1.35773068,0.92430331,1.18490816,1.12349643,0.0563762
"10301",106,54,0,0.08020559,0.06450241,1.35773068,0.92430331,1.18490816,1.12349643,0.2145741
"10302",107,54,0,0,0.05869689,1.28588306,0.87539155,1.12220586,1.06404388,0.34010091
"10303",108,54,0,0,0.03955356,0.86551093,0.58921451,0.75534197,0.71619391,0.12381731
"10304",92,55,0.0225182,0,0.08812158,1.35399689,0.92176146,1.18164964,1.12040679,0.29506262
"10305",93,55,0,0,0.0620919,1.35399689,0.92176146,1.18164964,1.12040679,0.29821964
"10306",94,55,0,0,0.06115456,1.35399689,0.92176146,1.18164964,1.12040679,0.16616395
"10307",95,55,0,0,0.06103446,1.35399689,0.92176146,1.18164964,1.12040679,0.02174356
"10308",96,55,0,0.07998502,0.06267087,1.35399689,0.92176146,1.18164964,1.12040679,0.04788365
"10309",97,55,0,0.07998502,0.06211876,1.35399689,0.92176146,1.18164964,1.12040679,0.00859119
"10310",98,55,0,0.07998503,0.06189249,1.35399689,0.92176146,1.18164964,1.12040679,0.05149793
"10311",99,55,0,0,0.06148166,1.35399689,0.92176146,1.18164964,1.12040679,0.04874739
"10312",100,55,0,0,0.06441829,1.35399689,0.92176146,1.18164964,1.12040679,0.00668886
"10313",101,55,0.02821397,0.03572352,0.08047086,1.35399689,0.92176146,1.18164964,1.12040679,0.00155746
"10314",102,55,0,0.03572351,0.06369487,1.35399689,0.92176146,1.18164964,1.12040679,0.01174642
"10315",103,55,0.02821397,0.03572352,0.08047086,1.35399689,0.92176146,1.18164964,1.12040679,0.0129737
"10316",104,55,0,0.03572352,0.06353052,1.35399689,0.92176146,1.18164964,1.12040679,0.00179695
"10317",105,55,0,0.07998503,0.06354032,1.35399689,0.92176146,1.18164964,1.12040679,0.00344495
"10318",106,55,0,0.07998502,0.06351288,1.35399689,0.92176146,1.18164964,1.12040679,0.00504618
"10319",107,55,0,0.07998502,0.06358301,1.35399689,0.92176146,1.18164964,1.12040679,0.01957152
"10320",108,55,0.02821397,0.03572352,0.08047086,1.35399689,0.92176146,1.18164964,1.12040679,0.00950045
"10321",93,56,0,0,0.06157388,1.35025163,0.91921179,1.1783811,1.11730766,0.19330606
"10322",94,56,0,0,0.06087287,1.35025163,0.91921179,1.1783811,1.11730766,0.16639311
"10323",95,56,0,0.07976377,0.06327055,1.35025163,0.91921179,1.1783811,1.11730766,0.01842392
"10324",96,56,0.083229,0.03561958,0.06319118,1.35025163,0.91921179,1.1783811,1.11730766,0.0322934
"10325",97,56,0.08434457,0.03560038,0.06339553,1.35025163,0.91921179,1.1783811,1.11730766,0.01309538
"10326",98,56,0,0.03560826,0.06337866,1.35025163,0.91921179,1.1783811,1.11730766,0.00609265
"10327",99,56,0,0.07976377,0.0636188,1.35025163,0.91921179,1.1783811,1.11730766,0.05236734
"10328",100,56,0,0,0.06428966,1.35025163,0.91921179,1.1783811,1.11730766,0.04003357
"10329",101,56,0.02813592,0.0356247,0.08024827,1.35025163,0.91921179,1.1783811,1.11730766,0.05649711
"10330",102,56,0.02579079,0.37426443,0.0860313,1.35025163,0.91921179,1.1783811,1.11730766,0
"10331",103,56,0.0090946,0,0.08614813,1.35025163,0.91921179,1.1783811,1.11730766,0.00371007
"10332",104,56,0.0090946,0,0.08614813,1.35025163,0.91921179,1.1783811,1.11730766,0
"10333",105,56,0.00912823,0,0.08609129,1.35025163,0.91921179,1.1783811,1.11730766,0.00530025
"10334",106,56,0.027778,0.6344431,0.08336665,1.35025163,0.91921179,1.1783811,1.11730766,0.00161831
"10335",107,56,0.00921676,0.20533543,0.08604253,1.35025163,0.91921179,1.1783811,1.11730766,0.00774165
"10336",108,56,0,0,0.05669812,1.35025163,0.91921179,1.1783811,1.11730766,0
"10337",109,56,0.7405282,0.3740425,0.08584674,1.35025163,0.91921179,1.1783811,1.11730766,0.00933869
"10338",92,57,0.13032638,0,0.08804084,1.34649435,0.91665395,1.17510208,1.11419858,0.1224873
"10339",93,57,0.13642345,0,0.08804251,1.34649435,0.91665395,1.17510208,1.11419858,0.04483462
"10340",94,57,0.08479609,0.07953057,0.06139551,1.34649435,0.91665395,1.17510208,1.11419858,0.04485861
"10341",98,57,0,0.03552556,0.06317972,1.34649435,0.91665395,1.17510208,1.11419858,0.00721035
"10342",99,57,0,0.07954183,0.06340613,1.34649435,0.91665395,1.17510208,1.11419858,0.04330492
"10343",100,57,0,0.03552556,0.06328917,1.34649435,0.91665395,1.17510208,1.11419858,0
"10344",101,57,0.0277141,0.63213144,0.08315415,1.34649435,0.91665395,1.17510208,1.11419858,0
"10345",102,57,0.00909256,0,0.08586946,1.34649435,0.91665395,1.17510208,1.11419858,0
"10346",103,57,0,0,0.05679503,1.34649435,0.91665395,1.17510208,1.11419858,0.01149876
"10347",104,57,0,0,0.05679499,1.34649435,0.91665395,1.17510208,1.11419858,0
"10348",105,57,0,0,0.05662515,1.34649435,0.91665395,1.17510208,1.11419858,0.00687987
"10349",97,58,0.08307751,0.03542171,0.06306932,1.34272561,0.9140883,1.17181305,1.11108001,0
"10350",98,58,0,0.03542614,0.06274147,1.34272561,0.9140883,1.17181305,1.11108001,0.0067335
"10351",99,58,0,0.03542614,0.06315047,1.34272561,0.9140883,1.17181305,1.11108001,0.01706951
"10352",100,58,0,0.03542614,0.0631002,1.34272561,0.9140883,1.17181305,1.11108001,0.02853612
"10353",101,58,0,0.03542614,0.06318165,1.34272561,0.9140883,1.17181305,1.11108001,0.01223908
"10354",102,58,0.00908241,0,0.08560262,1.34272561,0.9140883,1.17181305,1.11108001,0.00604194
"10355",103,58,0,0,0.05663606,1.34272561,0.9140883,1.17181305,1.11108001,0.02389065
"10356",104,58,0,0,0.05663597,1.34272561,0.9140883,1.17181305,1.11108001,0.00986526
"10357",98,59,0.02530015,0.37103573,0.08533866,1.33894539,0.91151483,1.16851401,1.10795195,0.01088777
"10358",99,59,0.02780143,0.62858746,0.08445601,1.33894539,0.91151483,1.16851401,1.10795195,0.00766994
"10359",100,59,0.02725755,0.62853434,0.08263504,1.33894539,0.91151483,1.16851401,1.10795195,0.08759967
"10360",101,59,0.0091056,0,0.08527205,1.33894539,0.91151483,1.16851401,1.10795195,0.03311619
"10361",102,59,0.00914011,0,0.08520337,1.33894539,0.91151483,1.16851401,1.10795195,0.02601812
"10362",103,59,0.00909415,0,0.08529384,1.33894539,0.91151483,1.16851401,1.10795195,0.02020792
"10363",104,59,0,0,0.05647657,1.33894539,0.91151483,1.16851401,1.10795195,0.01560265
"10364",99,60,0.00917821,0,0.08631389,1.33515316,0.90893319,1.16520448,1.10481395,0.00881411
"10365",100,60,0.00912404,0.20943414,0.08513606,1.33515316,0.90893319,1.16520448,1.10481395,0.00700805
"10366",101,60,0,0,0.05514988,1.33515316,0.90893319,1.16520448,1.10481395,0.00346337
"10367",102,60,0,0,0,1.33515316,0.90893319,1.16520448,1.10481395,0.00159843
"10368",103,60,0,0,0.05463315,1.33515316,0.90893319,1.16520448,1.10481395,0.02757825
"10369",104,60,0,0,0.05595027,1.33515316,0.90893319,1.16520448,1.10481395,0.00244554
"10370",105,60,0,0,0,1.33515316,0.90893319,1.16520448,1.10481395,0.00427048
"10371",102,61,0,0,0,1.33134945,0.90634374,1.16188494,1.10166646,0.00573254
"10372",103,61,0,0,0.05422246,1.33134945,0.90634374,1.16188494,1.10166646,0.05870973
"10373",104,61,0,0,0.05435371,1.33134945,0.90634374,1.16188494,1.10166646,0.01460354
"10374",103,62,0,0,0,1.32753428,0.90374648,1.15855539,1.09850947,0
"10375",118,40,0,0,0.01947736,0.65512449,0.44627041,0.5724775,0.54280699,0.02459437
"10376",119,40,0,0,0,0.7004021,0.47711349,0.61204313,0.580322,0.02059446
"10377",117,41,0.02484423,0,0,1.32069233,0.89965482,1.15408088,1.09426687,0.02531408
"10378",118,41,0.02639942,0,0,1.40336471,0.95597119,1.22632375,1.16276552,0.01537771
"10379",119,41,0,0,0.03873702,1.30292637,0.88755265,1.13855617,1.07954678,0.10229372
"10380",116,42,0.01400731,0,0,0.74461328,0.50723011,0.65067686,0.61695341,0.02358563
"10381",117,42,0.02512919,0,0.04798196,1.33584051,0.90997375,1.16731804,1.10681797,0.02563892
"10382",118,42,0.02691096,0,0.04469804,1.39979068,0.95353657,1.2232006,1.15980424,0.01393059
"10383",119,42,0.02694075,0,0.04469804,1.39979068,0.95353657,1.2232006,1.15980424,0.01825318
"10384",120,42,0,0,0.01850444,0.62240018,0.42397862,0.54388151,0.51569308,0.04449958
"10385",116,43,0.01869378,0,0,0.99374103,0.67693579,0.868376,0.82336958,0.25300006
"10386",117,43,0.02698209,0,0.04458353,1.39620465,0.95109376,1.22006696,1.15683301,0.05158636
"10387",118,43,0,0.31217025,0,1.39620465,0.95109376,1.22006696,1.15683301,0.01366603
"10388",119,43,0,0.36122192,0,1.39620465,0.95109376,1.22006696,1.15683301,0.01328728
"10389",120,43,0.0520237,0,0.02198075,0.73932642,0.50362871,0.64605696,0.61257295,0.11049054
"10390",116,44,0.02060507,0,0.07914632,1.22360764,0.83352078,1.06924387,1.01382681,0.04483722
"10391",117,44,0.02677286,0,0.04446864,1.39260662,0.94864279,1.21692284,1.15385184,0.01478978
"10392",118,44,0.02863688,0.36273499,0.07840945,1.39260662,0.94864279,1.21692284,1.15385184,0.02139172
"10393",119,44,0.02677286,0,0.04446873,1.39260662,0.94864279,1.21692284,1.15385184,0.00656303
"10394",120,44,0.09845295,0,0.0407151,1.35647574,0.92403045,1.18535004,1.1239154,0.05345831
"10395",115,45,0,0,0.0306762,0.61362929,0.4180039,0.53621711,0.50842591,0.01489147
"10396",116,45,0,0,0.04398037,1.37731553,0.9382265,1.20356079,1.14118232,0.02264018
"10397",117,45,0.02856265,0.39022395,0.07820619,1.38899659,0.94618363,1.21376823,1.15086073,0.00407745
"10398",118,45,0,0.37328809,0.06256494,1.38899659,0.94618363,1.21376823,1.15086073,0.01858838
"10399",119,45,0,0,0.04434067,1.38899659,0.94618363,1.21376823,1.15086073,0.02679014
"10400",120,45,0,0,0.04961516,1.38899659,0.94618363,1.21376823,1.15086073,0.01335044
"10401",121,45,0.0371374,0,0.01554019,0.51635422,0.35174018,0.45121374,0.42782812,0.03187072
"10402",115,46,0,0,0.02412554,0.48259348,0.32874239,0.42171208,0.39985547,0.00466095
"10403",116,46,0.02663028,0,0,1.38519018,0.94359071,1.21044202,1.14770691,0
"10404",117,46,0.02848817,0.34486003,0.07800226,1.38537455,0.94371631,1.21060313,1.14785967,0.00010521
"10405",118,46,0,0.40710905,0,1.38537455,0.94371631,1.21060313,1.14785967,0.02310567
"10406",119,46,0,0,0.04418775,1.38537455,0.94371631,1.21060313,1.14785967,0.01049234
"10407",120,46,0,0,0.04407225,1.38537455,0.94371631,1.21060313,1.14785967,0.03061626
"10408",116,47,0.01122399,0,0.02143122,0.59665537,0.40644128,0.52138453,0.49436208,0.06352262
"10409",117,47,0.01868713,0,0.07274292,1.1108882,0.75673637,0.9707445,0.9204325,0.0441241
"10410",118,47,0.02282736,0,0.08849803,1.35415687,0.92245084,1.18332371,1.12199409,0.01721497
"10411",119,47,0.02670258,0,0.04406944,1.38174106,0.94124117,1.20742802,1.14484913,0.01072392
"10412",120,47,0.02464218,0,0.04683714,1.30995169,0.8923383,1.14469522,1.08536765,0.17105544
"10413",119,48,0.00875504,0,0.01671712,0.46540846,0.31703596,0.40669503,0.38561673,0.01279038
"10414",120,48,0.01961632,0,0.07670615,1.17113124,0.79777389,1.02338761,0.9703472,0.07670784
"10415",120,49,0.02162256,0,0.04128672,1.14943176,0.78299222,1.00442562,0.95236798,0.0360266
"10416",217,34,0.02332749,0.01604004,0.05109119,0.83494811,0.57546442,0.73209702,0.69849615,0
"10417",211,35,0.14813771,0,0.0290717,0.53490545,0.36866848,0.46901439,0.44748816,0.00424196
"10418",207,36,0.33404475,0,0.03218415,0.68825228,0.47435846,0.60347156,0.57577418,0.01715095
"10419",208,36,0.45622106,0,0,0.92852879,0.63996226,0.81415018,0.77678334,0.01196196
"10420",211,36,0.02571229,0,0.05618609,0.78381957,0.54022551,0.68726662,0.65572332,0.00565527
"10421",212,36,0.02141356,0,0.04629851,0.64588371,0.44515712,0.56632206,0.54032972,0.03006734
"10422",220,36,0.29315422,0,0.55531259,0.67880493,0.46784714,0.59518796,0.56787077,0
"10423",221,36,0.00748255,0,0,0.02819,0.01942916,0.02471748,0.02358303,0
"10424",208,37,0.55743308,0.08449696,0,1.40096392,0.96557484,1.22838951,1.17201044,0.06732556
"10425",209,37,0.41236924,0,0,1.38647914,0.95559162,1.21568901,1.15989285,0.10469275
"10426",210,37,0.18133622,0,0,0.65237296,0.44962965,0.57201195,0.54575847,0.11728577
"10427",211,37,0.38400014,0,0.0379537,0.80052224,0.55173736,0.70191181,0.66969635,0.10020771
"10428",212,37,0.3630721,0,0.05924672,1.24963606,0.86127638,1.09570261,1.04541344,0.10140295
"10429",213,37,0.34370178,0,0.60872288,0.75068054,0.51738538,0.65820975,0.62800007,0.01953304
"10430",215,37,0.25828362,0,0.45660535,0.56271969,0.38783867,0.49340241,0.47075685,0.00721285
"10431",216,37,0.37525279,0,0.66906895,0.82455949,0.56830435,0.72298809,0.68980529,0.02439544
"10432",217,37,0.39180469,0,0,1.18331434,0.81556601,1.03755058,0.98993039,0.02849149
"10433",218,37,0.05667398,0,0.09890354,1.3155901,0.90673334,1.15353226,1.10058889,0.06698401
"10434",219,37,0.45737697,0,0,1.3667704,0.94200792,1.19840804,1.14340502,0.14525847
"10435",220,37,0.47573825,0,0,1.40096392,0.96557484,1.22838951,1.17201044,0.06512206
"10436",221,37,0.44256679,0,0.79167521,0.96971186,0.66834653,0.85026021,0.81123604,0.03198931
"10437",222,37,0.00985407,0,0.0028522,0.0357068,0.0246099,0.03130834,0.02987139,0.00049465
"10438",208,38,0.43642645,0,0,1.39747966,0.96317341,1.22533445,1.1690956,0.13589714
"10439",209,38,0.43437351,0,0,1.39747966,0.96317341,1.22533445,1.1690956,0.11309426
"10440",210,38,0.50014531,0,0,1.39747966,0.96317341,1.22533445,1.1690956,0.01924361
"10441",211,38,0.51481988,0,0.10283419,1.39747966,0.96317341,1.22533445,1.1690956,0.05149212
"10442",212,38,0.05481049,0,0.10548786,1.39747966,0.96317341,1.22533445,1.1690956,0.04969774
"10443",213,38,0.63734495,0,1.13320747,1.39747966,0.96317341,1.22533445,1.1690956,0.14550919
"10444",214,38,0.64244927,0,1.13209034,1.39518629,0.96159277,1.22332359,1.16717702,0.05595754
"10445",215,38,0.64162147,0,1.13321376,1.39747966,0.96317341,1.22533445,1.1690956,0.10936255
"10446",216,38,0.63263909,0,1.13302875,1.39747966,0.96317341,1.22533445,1.1690956,0.14935955
"10447",217,38,0.6399435,0,1.13726628,1.39747966,0.96317341,1.22533445,1.1690956,0.05603888
"10448",218,38,0.05794393,0,0.1048963,1.39747966,0.96317341,1.22533445,1.1690956,0.03754224
"10449",219,38,0.50330063,0.08066347,0.07076893,1.39747966,0.96317341,1.22533445,1.1690956,0
"10450",220,38,0,0,0,1.39747966,0.96317341,1.22533445,1.1690956,0
"10451",221,38,0.41453441,0,0,1.32215968,0.91126124,1.15929259,1.10608484,0.04450903
"10452",222,38,0.01289422,0,0.00373215,0.04672295,0.03220247,0.04096749,0.03908722,0
"10453",206,39,0.18424329,0,1.27406023,1.39398354,0.96076381,1.22226899,1.16617083,0.01770232
"10454",207,39,0.59754511,0,0.10230822,1.39398354,0.96076381,1.22226899,1.16617083,0.05442977
"10455",208,39,0.60105064,0.08058939,0.10490995,1.39398354,0.96076381,1.22226899,1.16617083,0.03899783
"10456",209,39,0.50200855,0.08058939,0,1.39398354,0.96076381,1.22226899,1.16617083,0.01119947
"10457",210,39,0.5157733,0.08045334,0.10217128,1.39398354,0.96076381,1.22226899,1.16617083,0.01811298
"10458",211,39,0.51701249,0.08058939,0.10217114,1.39398354,0.96076381,1.22226899,1.16617083,0.00537575
"10459",212,39,0.50307528,0.08089566,0,1.39398354,0.96076381,1.22226899,1.16617083,0.00967445
"10460",213,39,0.50136798,0.08070416,0,1.39398354,0.96076381,1.22226899,1.16617083,0.00318805
"10461",214,39,0.49722807,0.08045753,0.07235649,1.39398354,0.96076381,1.22226899,1.16617083,0
"10462",215,39,0.48910954,0.07245521,0,1.37466195,0.96054548,1.22235234,1.15646868,0.00458528
"10463",216,39,0.48418489,0.04911637,0,1.39398354,0.96076381,1.22226899,1.16617083,0.01659035
"10464",217,39,0.47924117,0.06314825,0.06923455,1.39398354,0.96076381,1.22226899,1.16617083,0.00368484
"10465",218,39,0.48514823,0.07148329,0.07096291,1.39398354,0.96076381,1.22226899,1.16617083,0.00319591
"10466",219,39,0.4843823,0.07530689,0.07006105,1.39398354,0.96076381,1.22226899,1.16617083,0
"10467",220,39,0.0281356,0,0,1.39398354,0.96076381,1.22226899,1.16617083,0.01150921
"10468",221,39,0.649389,0,0,1.34349006,0.92596261,1.17799544,1.12392929,0.02363877
"10469",222,39,0.2351679,0,0,0.50151305,0.34565371,0.43973535,0.41955294,0.01729279
"10470",223,39,0.00601176,0,0,0.02187057,0.01507367,0.0191765,0.01829636,0
"10471",207,40,0.5662682,0.68400993,0.10269539,1.39047556,0.95834603,1.21919313,1.16323614,0.02432546
"10472",208,40,0.50093281,0.68447046,0.0721744,1.39047556,0.95834603,1.21919313,1.16323614,0.01186915
"10473",209,40,0.17621041,0,0,1.39047556,0.95834603,1.21919313,1.16323614,0
"10474",210,40,0.50114908,0.08038658,0,1.39047556,0.95834603,1.21919313,1.16323614,0.0159058
"10475",211,40,0.27472205,0.0212286,1.22174308,1.39047556,0.95834603,1.21919313,1.16323614,0.00386486
"10476",221,40,0.70193165,0,0,1.39047556,0.95834603,1.21919313,1.16323614,0.03847213
"10477",222,40,0.44706378,0,0,1.39047556,0.95834603,1.21919313,1.16323614,0.08294891
"10478",223,40,0.31234246,0,0,0.98273026,0.67731909,0.86167497,0.8221269,0.0715222
"10479",221,41,0.45446193,0,0,1.38695572,0.95592008,1.21610688,1.16029154,0.05293619
"10480",222,41,0.44661762,0,0,1.37903728,0.95046253,1.20916386,1.15366718,0.04632225
"10481",223,41,0.17648959,0,0,0.58055449,0.4001308,0.50904027,0.48567698,0.05129328
"10482",222,42,0.11281624,0,0,0.33702176,0.23228274,0.29550654,0.28194375,0.01020941
"10483",205,31,0.1646451,0,0.03463383,0.59211447,0.40775822,0.51847347,0.49467723,0.00957596
"10484",198,32,0.18199628,0,0.11520002,1.42012428,0.97796522,1.2435041,1.18643131,0.01601383
"10485",199,32,0.18134398,0,0,0.65606279,0.45179609,0.57446857,0.54810234,0.0709881
"10486",204,32,0.29207791,0,0,0.94101012,0.64802439,0.82397714,0.78615928,0.05315944
"10487",207,32,0.03121847,0,0.07309598,1.254556,0.86394702,1.09852747,1.04810864,0.0292512
"10488",197,33,0.4964878,0.08132811,0.07164496,1.4166963,0.97560455,1.24050245,1.18356743,0.01248097
"10489",198,33,0.68359893,0,0,1.4166963,0.97560455,1.24050245,1.18356743,0.08812322
"10490",199,33,0.24304981,0,0,0.88433614,0.60899599,0.77435167,0.73881146,0.10898569
"10491",203,33,0.27471857,0,0,0.83176602,0.5727937,0.72831967,0.69489217,0.05253736
"10492",204,33,0.22607298,0,0,0.69631755,0.47951743,0.60971687,0.58173285,0.07137378
"10493",205,33,0.26601869,0,0,0.90015128,0.61988705,0.78819989,0.75202409,0.0368559
"10494",206,33,0.34069448,0,0,0.71093371,0.48958281,0.62251522,0.5939438,0.02618133
"10495",196,34,0.48948684,0,0,1.41289345,0.97279361,1.23749041,1.18069363,0.00778381
"10496",197,34,0.62161526,0.07168918,0.07494941,1.41325644,0.9732357,1.23749041,1.18069363,0.05283774
"10497",198,34,0.69341519,0,0,1.41325644,0.9732357,1.23749041,1.18069363,0.03240091
"10498",199,34,0.56128256,0,0.0553248,1.16849639,0.80468227,1.02317105,0.97621083,0.10902843
"10499",201,34,0.30082725,0,0,0.91081527,0.62723078,0.79753761,0.76093324,0.05163902
"10500",202,34,0.46407153,0,0,1.40822081,0.96976793,1.23308106,1.17648666,0.06960175
"10501",203,34,0.46703372,0,0,1.41325644,0.9732357,1.23749041,1.18069363,0.05307701
"10502",204,34,0.67116335,0.06061955,0.06237072,1.41325644,0.9732357,1.23749041,1.18069363,0.01275885
"10503",205,34,0.60592501,0.06061955,0.06237072,1.41325644,0.9732357,1.23749041,1.18069363,0.01237072
"10504",206,34,0.63430003,0,0,1.35262165,0.93147969,1.18439674,1.13003679,0.01300593
"10505",208,34,0,0,0,0.02575575,0.01773664,0.02255252,0.02151743,0
"10506",195,35,0.12615604,0,0,1.40980362,0.97085792,1.23446702,1.17780901,0.00297756
"10507",196,35,0.6043494,0,0,1.40980362,0.97085792,1.23446702,1.17780901,0.04192176
"10508",197,35,0.67638643,0,0,1.40980362,0.97085792,1.23446702,1.17780901,0.11936207
"10509",198,35,0.38697535,0,0,1.40980362,0.97085792,1.23446702,1.17780901,0.11213345
"10510",199,35,0.38546143,0,0.06644799,1.40342542,0.96646559,1.22888207,1.17248039,0.1123846
"10511",200,35,0.27778091,0,0.05285218,1.11639484,0.76880266,0.97754935,0.93268302,0.091559
"10512",201,35,0.23187155,0,0.03670605,0.77525614,0.53387831,0.6788379,0.64768146,0.30310052
"10513",202,35,0.42102533,0,0,1.40980362,0.97085792,1.23446702,1.17780901,0.10632446
"10514",203,35,0.68751851,0,0,1.40980362,0.97085792,1.23446702,1.17780901,0.02984142
"10515",204,35,0.68439354,0,0,1.40980362,0.97085792,1.23446702,1.17780901,0.05058763
"10516",205,35,0.66294349,0,0,1.40980362,0.97085792,1.23446702,1.17780901,0.0107484
"10517",206,35,0.51020679,0.0495809,0,1.15590625,0.7960121,1.01214674,0.9656925,0.05300349
"10518",195,36,0.47989371,0,0,1.40633947,0.96847235,1.2314337,1.17491491,0.0215158
"10519",196,36,0.39650712,0,0,1.40633947,0.96847235,1.2314337,1.17491491,0.08258251
"10520",197,36,0.38733586,0,0,1.40633947,0.96847235,1.2314337,1.17491491,0.12020093
"10521",198,36,0.67315976,0,0.06658596,1.40633947,0.96847235,1.2314337,1.17491491,0.05468494
"10522",199,36,0.39199821,0,0,1.40633947,0.96847235,1.2314337,1.17491491,0.08903923
"10523",200,36,0.44008259,0,0,1.40633947,0.96847235,1.2314337,1.17491491,0.12530935
"10524",201,36,0.6837786,0,0,1.40633947,0.96847235,1.2314337,1.17491491,0.21027441
"10525",202,36,0.67266488,0,0,1.40633947,0.96847235,1.2314337,1.17491491,0.10246148
"10526",203,36,0.65332397,0,0,1.40633947,0.96847235,1.2314337,1.17491491,0.06214166
"10527",204,36,0.65153551,0,0.06573179,1.40633947,0.96847235,1.2314337,1.17491491,0.03169135
"10528",205,36,0.6387643,0.06032286,0.06206546,1.40633947,0.96847235,1.2314337,1.17491491,0.0187529
"10529",206,36,0.41217963,0,0,0.85292233,0.58736294,0.74684479,0.71256705,0.05759056
"10530",195,37,0.55166305,0.08031926,0,1.3991229,0.96350267,1.22511465,1.16888588,0.01525507
"10531",196,37,0.42402803,0,0,1.40286291,0.96607822,1.22838951,1.17201044,0.05630581
"10532",197,37,0.50990069,0.08099294,0.10355596,1.40286291,0.96607822,1.22838951,1.17201044,0.02928833
"10533",198,37,0.67193559,0.0614385,0,1.40286291,0.96607822,1.22838951,1.17201044,0.02007124
"10534",199,37,0.39398593,0,0,1.40286291,0.96607822,1.22838951,1.17201044,0.06945182
"10535",200,37,0.42786072,0,0,1.40286291,0.96607822,1.22838951,1.17201044,0.05155743
"10536",201,37,0.67998915,0,0,1.40286291,0.96607822,1.22838951,1.17201044,0.06814257
"10537",202,37,0.61142222,0.06017374,0,1.40286291,0.96607822,1.22838951,1.17201044,0.01380607
"10538",203,37,0.39274803,0.06017374,0,1.40286291,0.96607822,1.22838951,1.17201044,0.01244891
"10539",204,37,0.68383588,0,0,1.40286291,0.96607822,1.22838951,1.17201044,0.05208741
"10540",205,37,0.67579027,0,0,1.40286291,0.96607822,1.22838951,1.17201044,0.05827783
"10541",206,37,0.67405406,0,0,1.40286291,0.96607822,1.22838951,1.17201044,0.04196623
"10542",207,37,0.68533826,0,0,1.40286291,0.96607822,1.22838951,1.17201044,0.0542039
"10543",195,38,0.0738476,0,0.54070927,0.60737627,0.41826823,0.53183717,0.50742758,0
"10544",196,38,0.45446758,0.06565832,0.08678927,1.15015911,0.79205435,1.00711437,0.96089111,0.02204646
"10545",197,38,0.45943588,0.07582082,0,1.31464555,0.90532754,1.15114371,1.09830997,0.01945615
"10546",198,38,0.46191569,0.04888702,0,1.06824439,0.73564397,0.93538734,0.89245611,0.00870119
"10547",199,38,0.34013409,0,0,1.12982119,0.77804869,0.98930587,0.94389996,0.06468051
"10548",200,38,0.64971435,0,0,1.35247265,0.93137709,1.18426627,1.12991231,0.05611983
"10549",201,38,0.6600176,0,0,1.39937392,0.96367554,1.22533445,1.1690956,0.05839591
"10550",202,38,0.61466598,0.06002408,0,1.39937392,0.96367554,1.22533445,1.1690956,0.00562518
"10551",203,38,0.43573712,0,0,1.39937392,0.96367554,1.22533445,1.1690956,0.05252832
"10552",204,38,0.40322172,0,0,1.39937392,0.96367554,1.22533445,1.1690956,0.13883326
"10553",205,38,0.67552534,0,0.06625616,1.39937392,0.96367554,1.22533445,1.1690956,0.10357176
"10554",206,38,0.43076952,0,0.06163551,1.39937392,0.96367554,1.22533445,1.1690956,0.04365058
"10555",207,38,0.7140046,0,0,1.39937392,0.96367554,1.22533445,1.1690956,0.04883828
"10556",197,39,0.00044949,0,0.00536759,0.00473223,0.00325884,0.00414369,0.00395351,0
"10557",199,39,0.00030025,0,0,0.01900074,0.01308481,0.01663762,0.01587401,0
"10558",200,39,0.27189981,0,0.51090598,0.64080962,0.44129203,0.56111243,0.5353592,0.03557313
"10559",201,39,0.65262543,0.05986373,0.06222642,1.39563553,0.9611011,1.22206101,1.16597239,0.02442514
"10560",202,39,0.03819984,0,0.0660647,1.39587306,0.96126468,1.22226899,1.16617083,0.04362349
"10561",203,39,0.42274966,0,0.06609041,1.39587306,0.96126468,1.22226899,1.16617083,0.09027189
"10562",204,39,0.42932964,0.06149343,0.06268724,1.39587306,0.96126468,1.22226899,1.16617083,0.04152601
"10563",205,39,0.30711047,0,0.090332,1.39587306,0.96126468,1.22226899,1.16617083,0.01206365
"10564",200,40,2.845e-05,0,0,0.00173774,0.00119669,0.00152162,0.00145178,0
"10565",191,31,0.04180489,0,0.11560499,1.42317421,0.97987203,1.24649487,1.18928482,0.00558064
"10566",192,31,0.04091196,0,0,1.42317421,0.97987203,1.24649487,1.18928482,0.00094344
"10567",193,31,0.0561272,0,0.10485074,1.42317421,0.97987203,1.24649487,1.18928482,0.01013986
"10568",194,31,0.52445478,0.08172097,0.1053764,1.42317421,0.97987203,1.24649487,1.18928482,0.01812846
"10569",190,32,0.04049002,0,0.11387154,1.41975952,0.97752098,1.2435041,1.18643131,0.01256521
"10570",191,32,0.04021739,0,0.10932238,1.41975952,0.97752098,1.2435041,1.18643131,0
"10571",192,32,0.05262695,0,0.10371975,1.41975952,0.97752098,1.2435041,1.18643131,0.03839811
"10572",193,32,0.05275681,0,0.10372301,1.41975952,0.97752098,1.2435041,1.18643131,0.00477608
"10573",194,32,0.50455076,0,0.08441292,1.41975952,0.97752098,1.2435041,1.18643131,0.00214761
"10574",195,32,0.50052872,0.0815249,0,1.41975952,0.97752098,1.2435041,1.18643131,0.04824053
"10575",190,33,0.04298782,0,0.11935409,1.41633242,0.97516138,1.24050245,1.18356743,0.0101772
"10576",191,33,0.04000725,0,0,1.41633242,0.97516138,1.24050245,1.18356743,0.00827687
"10577",192,33,0.05245116,0,0.10347072,1.41633242,0.97516138,1.24050245,1.18356743,0.03030508
"10578",193,33,0.50406348,0,0.08420916,1.41633242,0.97516138,1.24050245,1.18356743,0.09153715
"10579",194,33,0.50141769,0,0,1.41633242,0.97516138,1.24050245,1.18356743,0.15183514
"10580",195,33,0.69125347,0,0,1.41633242,0.97516138,1.24050245,1.18356743,0.06543181
"10581",196,33,0.49577149,0.0813281,0,1.41633242,0.97516138,1.24050245,1.18356743,0.01876216
"10582",188,34,0.00659362,0,0.01845105,0.26403521,0.18179132,0.23125668,0.22064275,0
"10583",189,34,0.03538986,0,0.09676997,1.22081495,0.84054532,1.06925741,1.02018198,0.00388001
"10584",190,34,0.04090585,0,0.11268908,1.41289345,0.97279361,1.23749041,1.18069363,0.01341199
"10585",191,34,0.03991159,0,0.10855207,1.41289345,0.97279361,1.23749041,1.18069363,0.05997642
"10586",192,34,0.51962476,0.08512299,0.10356813,1.41289345,0.97279361,1.23749041,1.18069363,0.01958152
"10587",193,34,0.3579325,0,1.27630592,1.41289345,0.97279361,1.23749041,1.18069363,0.03391782
"10588",194,34,0.57642215,0.08184283,0.1066422,1.41289345,0.97279361,1.23749041,1.18069363,0.38456551
"10589",195,34,0.57068582,0.08184283,0.1066422,1.41289345,0.97279361,1.23749041,1.18069363,0.17489811
"10590",189,35,0.00633019,0,0.03904042,0.04427761,0.03048565,0.03878078,0.03700087,0
"10591",190,35,0.29024264,0,1.00306579,1.11447065,0.76732603,0.97611518,0.93131467,0.01577949
"10592",191,35,0.55790034,0.08491501,0.10353335,1.40944152,0.97041691,1.23446702,1.17780901,0.03957548
"10593",192,35,0.34025186,0,1.28824743,1.40944152,0.97041691,1.23446702,1.17780901,0.02572346
"10594",193,35,0.56795434,0.08235042,0.10638166,1.40944152,0.97041691,1.23446702,1.17780901,0.16670699
"10595",194,35,0.58187749,0.08164289,0.10638166,1.40944152,0.97041691,1.23446702,1.17780901,0.13836286
"10596",189,36,0.01621032,0,0.10420267,0.11162204,0.07685307,0.09776477,0.09327768,0
"10597",190,36,0.17799986,0,1.19540317,1.30786278,0.90047877,1.14549873,1.09292407,0.01895838
"10598",191,36,0.27113061,0,0.09132965,1.40597826,0.96803242,1.2314337,1.17491491,0
"10599",192,36,0.5481892,0.08144226,0.10612026,1.40597826,0.96803242,1.2314337,1.17491491,0.04609602
"10600",193,36,0.56605593,0.08144226,0.10612026,1.40597826,0.96803242,1.2314337,1.17491491,0.05603565
"10601",194,36,0.57152123,0.08144226,0.10612026,1.40597826,0.96803242,1.2314337,1.17491491,0.05957417
"10602",189,37,0.00298475,0,0.01188933,0.01308721,0.0090107,0.0114625,0.01093641,0
"10603",190,37,0.04231089,0,0.16790829,0.193234,0.13304386,0.16924505,0.16147725,0.00314913
"10604",191,37,0.07997776,0,0.29634843,0.32275684,0.22222184,0.28268833,0.26971386,0
"10605",192,37,0.13281527,0,0.51565857,0.5808861,0.39994685,0.50877225,0.48542126,0.01240472
"10606",193,37,0.06014825,0,0.44912255,0.47990481,0.33042005,0.42032724,0.40103559,0.00842422
"10607",194,37,0.17628664,0,0.05806114,0.91627302,0.63086465,0.80252271,0.76568953,0.0181567
"10608",199,26,0.05845631,0.37246212,0.06858186,1.43917476,0.9918459,1.26128849,1.20339946,0.01015877
"10609",200,26,0.82163063,0,0,1.43917476,0.9918459,1.26128849,1.20339946,0.01289801
"10610",201,26,0.72014118,0,0.06581185,1.21560803,0.83776889,1.06535527,1.01645894,0.06948907
"10611",203,26,0.4015367,0,0,0.66788362,0.46028991,0.58533122,0.55846643,0.00577729
"10612",206,26,0.30826439,0,0.02447187,0.47534238,0.32759495,0.41658865,0.39746859,0.00916884
"10613",192,27,0.05637483,0.41932575,0.0689435,1.43582314,0.98953603,1.25835113,1.20059692,0.01037831
"10614",193,27,0.04227385,0,0.1049588,1.43582314,0.98953603,1.25835113,1.20059692,0
"10615",194,27,0.03903818,0,0.07907736,1.43582314,0.98953603,1.25835113,1.20059692,0.00097247
"10616",195,27,0.86044806,0,0.09945895,1.43582314,0.98953603,1.25835113,1.20059692,0.05542792
"10617",196,27,0.85901089,0,0.09945895,1.43582314,0.98953603,1.25835113,1.20059692,0.09808081
"10618",197,27,0.87991641,0,0,1.43965389,0.98900716,1.25835113,1.20059692,0.06685097
"10619",198,27,0.43877613,0,0,1.43582314,0.98953603,1.25835113,1.20059692,0.06548845
"10620",199,27,0.70014551,0,0,1.43582314,0.98953603,1.25835113,1.20059692,0.01424881
"10621",200,27,0.67788603,0,0,1.40250964,0.96657715,1.22915529,1.17274107,0.14595345
"10622",203,27,0.31930204,0,0.06652706,1.14811213,0.79125227,1.00620206,0.96002067,0.0585474
"10623",207,27,0.36572223,0,0.025911,0.56394212,0.38865584,0.4942372,0.47155332,0
"10624",192,28,0.04086236,0,0.1055597,1.43245964,0.98721799,1.25540338,1.19778445,0
"10625",193,28,0.05581012,0.41229231,0.06829796,1.43245964,0.98721799,1.25540338,1.19778445,0.02214852
"10626",194,28,0.84799242,0,0,1.43245964,0.98721799,1.25540338,1.19778445,0.08776581
"10627",195,28,0.8510635,0,0,1.43245964,0.98721799,1.25540338,1.19778445,0.17562679
"10628",196,28,0.86615443,0,0,1.43245964,0.98721799,1.25540338,1.19778445,0.12284304
"10629",197,28,0.85744789,0,0.07755198,1.43245964,0.98721799,1.25540338,1.19778445,0.07300194
"10630",198,28,0.46109852,0,0,1.43245964,0.98721799,1.25540338,1.19778445,0.07609364
"10631",199,28,0.4689904,0,0,1.43245964,0.98721799,1.25540338,1.19778445,0.03405158
"10632",200,28,0.64967239,0,0,1.43245964,0.98721799,1.25540338,1.19778445,0.1429064
"10633",201,28,0.63788943,0,0,1.39907495,0.96421003,1.22614513,1.16986907,0.17130829
"10634",202,28,0.04929977,0.37500935,0.06130678,1.28790269,0.88759269,1.12871409,1.0769098,0.07314197
"10635",191,29,0.04320866,0,0.10594256,1.42908374,0.9848914,1.25244475,1.19496162,0.00694761
"10636",192,29,0.03839071,0,0.10477274,1.42908374,0.9848914,1.25244475,1.19496162,0.02102984
"10637",193,29,0.05752052,0,0.10752774,1.42908374,0.9848914,1.25244475,1.19496162,0.06724561
"10638",194,29,0.84652206,0,0.07128558,1.42908374,0.9848914,1.25244475,1.19496162,0.18309063
"10639",195,29,0.85687397,0,0,1.42908374,0.9848914,1.25244475,1.19496162,0.09662438
"10640",196,29,0.88032089,0,0,1.42908374,0.9848914,1.25244475,1.19496162,0.04541475
"10641",197,29,0.66253898,0,0,1.42908374,0.9848914,1.25244475,1.19496162,0.03939266
"10642",198,29,0.66548976,0,0,1.42908374,0.9848914,1.25244475,1.19496162,0.24453364
"10643",199,29,0.65726343,0,0,1.42908374,0.9848914,1.25244475,1.19496162,0.09844067
"10644",200,29,0.88496285,0,0.06723338,1.42908374,0.9848914,1.25244475,1.19496162,0.03012473
"10645",201,29,0,0,0,1.01096932,0.69673663,0.88601051,0.84534552,0.00405808
"10646",191,30,0.04092335,0,0.10460293,1.42569543,0.98255625,1.24947524,1.1921284,0.03368713
"10647",192,30,0.03883499,0,0.10933146,1.42569543,0.98255625,1.24947524,1.1921284,0.01953265
"10648",193,30,0.05722568,0,0.10633501,1.42569543,0.98255625,1.24947524,1.1921284,0.05041733
"10649",194,30,0.05737669,0,0.10756612,1.42569543,0.98255625,1.24947524,1.1921284,0.01090459
"10650",195,30,0.4996808,0.08220604,0,1.42569543,0.98255625,1.24947524,1.1921284,0.01275635
"10651",196,30,0.65887877,0,0,1.42569543,0.98255625,1.24947524,1.1921284,0.02670786
"10652",197,30,0.43774231,0,0,1.42569543,0.98255625,1.24947524,1.1921284,0.04837627
"10653",198,30,0.6818807,0,0,1.42569543,0.98255625,1.24947524,1.1921284,0.14109804
"10654",199,30,0.86829973,0,0,1.42569543,0.98255625,1.24947524,1.1921284,0.03940239
"10655",200,30,0.43982108,0.06589323,0.0669877,1.4075112,0.9700241,1.23353863,1.17692323,0.02277977
"10656",195,31,0.49348163,0.08172097,0,1.42229472,0.98021256,1.24649487,1.18928482,0.00649123
"10657",196,31,0.65666039,0,0,1.42229472,0.98021256,1.24649487,1.18928482,0.01279447
"10658",197,31,0.60517125,0.07010779,0,1.42229472,0.98021256,1.24649487,1.18928482,0.03418108
"10659",198,31,0.55216942,0.08172097,0.0806472,1.42229472,0.98021256,1.24649487,1.18928482,0.01577475
"10660",199,31,0.64023993,0,0,1.39382259,0.96059023,1.22154198,1.16547719,0.03793806
"10661",200,31,0.21525362,0,0.02394349,0.512213,0.35300533,0.44890195,0.42829882,0.04499214
"10662",196,32,0.32411383,0.08280824,0,1.41888214,0.97786069,1.2435041,1.18643131,0.02115836
"10663",197,32,0.32933889,0,1.2512287,1.41888214,0.97786069,1.2435041,1.18643131,0
"10664",188,26,0.04725735,0,0.09174529,1.15411949,0.79529803,1.01150906,0.9650841,0.04775273
"10665",189,26,0,0,0.07434491,1.28935647,0.88848916,1.13003529,1.07817035,0.15500439
"10666",190,26,0.05085364,0,0.10103151,1.32831605,0.91533602,1.16418078,1.11074867,0.06000382
"10667",186,27,0.02533162,0,0.04438703,0.61470764,0.42359199,0.53875041,0.51402353,0.02792128
"10668",187,27,0.05582266,0,0.10789508,1.38740885,0.95605657,1.21597168,1.16016255,0.07876817
"10669",188,27,0.058891,0,0.10321097,1.43576328,0.98937737,1.25835113,1.20059692,0.05062823
"10670",189,27,0.0554986,0,0.10920227,1.43576328,0.98937737,1.25835113,1.20059692,0.11359638
"10671",190,27,0.05660312,0,0.10401158,1.43576328,0.98937737,1.25835113,1.20059692,0.01347195
"10672",191,27,0.05634073,0.39532068,0.06853968,1.43576328,0.98937737,1.25835113,1.20059692,0
"10673",185,28,0.03390302,0,0.05905073,0.81847325,0.56400587,0.71733743,0.68441398,0.05747234
"10674",186,28,0.05794246,0,0.10352229,1.43239992,0.9870597,1.25540338,1.19778445,0.04134736
"10675",187,28,0.19355742,0,1.19862345,1.43239992,0.9870597,1.25540338,1.19778445,0.04056678
"10676",188,28,0.19302645,0,1.19553095,1.43239992,0.9870597,1.25540338,1.19778445,0.00337272
"10677",189,28,0.04184548,0,0.078305,1.43239992,0.9870597,1.25540338,1.19778445,0.0161536
"10678",190,28,0.03756933,0,0.07889205,1.43239992,0.9870597,1.25540338,1.19778445,0.00520142
"10679",191,28,0.03960017,0,0.10607907,1.43239992,0.9870597,1.25540338,1.19778445,0.0114829
"10680",185,29,0.05176144,0,0.10014788,1.31821628,0.90837631,1.155329,1.10230316,0.06030842
"10681",186,29,0.05430128,0,0.10295207,1.42902416,0.98473348,1.25244475,1.19496162,0
"10682",187,29,0.19104465,0,1.19077887,1.42902416,0.98473348,1.25244475,1.19496162,0.04410647
"10683",188,29,0.04943459,0,0.10429085,1.42902416,0.98473348,1.25244475,1.19496162,0.11453516
"10684",189,29,0.23538353,0,1.25671195,1.42902416,0.98473348,1.25244475,1.19496162,0.13704058
"10685",190,29,0.03898839,0,0.105032,1.42902416,0.98473348,1.25244475,1.19496162,0.00819016
"10686",184,30,0.00353591,0,0.00634634,0.08765003,0.0603992,0.07681943,0.07329367,0
"10687",185,30,0.0440012,0,0.27458417,0.32787212,0.22593506,0.28735813,0.27416933,0
"10688",186,30,0.15766705,0,1.07030888,1.28084345,0.88262288,1.12257419,1.0710517,0
"10689",187,30,0.19238075,0,1.19715274,1.425636,0.98239871,1.24947524,1.1921284,0.0124992
"10690",188,30,0.20769826,0,1.21591311,1.425636,0.98239871,1.24947524,1.1921284,0.18514751
"10691",189,30,0.03947664,0,0.07851958,1.425636,0.98239871,1.24947524,1.1921284,0.04405699
"10692",190,30,0.03988433,0,0.11000567,1.425636,0.98239871,1.24947524,1.1921284,0.01115361
"10693",185,31,0.00051988,0,0.00111608,0.01441184,0.00993113,0.01263102,0.0120513,0
"10694",186,31,0.02915095,0,0.09169464,1.14604658,0.78973502,1.00443369,0.95833346,0.04195793
"10695",187,31,0.19180712,0,1.19747895,1.42223543,0.98005539,1.24649487,1.18928482,0.02442295
"10696",188,31,0.04031172,0,0.104275,1.42223543,0.98005539,1.24649487,1.18928482,0.00463292
"10697",189,31,0.04300678,0,0.10543927,1.42223543,0.98005539,1.24649487,1.18928482,0.00607129
"10698",190,31,0.04028444,0,0.11328085,1.42223543,0.98005539,1.24649487,1.18928482,0.00433454
"10699",186,32,0.00912941,0,0.02523809,0.32704207,0.22536307,0.28663065,0.27347524,0.0036227
"10700",187,32,0.08886528,0,0.55556847,0.66396872,0.45753756,0.58192447,0.55521603,0.00887291
"10701",188,32,0.03518462,0,0.10117472,1.36077923,0.93770623,1.19263259,1.13789464,0.01026932
"10702",189,32,0.04054665,0,0.10407239,1.41882299,0.9777039,1.2435041,1.18643131,0.00347344
"10703",188,33,0.02394809,0,0.07251272,0.99263529,0.68402007,0.86997889,0.8300497,0.00363514
"10704",189,33,0.03807325,0,0.11030809,1.41539815,0.97534386,1.24050245,1.18356743,0
"10705",188,18,0.66759522,0,0,1.14758624,0.79524844,1.01187872,0.96543678,0.02429852
"10706",189,18,0.41309879,0,0,0.65607688,0.4546448,0.57849267,0.55194174,0.11949272
"10707",188,19,0.24204405,0,0,0.41525026,0.287758,0.36614494,0.34934008,0.00727945
"10708",187,20,0.02447768,0,0.04270371,0.59273071,0.41074749,0.52263749,0.49865013,0.04394602
"10709",188,20,0.02914939,0,0.05535531,0.74024662,0.51297231,0.65270894,0.62275173,0.01450739
"10710",186,21,0.62315071,0,0,1.07888608,0.74764096,0.95130268,0.90764099,0.03679043
"10711",187,21,0.05018858,0,0.09368564,1.29203783,0.89534976,1.13924821,1.08696043,0.02392183
"10712",188,21,0.01890911,0,0.03656724,0.48147847,0.33365249,0.42454136,0.40505629,0.00579231
"10713",187,22,0.03411637,0,0.04429378,0.81200842,0.56270144,0.71598456,0.68312321,0.00474906
"10714",187,23,0.02061612,0,0.03591039,0.49843894,0.34540567,0.43949617,0.41932473,0.0122274
"10715",187,24,0.02791659,0,0,0.68536272,0.47493915,0.60431533,0.57657922,0.03306829
"10716",188,24,0.04178435,0,0.07312812,1.01479885,0.70044337,0.89092659,0.85003597,0.02972883
"10717",183,29,0.02909325,0,0.05080054,0.70478173,0.48839604,0.62143794,0.59291596,0.14088111
"10718",182,30,0.04626323,0,0.08131017,1.12508093,0.77965283,0.99203477,0.94650361,0.06751298
"10719",183,30,0.0244354,0,0.0433096,0.59455076,0.41200874,0.5242423,0.50018129,0.02410871
"10720",194,16,0.91283027,0,0,1.41860164,0.97915968,1.24543886,1.18827728,0.00477064
"10721",193,17,0.79713714,0,0,1.23660602,0.85354106,1.08565868,1.03583049,0.05126512
"10722",194,17,0.94693105,0,0,1.46620524,1.01201705,1.28723169,1.22815195,0.01364831
"10723",191,18,0.32886177,0,0.02321063,0.52320403,0.36113048,0.4593387,0.43825655,0.02214871
"10724",192,18,0.94747712,0,0,1.46297201,1.00978538,1.28439312,1.22544367,0.08029935
"10725",193,18,0.94164302,0,0,1.46297201,1.00978538,1.28439312,1.22544367,0.02468645
"10726",194,18,0.05975977,0,0.07228814,1.46297201,1.00978538,1.28439312,1.22544367,0.00457126
"10727",191,19,0.76113434,0,0.05442958,1.22692786,0.84686092,1.0771619,1.02772368,0.07201237
"10728",192,19,0.95089537,0,0,1.45972586,1.00754479,1.28154321,1.22272456,0.01376954
"10729",193,19,0.91363229,0,0,1.45972586,1.00754479,1.28154321,1.22272456,0
"10730",194,19,0.05772371,0.41125574,0.068827,1.45972586,1.00754479,1.28154321,1.22272456,0
"10731",195,19,0.05827901,0.39909177,0.06972006,1.45972586,1.00754479,1.28154321,1.22272456,0.00521567
"10732",196,19,0.05833897,0.39720315,0,1.45972586,1.00754479,1.28154321,1.22272456,0
"10733",197,19,0.05833116,0.37136459,0,1.46030497,1.00720816,1.28154321,1.22272456,0.00329668
"10734",192,20,0.87689697,0,0,1.36637514,0.94311144,1.19958743,1.14453028,0.05425495
"10735",193,20,0.87778894,0,0,1.38769992,0.95783042,1.21830919,1.16239277,0.04493877
"10736",194,20,0.93793837,0,0,1.45646732,1.00529566,1.27868243,1.21999508,0.00639252
"10737",195,20,0.05861198,0.39325644,0.06956442,1.45646732,1.00529566,1.27868243,1.21999508,0
"10738",196,20,0.05886661,0.38727778,0.06956442,1.45646732,1.00529566,1.27868243,1.21999508,0.01056952
"10739",197,20,0.05833173,0.33981426,0.06956442,1.45646732,1.00529566,1.27868243,1.21999508,0.01158613
"10740",194,21,0.58175181,0,0,0.93184455,0.64318592,0.81809817,0.78055013,0.19941482
"10741",195,21,0.05764179,0,0.07015425,1.41978617,0.97997727,1.2464788,1.18926949,0.01453673
"10742",196,21,0.63989841,0,0,0.93252996,0.64365901,0.81869992,0.78112426,0.0808968
"10743",190,22,0.50006292,0,0.04374101,0.85790681,0.59450787,0.75645525,0.72173642,0.00903135
"10744",191,22,0.06478112,0,0.07288744,1.41082843,0.97379438,1.23861449,1.18176612,0.03414422
"10745",192,22,0.77887727,0,0,1.26661449,0.87425377,1.11200415,1.06096678,0.07760579
"10746",193,22,0.87214663,0,0,1.41563224,0.97711011,1.24283192,1.18578998,0.01671697
"10747",194,22,0.83766944,0,0,1.30838051,0.90308188,1.14867196,1.09595166,0.01223294
"10748",190,23,0.05328235,0,0.10383915,1.36100706,0.93940624,1.19487461,1.14003376,0.03333791
"10749",191,23,0.83785917,0,0.07625979,1.44661687,0.99849659,1.27003439,1.21174395,0.06150202
"10750",192,23,0.83942251,0,0,1.44661687,0.99849659,1.27003439,1.21174395,0.13437344
"10751",193,23,0.8933475,0,0,1.44661687,0.99849659,1.27003439,1.21174395,0.03021449
"10752",194,23,0.05891096,0,0,1.44661687,0.99849659,1.27003439,1.21174395,0.00543103
"10753",195,23,0.05716201,0.40879854,0,1.44661687,0.99849659,1.27003439,1.21174395,0.03463038
"10754",189,24,0.0444358,0,0.05764577,1.0932611,0.75460027,0.95981128,0.91575907,0.01800217
"10755",190,24,0.05558041,0,0.10920272,1.4433088,0.99621327,1.26713012,1.20897298,0.03856914
"10756",191,24,0.05469451,0,0.10413109,1.4433088,0.99621327,1.26713012,1.20897298,0.03758585
"10757",192,24,0.05720257,0,0.10449202,1.4433088,0.99621327,1.26713012,1.20897298,0.01816905
"10758",193,24,0.04195877,0,0.08044039,1.44969774,0.99590704,1.26713012,1.20897298,0
"10759",188,25,0.03252159,0,0.06308318,0.782248,0.53993008,0.68676225,0.6552421,0.0794412
"10760",189,25,0.03639782,0,0.07213293,0.96075033,0.66313752,0.84347555,0.80476277,0.02626027
"10761",190,25,0.02826017,0,0.05381498,0.74548716,0.51455669,0.65448865,0.62444976,0.02298923
"10762",191,25,0.05536191,0,0.10418068,1.4356395,0.9909197,1.26039698,1.20254887,0.01245754
"10763",192,25,0.05302433,0,0.09373913,1.29705155,0.8952623,1.13872588,1.08646207,0.01086394
"10764",191,26,0.05798471,0.38389773,0.06861813,1.43665497,0.9916206,1.26128849,1.20339946,0.00486094
"10765",209,20,0.62887051,0,0,0.89512179,0.61492687,0.78239467,0.7464853,0.01724161
"10766",210,20,0.96956509,0,0,1.37310981,0.943293,1.20018728,1.1451026,0.02823931
"10767",211,20,0.50254629,0,0,0.71171214,0.48892891,0.6220827,0.59353113,0
"10768",200,21,0.2971129,0,0,0.52590942,0.36128697,0.45967904,0.43858127,0.00758381
"10769",201,21,0.65165271,0,0,1.20093974,0.82501636,1.04969945,1.00152166,0.02658664
"10770",202,21,0.93610932,0,0,1.34605813,0.92470915,1.17654236,1.1225429,0.03651378
"10771",203,21,1.01614194,0,0,1.45962911,1.00272965,1.27581078,1.21725523,0.0746241
"10772",204,21,1.0120683,0,0,1.45962911,1.00272965,1.27581078,1.21725523,0.02549082
"10773",205,21,0.99921786,0,0,1.45962911,1.00272965,1.27581078,1.21725523,0.12540722
"10774",208,21,0.51977452,0,0,0.7490597,0.51458577,0.65472689,0.62467706,0.03303773
"10775",209,21,0.60970727,0,0,0.8678857,0.59621634,0.75858855,0.72377181,0.01035106
"10776",195,22,0.65439961,0,0,1.03734362,0.7126298,0.90670579,0.86509095,0.03781519
"10777",196,22,0.66277806,0,0,1.17418226,0.80663462,1.02631167,0.97920731,0
"10778",197,22,0.77971166,0,0,1.38108022,0.94876847,1.20715394,1.15174951,0.0226813
"10779",198,22,0.69123233,0,0,1.04378354,0.71705387,0.91233471,0.87046152,0.06748201
"10780",199,22,0.74256948,0,0,1.3459689,0.92464785,1.17646436,1.12246848,0.06432096
"10781",200,22,0.81296118,0,0,1.44333245,0.99153424,1.26156644,1.20366465,0.07112284
"10782",201,22,0.98503496,0,0,1.45633128,1.00046412,1.27292826,1.214505,0.07463127
"10783",202,22,0.96173644,0,0,1.45633128,1.00046412,1.27292826,1.214505,0.04549436
"10784",203,22,1.00128961,0,0,1.45633128,1.00046412,1.27292826,1.214505,0.10772244
"10785",204,22,1.00491431,0,0,1.44840143,0.99501651,1.26599706,1.20789192,0.08335076
"10786",205,22,0.9184094,0,0,1.35683749,0.93211431,1.18596421,1.13153232,0.24709796
"10787",206,22,0.6691294,0,0,0.97723893,0.67133934,0.85417038,0.81496675,0.04287079
"10788",207,22,0.68517398,0,0,0.98412231,0.67606806,0.86018691,0.82070714,0.04465058
"10789",208,22,0.91507992,0,0,1.33485587,0.91701347,1.16675085,1.11320079,0.04220824
"10790",196,23,0.05705656,0.40145959,0.06820891,1.45302046,0.99818967,1.27003439,1.21174395,0.01456086
"10791",197,23,0.0400812,0,0.08193594,1.45302046,0.99818967,1.27003439,1.21174395,0.04255823
"10792",198,23,0.81720563,0,0,1.45302046,0.99818967,1.27003439,1.21174395,0.13588513
"10793",199,23,0.05925531,0.3159923,0.10073383,1.45302046,0.99818967,1.27003439,1.21174395,0.01831204
"10794",200,23,1.01640982,0,0,1.45302046,0.99818967,1.27003439,1.21174395,0.04039431
"10795",201,23,0.97436514,0,0,1.45302046,0.99818967,1.27003439,1.21174395,0.03364508
"10796",202,23,0.92832284,0,0,1.40088617,0.96237468,1.22446563,1.16826665,0.05432052
"10797",203,23,0.91356984,0,0,1.34180901,0.92179011,1.17282835,1.11899935,0.0907004
"10798",205,23,0.70914559,0,0,1.04386899,0.71711257,0.91240939,0.87053278,0.0804683
"10799",206,23,0.99269798,0,0,1.45302046,0.99818967,1.27003439,1.21174395,0.02524794
"10800",207,23,0.05819179,0,0,1.45302046,0.99818967,1.27003439,1.21174395,0
"10801",208,23,0.92944302,0,0,1.33648964,0.91813583,1.16817887,1.11456327,0.05048528
"10802",194,24,0.04010816,0,0.08081909,1.44969774,0.99590704,1.26713012,1.20897298,0.00018172
"10803",195,24,0.03860415,0,0,1.44969774,0.99590704,1.26713012,1.20897298,0.01415353
"10804",196,24,0.03810697,0,0.0799232,1.44969774,0.99590704,1.26713012,1.20897298,0.01323912
"10805",197,24,0.03860571,0,0.07962905,1.44969774,0.99590704,1.26713012,1.20897298,0
"10806",198,24,0.98399175,0,0,1.44969774,0.99590704,1.26713012,1.20897298,0.11271329
"10807",199,24,0.98413884,0,0,1.4465443,0.99374071,1.2643738,1.20634317,0.04074553
"10808",200,24,0.71176721,0,0,1.26208332,0.86702051,1.10314291,1.05251225,0.04773668
"10809",201,24,0.53546529,0,0.05058781,0.89905454,0.61762857,0.78583214,0.74976501,0.0096749
"10810",204,24,0.87326692,0,0,1.27447374,0.87553242,1.11397294,1.06284522,0.11166863
"10811",205,24,0.60191215,0,0,1.06240297,0.72984497,0.9286093,0.88598916,0.0379034
"10812",206,24,0.3266017,0,0,0.56945192,0.3911996,0.49773801,0.47489346,0
"10813",211,24,0.36232977,0,0,0.51302309,0.35243437,0.44841554,0.42783473,0
"10814",193,25,0.04363805,0,0,1.11491906,0.76592224,0.97451178,0.92978486,0.00329807
"10815",194,25,0.04028857,0,0.0805069,1.44409769,0.99205994,1.26223531,1.20430282,0.02396884
"10816",195,25,0.05614194,0.41297574,0.06789634,1.44636205,0.9936155,1.2642145,1.20619118,0.01437394
"10817",196,25,0.99545538,0,0,1.44636205,0.9936155,1.2642145,1.20619118,0.04989061
"10818",197,25,1.01461061,0,0,1.44636205,0.9936155,1.2642145,1.20619118,0.05110078
"10819",198,25,0.82606777,0,0.08075244,1.44636205,0.9936155,1.2642145,1.20619118,0.15583533
"10820",199,25,0.63747573,0,0,1.18531368,0.81428163,1.03604125,0.98849034,0.04143149
"10821",200,25,0.63477299,0,0,1.13177925,0.77750478,0.98924867,0.94384539,0.04263341
"10822",201,25,0.69147703,0,0,1.15083997,0.79059903,1.00590899,0.95974104,0.05712466
"10823",202,25,0.61910274,0,0,1.04973404,0.72114172,0.91753582,0.87542392,0.06412103
"10824",203,25,0.82122666,0,0,1.44518417,0.99280633,1.26318496,1.20520889,0
"10825",204,25,0.51867699,0,0.04231285,0.86399243,0.59354176,0.75518558,0.72052502,0.01060404
"10826",211,25,0.36501495,0,0.03314619,0.61494077,0.42244933,0.53749823,0.51282881,0.01263434
"10827",192,26,0.05533093,0,0,1.3680211,0.94424753,1.20103247,1.145909,0
"10828",193,26,0.03987823,0,0,1.44301446,0.99131579,1.26128849,1.20339946,0
"10829",194,26,0.03960543,0,0,1.44301446,0.99131579,1.26128849,1.20339946,0
"10830",195,26,0.03792272,0,0,1.44301446,0.99131579,1.26128849,1.20339946,0
"10831",196,26,0.81844018,0,0,1.44301446,0.99131579,1.26128849,1.20339946,0.0210612
"10832",197,26,1.03519982,0,0,1.44301446,0.99131579,1.26128849,1.20339946,0.07909765
"10833",198,26,1.04419747,0,0,1.44301446,0.99131579,1.26128849,1.20339946,0.03614592
"10834",198,11,0.7600726,0,0,1.17044086,0.80728177,1.02716253,0.98001912,0.02659766
"10835",201,11,0.60586873,0,0,0.75810907,0.52288642,0.66530592,0.63477055,0
"10836",202,11,0.61093647,0,0,0.77776177,0.53644137,0.68255285,0.6512259,0.00901294
"10837",195,12,0.3852244,0,0,0.58761925,0.40529541,0.51568643,0.49201811,0.00421949
"10838",198,12,0.93679674,0,0,1.44257951,0.99498247,1.2659876,1.2078829,0.00028107
"10839",199,12,0.59470706,0,0,0.75930108,0.52370858,0.66635201,0.63576862,0.01132154
"10840",200,12,0.42172985,0,0.02410941,0.54068137,0.3729212,0.47449441,0.45271666,0.00531824
"10841",201,12,1.16461838,0,0,1.47138418,1.01484976,1.29126618,1.23200127,0.03442215
"10842",202,12,0.56053405,0,0,0.68854091,0.47490356,0.60425387,0.57652059,0.00423444
"10843",194,13,0.88675629,0,0,1.38235777,0.95344606,1.21313785,1.15745878,0.00959188
"10844",195,13,0.61659051,0,0,0.94496215,0.65176357,0.82928556,0.79122406,0.00833327
"10845",197,13,0.05085918,0,0,1.25292606,0.86417384,1.09955039,1.04908461,0.00372307
"10846",198,13,0.05877283,0,0,1.47960001,1.02051642,1.29847628,1.23888045,0.02112626
"10847",199,13,1.19756641,0,0,1.47960001,1.02051642,1.29847628,1.23888045,0.01953345
"10848",200,13,1.16411996,0,0,1.47960001,1.02051642,1.29847628,1.23888045,0.02522579
"10849",201,13,0.96083747,0,0.07627701,1.47960001,1.02051642,1.29847628,1.23888045,0.01614137
"10850",193,14,0.53472113,0,0,0.83425345,0.57540507,0.73212916,0.69852682,0.02817253
"10851",194,14,0.94353256,0,0,1.47641559,1.01832005,1.29568167,1.23621411,0.03733781
"10852",195,14,0.94344601,0,0,1.4703263,1.01412012,1.2903378,1.2311155,0.03262089
"10853",196,14,0.8384124,0,0.06851465,1.33882892,0.92342315,1.17493754,1.12101174,0.13807445
"10854",197,14,0.05836081,0.38503651,0.07681817,1.47641559,1.01832005,1.29568167,1.23621411,0
"10855",198,14,0.94256319,0,0,1.47641559,1.01832005,1.29568167,1.23621411,0.05121601
"10856",199,14,0.05924553,0,0,1.47641559,1.01832005,1.29568167,1.23621411,0.00860186
"10857",200,14,0.05864634,0,0.07776909,1.47641559,1.01832005,1.29568167,1.23621411,0.00479239
"10858",201,14,0.75169452,0,0.05906478,1.15753943,0.79838334,1.01584041,0.96921665,0.00536732
"10859",194,15,0.9030991,0,0,1.41197848,0.97387619,1.23913257,1.18226042,0.01965931
"10860",195,15,0.93082067,0,0,1.47321878,1.01611513,1.2928762,1.2335374,0.05656614
"10861",196,15,0.05982674,0,0.10509091,1.47321878,1.01611513,1.2928762,1.2335374,0.06358981
"10862",197,15,0.06038306,0,0,1.47321878,1.01611513,1.2928762,1.2335374,0.01712614
"10863",198,15,0.05992897,0,0,1.47321878,1.01611513,1.2928762,1.2335374,0.04076342
"10864",199,15,0,0.30612147,0,1.47321878,1.01611513,1.2928762,1.2335374,0.01951807
"10865",200,15,0.05823513,0,0.07722188,1.46606353,1.01117998,1.28659685,1.22754625,0.00821295
"10866",195,16,0.0599077,0,0.07696713,1.47000904,1.0139013,1.29005938,1.23084986,0.00479127
"10867",196,16,0.94934736,0,0,1.47000904,1.0139013,1.29005938,1.23084986,0.2049982
"10868",197,16,0.05784307,0.03995821,0,1.47000904,1.0139013,1.29005938,1.23084986,0.01475729
"10869",198,16,0.05915345,0.01267635,0.1044345,1.47000904,1.0139013,1.29005938,1.23084986,0.0686532
"10870",199,16,0.05839185,0,0,1.47000904,1.0139013,1.29005938,1.23084986,0.00913826
"10871",200,16,0.62396598,0,0,0.93856853,0.64735374,0.82367461,0.78587064,0.02620579
"10872",202,16,0.71642192,0,0,0.90560881,0.62462061,0.79474963,0.75827321,0.02705706
"10873",203,16,1.03694468,0,0,1.29263975,0.89156534,1.13440257,1.08233719,0.03196417
"10874",195,17,0.94711827,0,0.07484305,1.46678692,1.01167892,1.28723169,1.22815195,0
"10875",196,17,0.05761434,0.39699838,0,1.46678692,1.01167892,1.28723169,1.22815195,0.00575045
"10876",197,17,0.05704009,0.40167281,0.10215087,1.46678692,1.01167892,1.28723169,1.22815195,0.01070785
"10877",198,17,0.0592137,0.01264857,0.10420712,1.46678692,1.01167892,1.28723169,1.22815195,0.11890988
"10878",199,17,0.05826386,0,0.07698861,1.46678692,1.01167892,1.28723169,1.22815195,0.01346594
"10879",200,17,0.88221493,0,0,1.14204554,0.78769683,1.0022432,0.9562435,0.10487026
"10880",201,17,0.91495605,0,0,1.34585705,0.92827062,1.18110533,1.12689645,0.03577865
"10881",202,17,1.04004433,0,0,1.46669158,1.01161316,1.28714802,1.22807212,0.02950404
"10882",195,18,0.05987673,0,0,1.46355241,1.009448,1.28439312,1.22544367,0.01156448
"10883",196,18,0.05778756,0.38323319,0,1.46355241,1.009448,1.28439312,1.22544367,0.02016511
"10884",197,18,0.05893124,0.34519751,0.10192561,1.46355241,1.009448,1.28439312,1.22544367,0.02056001
"10885",198,18,0.05891533,0.34547234,0.10192561,1.46355241,1.009448,1.28439312,1.22544367,0.01881642
"10886",199,18,1.05988246,0,0,1.46355241,1.009448,1.28439312,1.22544367,0.06586791
"10887",200,18,1.02927332,0,0,1.46355241,1.009448,1.28439312,1.22544367,0.07250175
"10888",201,18,0.84090569,0,0,1.46355241,1.009448,1.28439312,1.22544367,0.02505651
"10889",202,18,0.98594423,0,0,1.39039854,0.95899198,1.22019431,1.16419137,0.02308845
"10890",198,19,0.05781317,0.38557899,0.06972006,1.46030497,1.00720816,1.28154321,1.22272456,0.00677391
"10891",199,19,0.84924835,0,0.06092636,1.46030497,1.00720816,1.28154321,1.22272456,0.01894576
"10892",200,19,0.95506794,0,0,1.38527664,0.95545928,1.21569941,1.15990277,0.06096665
"10893",201,19,0.77414899,0,0,1.11064249,0.76603737,0.97468431,0.92994948,0.16916426
"10894",202,19,0.63782778,0,0,0.9279116,0.64000339,0.81432224,0.77694751,0.07143052
"10895",198,20,0.72524493,0,0.05292051,1.26841779,0.87485887,1.11314572,1.06205596,0.01992689
"10896",199,20,0.61375975,0,0,0.88196751,0.60831462,0.77400235,0.73847816,0.04693337
"10897",201,20,0.35242928,0,0,0.50183381,0.34612709,0.44040233,0.4201893,0.00772754
"10898",202,20,0.38062611,0,0,0.59450787,0.41004666,0.52173179,0.49778601,0.00279621
"10899",201,9,0.65992274,0,0,0.82664569,0.56635704,0.71994295,0.68689992,0.00523372
"10900",202,9,0.3793614,0,0,0.59512265,0.40773443,0.51830472,0.49451622,0.0128666
"10901",204,16,0.71559104,0,0,0.91524071,0.63126397,0.80320245,0.76633807,0.00834329
"10902",203,17,0.53522081,0,0,0.76055557,0.52107693,0.66238369,0.63198244,0.02240425
"10903",204,17,0.59219672,0,0,0.73300133,0.50219879,0.63838613,0.60908628,0.01348828
"10904",207,18,0.74548098,0,0,0.9774735,0.66969321,0.85130204,0.81223005,0.16062017
"10905",208,18,0.67425438,0,0,0.85602631,0.58648649,0.74553115,0.7113137,0.14601816
"10906",204,19,0.49671992,0,0,0.65013887,0.4454275,0.56621948,0.54023186,0.21043691
"10907",205,19,0.51920908,0,0,0.65829816,0.45101765,0.57332558,0.54701181,0.33427783
"10908",206,19,0.9433521,0,0.05345252,1.20656607,0.82665064,1.05082353,1.00259415,0.53608909
"10909",207,19,1.14051047,0,0,1.47148072,1.00815074,1.28154321,1.22272456,0.34629792
"10910",203,20,0.95426867,0,0,1.37755629,0.94380061,1.19974247,1.14467821,0.00873536
"10911",204,20,0.97617317,0,0,1.42165762,0.97401561,1.23815124,1.18132414,0.08294534
"10912",205,20,0.87776521,0,0,1.32983204,0.91110345,1.15817843,1.10502182,0.41853023
"10913",206,20,1.01899535,0,0,1.46819594,1.00590025,1.27868243,1.21999508,0.72506464
"10914",207,20,1.00345178,0,0,1.45014649,0.9935341,1.26296279,1.20499692,0.42517857
"10915",206,21,0.99337517,0,0,1.44902027,0.99276249,1.26198194,1.20406109,0.16097117
"10916",207,21,0.7939729,0,0,1.14510568,0.78454249,0.99729639,0.95152374,0.07105454
"10917",220,17,0.5160812,0,0,0.85267214,0.58634889,0.74599393,0.71175524,0
"10918",221,17,0.37518242,0,0,0.61314072,0.42163261,0.5364304,0.51180999,0.00595837
"10919",224,18,0.70813522,0,0,1.11208431,0.76473637,0.97295092,0.92829565,0.02371929
"10920",225,18,0.623351,0,0,1.00429617,0.69061474,0.87864821,0.83832112,0.03778634
"10921",226,18,0.17519218,0,0,0.26477408,0.18207466,0.23164807,0.22101618,0
"10922",219,21,0.56443403,0,0,0.79842958,0.54904843,0.69853768,0.66647708,0
"10923",220,21,0.67946826,0,0,0.97272069,0.66890153,0.85102315,0.81196396,0.02300552
"10924",219,22,0.34226467,0,0,0.4841562,0.33293506,0.42358319,0.40414211,0.00267545
"10925",220,22,0.92132207,0,0,1.30617568,0.89820533,1.14275943,1.0903105,0.01749925
"10926",219,23,0,0,0,0.79274944,0.54514242,0.69356818,0.66173567,0
"10927",220,23,0.49241084,0,0,0.69654796,0.47898847,0.60940252,0.58143293,0.00358231
"10928",220,26,0.52804069,0,0,0.74781781,0.51424472,0.65425798,0.62422967,0.00683299
"10929",221,26,0.79625039,0,0,1.25311313,0.86171631,1.09633556,1.04601733,0.02299838
"10930",222,26,0.90275514,0,0,1.35194098,0.92967632,1.18279901,1.12851239,0.04222165
"10931",223,26,0.47069229,0,0,0.67926711,0.46710511,0.59428369,0.567008,0.06383669
"10932",219,27,0.69334376,0,0.04307782,0.97355977,0.66947853,0.85175725,0.81266437,0.01573533
"10933",220,27,0.87218463,0,0,1.22467947,0.84216361,1.07145925,1.02228276,0.02216646
"10934",221,27,0.89509475,0,0,1.25684874,0.86428514,1.09960381,1.04913558,0.03317432
"10935",222,27,0.64543339,0,0,1.01095209,0.69519175,0.8844714,0.84387705,0.00411672
"10936",221,28,0.29394476,0,0,0.41274301,0.28382704,0.36110454,0.34453102,0.02057822
"10937",214,31,0.59691421,0,0,0.98987457,0.68069757,0.8660309,0.82628291,0.02159057
"10938",215,31,0.72553839,0,0,1.21827425,0.83775899,1.06585539,1.0169361,0.07969362
"10939",216,31,0.28781069,0,0,0.49264156,0.33877011,0.43100695,0.41122513,0.01186288
"10940",226,5,0.45834863,0,0,0.70797958,0.48586098,0.61834459,0.58996459,0
"10941",227,6,0.28976993,0,0.01940634,0.44563228,0.30582144,0.38921223,0.37134866,0
"10942",230,7,0.38907054,0,0.02653667,0.61348322,0.42101152,0.53581211,0.51122008,0.03572582
"10943",230,8,0.58692709,0,0.03976233,0.91923818,0.63084018,0.80285643,0.76600794,0
"10944",231,8,0.85865403,0,0.0584003,1.35011674,0.92653667,1.17918286,1.12506221,0.00341967
"10945",232,8,0.30782858,0,0.0223243,0.50584111,0.3471406,0.44179822,0.42152112,0.0155425
"10946",231,9,0.90988996,0,0.06161198,1.42436542,0.97749088,1.24403116,1.18693418,0.02852473
"10947",232,9,0.8866436,0,0.06085285,1.40081737,0.9613307,1.22346445,1.16731142,0.03675137
"10948",216,10,0.4829937,0,0,0.73419693,0.50385301,0.64124265,0.61181171,0.18449028
"10949",232,10,0.43427747,0,0,0.69006944,0.4735699,0.602702,0.57503994,0.09659288
"10950",210,12,0,0,0,0.71374955,0.4898207,0.62338405,0.59477275,0.07984602
"10951",211,12,0,0,0,0.67666932,0.46437387,0.59099842,0.56387352,0.12516541
"10952",226,12,0.40371713,0,0,0.61395462,0.42133503,0.53622383,0.51161291,0.03334336
"10953",231,12,0.00465031,0,0,0.00704022,0.00483145,0.00614888,0.00586667,0
"10954",226,13,0.33398964,0,0,0.5319053,0.36502752,0.46456251,0.4432406,0.05111969
"10955",227,13,0.3858205,0,0,0.61932301,0.42501916,0.54091254,0.51608642,0.06697389
"10956",214,14,0,0,0,0.52885714,0.36293568,0.46190026,0.44070054,0.03548596
"10957",215,14,0.67669608,0,0,0.85220345,0.58483665,0.74430875,0.71014741,0.0429238
"10958",216,14,0.8142412,0,0.04712464,1.0717801,0.73552423,0.93608552,0.89312225,0.02738047
"10959",217,14,0.63597791,0,0.03546499,0.80742595,0.55410746,0.70520039,0.67283399,0.0096176
"10960",210,16,0.51224693,0,0,0.66016311,0.45304626,0.57658201,0.55011878,0
"10961",213,16,0.47565909,0,0,0.61301019,0.4206869,0.53539897,0.5108259,0.03499408
"10962",216,16,0,0,0,0.55268013,0.37928454,0.4827071,0.46055241,0.02127642
"10963",214,17,0.55875077,0,0,0.72009538,0.49417562,0.62892645,0.60006078,0.01956802
"10964",215,17,0.37770937,0,0,0.48677655,0.33405728,0.42514736,0.40563448,0.00408247
"10965",213,18,0.61392739,0,0,0.89699719,0.61557698,0.7834313,0.74747435,0.00401553
"10966",212,19,0.76328479,0,0,0.99205479,0.6808116,0.86645397,0.82668656,0.00506319
"10967",213,19,0.33662748,0,0,0.53265544,0.36554231,0.46521767,0.44386569,0.00837119
"10968",213,1,0.42898448,0,0.02873895,0.6587869,0.4534142,0.57674179,0.55027122,0.00496128
"10969",211,2,0.38919498,0,0,0.59074795,0.40658596,0.51717638,0.49343967,0.00252856
"10970",212,2,0.72059015,0,0,1.13302723,0.77981306,0.99192037,0.94639446,0.04799635
"10971",213,2,0.96861204,0,0,1.51746182,1.04440257,1.3284776,1.26750481,0.05903855
"10972",214,2,0.96746123,0,0,1.51746182,1.04440257,1.3284776,1.26750481,0.02312255
"10973",215,2,0.97548859,0,0,1.51746182,1.04440257,1.3284776,1.26750481,0.02975194
"10974",216,2,0,0,0,1.51746182,1.04440257,1.3284776,1.26750481,0.01616072
"10975",217,2,0,0,0,1.50800307,1.03789253,1.32019684,1.25960411,0.00377781
"10976",218,2,0.81742202,0,0.05570069,1.2846658,0.88417926,1.12467393,1.07305506,0.01408802
"10977",219,2,0.83545741,0,0,1.30419722,0.89762187,1.1417729,1.08936925,0.00588858
"10978",220,2,0.92208179,0,0,1.44062231,0.9915173,1.26120766,1.20332234,0.03027799
"10979",221,2,0.5349368,0,0,0.83732821,0.57629637,0.73304762,0.69940312,0.00743922
"10980",205,3,0.47088641,0,0,0.73271827,0.50429792,0.64146577,0.61202458,0.00336585
"10981",206,3,0.60641882,0,0,0.92042136,0.63348574,0.80579237,0.76880913,0
"10982",207,3,0,0,0,0.98237028,0.67612248,0.86002619,0.82055379,0
"10983",208,3,0,0,0,1.27635336,0.87845816,1.11739671,1.06611184,0
"10984",209,3,0.88589382,0,0,1.37720366,0.94786901,1.20568715,1.15035004,0.00557363
"10985",210,3,0.93877668,0,0,1.46571192,1.00878537,1.28317261,1.22427917,0
"10986",211,3,0.97680199,0,0,1.5144106,1.04230254,1.32580637,1.26495618,0.02507377
"10987",212,3,0,0,0,1.5144106,1.04230254,1.32580637,1.26495618,0.00307902
"10988",213,3,0,0,0,1.5144106,1.04230254,1.32580637,1.26495618,0.02266218
"10989",214,3,0.95644051,0,0.06558323,1.5144106,1.04230254,1.32580637,1.26495618,0.13222832
"10990",215,3,1.14109987,0,0,1.51392465,1.04196808,1.32538094,1.26455028,0.09156201
"10991",216,3,0.85028038,0,0,1.35584184,0.9331666,1.18698572,1.13250694,0.06295699
"10992",217,3,0.9419047,0,0,1.4530513,1.00007162,1.27208874,1.21370402,0.0097837
"10993",218,3,0.48598096,0,0,0.74616721,0.51355424,0.65323978,0.6232582,0.04864445
"10994",220,3,0.33794247,0,0,0.52836329,0.36364933,0.46256109,0.44133105,0.04279449
"10995",221,3,0.51108427,0,0.03466145,0.79942248,0.55020751,0.69986266,0.66774124,0.0226366
"10996",205,4,0.70557754,0,0,1.10182006,0.75833453,0.96459973,0.92032775,0.01485437
"10997",206,4,0.96873084,0,0,1.51134641,1.0401936,1.3231238,1.26239673,0
"10998",207,4,0.9721431,0,0,1.51134641,1.0401936,1.3231238,1.26239673,0.05518737
"10999",208,4,0.92937928,0,0,1.44788349,0.99651484,1.26756453,1.20938745,0.06429813
"11000",209,4,0.53189152,0,0,0.83152597,0.57230294,0.72796798,0.69455663,0.02334881
"11001",211,4,0.35841811,0,0.02430912,0.560659,0.38587705,0.4908347,0.46830699,0.02020869
"11002",212,4,0.5228637,0,0,0.81628117,0.56181061,0.71462177,0.68182296,0.01225163
"11003",213,4,0.50711779,0,0,0.7682828,0.52877543,0.6726011,0.6417309,0.00870152
"11004",206,5,0.48579178,0,0,0.76011992,0.52315728,0.66545482,0.63491261,0.04328827
"11005",208,5,0.4244175,0,0,0.66097476,0.45492,0.57865717,0.55209869,0.18541144
"11006",178,74,0,0,0,1.26926063,0.87184442,1.11505621,1.05245908,0.09180919
"11007",180,74,0.21587876,0,0,1.26926063,0.87184442,1.11505621,1.05245908,0.09952987
"11008",182,74,0,0,0,1.26926063,0.87184442,1.11505621,1.05245908,0.10616512
"11009",183,74,0,0,0,1.26926063,0.87184442,1.11505621,1.05245908,0.02943142
"11010",177,75,0.23134547,0.2428294,0,1.26533387,0.86914716,1.11160652,1.04920305,0.22973926
"11011",178,75,0,0,0,1.26533387,0.86914716,1.11160652,1.04920305,0.21090614
"11012",179,75,0.21521086,0,0,1.26533387,0.86914716,1.11160652,1.04920305,0.10691571
"11013",180,75,0.21521086,0,0,1.26533387,0.86914716,1.11160652,1.04920305,0.13636721
"11014",181,75,0.23063521,0,0,1.26533387,0.86914716,1.11160652,1.04920305,0.11643563
"11015",182,75,0,0.27532397,0,1.26533387,0.86914716,1.11160652,1.04920305,0.09324235
"11016",183,75,0,0.27561803,0,1.26533387,0.86914716,1.11160652,1.04920305,0.08517723
"11017",177,76,0.25861405,0.33372821,0.69009562,1.26139574,0.8664421,1.10814684,1.04593759,0.4662921
"11018",178,76,0.21454109,0,0,1.26139574,0.8664421,1.10814684,1.04593759,0.65614324
"11019",179,76,0.21454105,0,0,1.26139574,0.8664421,1.10814684,1.04593759,0.46557456
"11020",180,76,0.22971204,0,0,1.26139574,0.8664421,1.10814684,1.04593759,0.18979248
"11021",181,76,0.25212134,0.27152312,0,1.26139574,0.8664421,1.10814684,1.04593759,0.17294091
"11022",182,76,0.25484504,0.27152312,0,1.26139574,0.8664421,1.10814684,1.04593759,0.12328695
"11023",176,77,0.25810784,0.35600546,0.68793519,1.25744679,0.8637296,1.10467765,1.04266316,0.13054669
"11024",177,77,0.12189439,0,0.75050594,1.25744679,0.8637296,1.10467765,1.04266316,0.36009607
"11025",178,77,0.2528045,0,0,1.25744679,0.8637296,1.10467765,1.04266316,0.63070727
"11026",179,77,0.25613755,0.25652258,0,1.25744679,0.8637296,1.10467765,1.04266316,0.38421496
"11027",180,77,0.22619186,0.34053681,0,1.25744679,0.8637296,1.10467765,1.04266316,0.15440629
"11028",181,77,0.25051031,0.27831403,0,1.25744679,0.8637296,1.10467765,1.04266316,0.19266144
"11029",177,78,0.09585522,0.07728664,0.74234314,1.2469866,0.86003193,1.10119896,1.03937975,0.14300661
"11030",178,78,0.26534492,0.35488437,0.83571402,1.25348702,0.86100966,1.10119896,1.03937975,0.35550105
"11031",179,78,0.25523751,0.25571478,0,1.25348702,0.86100966,1.10119896,1.03937975,0.18933101
"11032",180,78,0.0921946,0.33702502,0.7591729,1.25348702,0.86100966,1.10119896,1.03937975,0.09436233
"11033",177,79,0.10499795,0,0.69586983,1.24951587,0.85828192,1.09771028,1.03608692,0.05315882
"11034",175,72,0.29298286,0.24267618,0,1.26747855,0.8763256,1.12192658,1.05894377,0.07307562
"11035",168,73,0.11735235,0.23489489,0.76128067,1.26657403,0.87354116,1.11849639,1.05570614,0.05293979
"11036",169,73,0.13594658,0.03573366,0.80559977,1.25004818,0.86214347,1.1039026,1.04193162,0.03770525
"11037",170,73,0.09250605,0,0.54402759,0.83251507,0.57417582,0.73518411,0.69391228,0.03582436
"11038",173,73,0.2306846,0.24235637,0,1.26657403,0.87354116,1.11849639,1.05570614,0.06364442
"11039",174,73,0.2306846,0.24745532,0,1.26657403,0.87354116,1.11849639,1.05570614,0.06248854
"11040",175,73,0.2306846,0.24129184,0,1.26657403,0.87354116,1.11849639,1.05570614,0.07842233
"11041",176,73,0.26418068,0,0,1.26657403,0.87354116,1.11849639,1.05570614,0.05069283
"11042",177,73,0.27195852,0.24505915,0,1.26657403,0.87354116,1.11849639,1.05570614,0.16494191
"11043",167,74,0.08732523,0.3243382,0,1.26267841,0.87085439,1.11505621,1.05245908,0.05342166
"11044",168,74,0.08732523,0.27793492,0,1.26267841,0.87085439,1.11505621,1.05245908,0.05167798
"11045",169,74,0.13066091,0,0.79021372,1.26267841,0.87085439,1.11505621,1.05245908,0.10312407
"11046",170,74,0.08134956,0.35466962,0.64718193,1.26267841,0.87085439,1.11505621,1.05245908,0.0424993
"11047",171,74,0.13870199,0.23251059,0.81248453,1.25371766,0.86467427,1.10714308,1.04499018,0.18449741
"11048",172,74,0.20552677,0.25919625,0.55089613,1.00173711,0.69088626,0.88462207,0.83496107,0.14034517
"11049",173,74,0.08792591,0.33658018,0.69439841,1.26267841,0.87085439,1.11505621,1.05245908,0.11781508
"11050",174,74,0.22997508,0.24063096,0,1.26267841,0.87085439,1.11505621,1.05245908,0.13575758
"11051",175,74,0.22997508,0.24334865,0,1.26267841,0.87085439,1.11505621,1.05245908,0.09361962
"11052",176,74,0.22997508,0,0,1.26267841,0.87085439,1.11505621,1.05245908,0.08276392
"11053",177,74,0.23188779,0.23892815,0,1.26926063,0.87184442,1.11505621,1.05245908,0.19243184
"11054",167,75,0.08705507,0.32485924,0,1.25877201,0.86816019,1.11160652,1.04920305,0.07331146
"11055",168,75,0.08705507,0.3588187,0,1.25877201,0.86816019,1.11160652,1.04920305,0.08904385
"11056",169,75,0.11486312,0.22075365,0.74404659,1.25877201,0.86816019,1.11160652,1.04920305,0.05046159
"11057",170,75,0.08152321,0.35300664,0.69819161,1.25877201,0.86816019,1.11160652,1.04920305,0.0262911
"11058",171,75,0.08109591,0.35351132,0.64526333,1.25877201,0.86816019,1.11160652,1.04920305,0.07034494
"11059",172,75,0.09423441,0,0.72820944,1.25877201,0.86816019,1.11160652,1.04920305,0.08502575
"11060",173,75,0.08790927,0.30325863,0.69225012,1.25877201,0.86816019,1.11160652,1.04920305,0.10266309
"11061",174,75,0.08840239,0.32737914,0.69225012,1.25877201,0.86816019,1.11160652,1.04920305,0.1833593
"11062",175,75,0.08840936,0.28566955,0.69225012,1.25877201,0.86816019,1.11160652,1.04920305,0.17917915
"11063",176,75,0.2292636,0.24356534,0,1.25877201,0.86816019,1.11160652,1.04920305,0.09743465
"11064",168,76,0.26360695,0.35015777,0,1.25485431,0.8654582,1.10814684,1.04593759,0.11300696
"11065",169,76,0.26359741,0.35542963,0,1.25485431,0.8654582,1.10814684,1.04593759,0.08932941
"11066",170,76,0.26222268,0.36156107,0,1.25485431,0.8654582,1.10814684,1.04593759,0.09173308
"11067",171,76,0.2567718,0.29979426,0.69009562,1.25485431,0.8654582,1.10814684,1.04593759,0.06666265
"11068",172,76,0.08800677,0.268102,0.69009562,1.25485431,0.8654582,1.10814684,1.04593759,0.04284887
"11069",173,76,0.08660609,0.25732818,0.69009562,1.25485431,0.8654582,1.10814684,1.04593759,0.14142299
"11070",174,76,0.08811164,0.25732818,0.69009562,1.25485431,0.8654582,1.10814684,1.04593759,0.05123958
"11071",175,76,0.08812926,0.31727732,0.69009562,1.25485431,0.8654582,1.10814684,1.04593759,0.11491075
"11072",176,76,0.08804007,0,0.69009562,1.25485431,0.8654582,1.10814684,1.04593759,0.13571288
"11073",171,77,0.22717175,0,0.67139681,1.25009875,0.86287571,1.10467765,1.04266316,0.08454366
"11074",172,77,0.22809446,0,0.67139681,1.25092584,0.86274878,1.10467765,1.04266316,0.0661711
"11075",173,77,0.09401583,0.02292094,0.67139724,1.25092584,0.86274878,1.10467765,1.04266316,0.11312466
"11076",174,77,0.25697204,0.26884992,0,1.25092584,0.86274878,1.10467765,1.04266316,0.21280049
"11077",175,77,0.2598687,0.342708,0.68793519,1.25092584,0.86274878,1.10467765,1.04266316,0.08385598
"11078",172,78,0.28911397,0,0.6943384,1.2469866,0.86003193,1.10119896,1.03937975,0.17101033
"11079",174,78,0.59680718,0.3420409,0.84178255,1.2469866,0.86003193,1.10119896,1.03937975,0.10763973
"11080",175,78,0.61487034,0.35488437,0.84559999,1.2469866,0.86003193,1.10119896,1.03937975,0.09536831
"11081",176,78,0.33895124,0.33457317,0.82912617,1.2469866,0.86003193,1.10119896,1.03937975,0.20058945
"11082",163,70,0.02014048,0,0.11635811,0.20992007,0.14360706,0.18562995,0.17408156,0.0032002
"11083",164,70,0.00591817,0,0.05024497,0.79330531,0.54757585,0.70102194,0.66166791,0.05274623
"11084",165,70,0.16086269,0,0.78892925,1.23048068,0.84933441,1.08734171,1.02630042,0.12294919
"11085",166,70,0.17478877,0,0.82495775,1.2751962,0.88166153,1.12875797,1.06539165,0.03794892
"11086",163,71,0.04964214,0,0.08606421,1.27348934,0.87902097,1.12534727,1.06217242,0.06762049
"11087",164,71,0.15174121,0,0.85667336,1.27348934,0.87902097,1.12534727,1.06217242,0.04797189
"11088",165,71,0.1542595,0,0.84060977,1.27348934,0.87902097,1.12534727,1.06217242,0.05197263
"11089",166,71,0.15438977,0,0.8345077,1.27348934,0.87902097,1.12534727,1.06217242,0.04487581
"11090",162,72,0.05601268,0,0.08653485,1.26961835,0.87634904,1.12192658,1.05894377,0.0339351
"11091",163,72,0.14946657,0,0.83299799,1.26961835,0.87634904,1.12192658,1.05894377,0.02198835
"11092",164,72,0.13791002,0,0.85271303,1.26961835,0.87634904,1.12192658,1.05894377,0.06178929
"11093",165,72,0.15482947,0,0.84950194,1.26961835,0.87634904,1.12192658,1.05894377,0.09410524
"11094",166,72,0.15324629,0,0.83070848,1.26961835,0.87634904,1.12192658,1.05894377,0.08338822
"11095",167,72,0.10562999,0.16675378,0.65372043,1.07274835,0.7404603,0.94795802,0.89474146,0.12831379
"11096",161,73,0.06648947,0,0.08431486,1.2657366,0.87366967,1.11849639,1.05570614,0.0906812
"11097",162,73,0.01323696,0,0.085915,1.2657366,0.87366967,1.11849639,1.05570614,0.05674889
"11098",163,73,0.12393797,0.23489489,0.76509919,1.2657366,0.87366967,1.11849639,1.05570614,0.06448989
"11099",164,73,0.12838022,0.23489482,0.77228211,1.2657366,0.87366967,1.11849639,1.05570614,0.10626664
"11100",165,73,0.12568857,0.23489488,0.77074153,1.2657366,0.87366967,1.11849639,1.05570614,0.0953535
"11101",166,73,0.12713051,0.23489489,0.77153274,1.2657366,0.87366967,1.11849639,1.05570614,0.08316297
"11102",167,73,0.11825931,0.25832798,0.76191401,1.2657366,0.87366967,1.11849639,1.05570614,0.05679143
"11103",163,74,0.12282885,0,0.76457919,1.26184355,0.87098251,1.11505621,1.05245908,0.07472771
"11104",164,74,0.12349765,0,0.77029379,1.26184355,0.87098251,1.11505621,1.05245908,0.05520613
"11105",165,74,0.11761213,0.23417242,0.76196126,1.26184355,0.87098251,1.11505621,1.05245908,0.05445112
"11106",166,74,0.08732523,0.33124225,0,1.26184355,0.87098251,1.11505621,1.05245908,0.05745289
"11107",163,75,0.12458114,0,0.68846679,1.25793973,0.86828792,1.11160652,1.04920305,0.18009251
"11108",164,75,0.1217331,0,0.7681864,1.25793973,0.86828792,1.11160652,1.04920305,0.08560119
"11109",165,75,0.08449459,0.28726725,0,1.25793973,0.86828792,1.11160652,1.04920305,0.08215968
"11110",166,75,0.08705507,0.32581072,0,1.25793973,0.86828792,1.11160652,1.04920305,0.12110159
"11111",163,76,0.50286916,0,0.72864915,1.25402462,0.86558553,1.10814684,1.04593759,0.10592437
"11112",164,76,0.08447759,0.28637319,0,1.25402462,0.86558553,1.10814684,1.04593759,0.11151908
"11113",165,76,0.08492737,0.28637319,0,1.25402462,0.86558553,1.10814684,1.04593759,0.08671178
"11114",166,76,0.08381852,0.32937727,0,1.25402462,0.86558553,1.10814684,1.04593759,0.11422663
"11115",167,76,0.08678413,0.3463427,0,1.25485431,0.8654582,1.10814684,1.04593759,0.06733201
"11116",164,77,0.78040115,0.28513621,0.05190006,1.25009875,0.86287571,1.10467765,1.04266316,0.08142619
"11117",165,77,0.08539907,0.33726106,0,1.25009875,0.86287571,1.10467765,1.04266316,0.10208887
"11118",166,77,0.08651244,0.34932593,0,1.25009875,0.86287571,1.10467765,1.04266316,0.11680614
"11119",167,77,0,0.35593697,0,1.25009875,0.86287571,1.10467765,1.04266316,0.13498899
"11120",168,77,0.09082195,0.35432064,0.67139724,1.25009875,0.86287571,1.10467765,1.04266316,0.10456614
"11121",169,77,0.22857748,0.35210134,0.67139724,1.25009875,0.86287571,1.10467765,1.04266316,0.17108431
"11122",170,77,0.22995597,0.34900517,0.67139724,1.25009875,0.86287571,1.10467765,1.04266316,0.14762312
"11123",166,78,0.76547669,0.34725713,0.71341376,1.24616211,0.86015846,1.10119896,1.03937975,0.05268405
"11124",167,78,0.08909338,0.3471248,0,1.24616211,0.86015846,1.10119896,1.03937975,0.05511786
"11125",168,78,0.08976337,0.34426947,0,1.24616211,0.86015846,1.10119896,1.03937975,0.11429098
"11126",169,78,0.28517342,0.34333376,0,1.24616211,0.86015846,1.10119896,1.03937975,0.19090542
"11127",170,78,0.28916459,0,0.69382532,1.24616211,0.86015846,1.10119896,1.03937975,0.15564046
"11128",167,79,0.09112339,0,0,1.24221418,0.85743342,1.09771028,1.03608692,0.19645742
"11129",168,79,0.28821469,0,0.68326179,1.24221418,0.85743342,1.09771028,1.03608692,0.11678769
"11130",169,66,1.715e-05,0,0.00011748,0.0001864,0.00012888,0.000165,0.00015573,0
"11131",170,66,0.0099934,0,0.0640099,0.10413697,0.07199956,0.09217832,0.0870036,0.00343396
"11132",171,66,0.07746209,0,0.21460393,0.35787237,0.2474304,0.3167758,0.29899261,0.01248607
"11133",172,66,0.09457889,0,0.25257897,0.42010079,0.29045468,0.37185816,0.35098276,0.01159497
"11134",173,66,0.11292624,0,0.30368872,0.5045609,0.3488498,0.44661922,0.42154687,0.01718908
"11135",174,66,0.13369165,0,0.32236941,0.57342133,0.39645941,0.50757201,0.47907789,0.03561106
"11136",175,66,0.03731031,0,0.09101618,0.16175586,0.11183684,0.14318049,0.13514261,0.00469838
"11137",167,67,0.00312578,0,0.02092299,0.0341345,0.02360035,0.03021463,0.02851844,0
"11138",168,67,0.0436481,0,0.2490586,0.40361746,0.27905822,0.35726771,0.33721138,0.03642332
"11139",169,67,0.07400262,0,0.4088986,0.66401172,0.45909296,0.58775938,0.55476369,0.03198405
"11140",170,67,0.30521391,0,0.79774811,1.27959247,0.88470108,1.13264939,1.06906462,0.05609904
"11141",171,67,0.3029883,0,0.80559587,1.28668914,0.88960767,1.13893111,1.07499369,0.05378671
"11142",172,67,0.30685454,0,0.80718442,1.28668914,0.88960767,1.13893111,1.07499369,0.04556294
"11143",173,67,0.30340132,0,0.78056428,1.28668914,0.88960767,1.13893111,1.07499369,0.09094304
"11144",174,67,0.304664,0,0.78217034,1.28668914,0.88960767,1.13893111,1.07499369,0.07392103
"11145",175,67,0.24485823,0,0,1.17251713,0.81066995,1.03787014,0.97960609,0.06693711
"11146",176,67,0.15177838,0,0,0.76262327,0.52727228,0.67504679,0.63715095,0.02679272
"11147",166,68,0.00062441,0,0.0040271,0.00656325,0.00453779,0.00580956,0.00548342,0.00023007
"11148",167,68,0.08262869,0,0.50780333,0.81839749,0.56583417,0.72441613,0.68374879,0.02841314
"11149",168,68,0.15096653,0,0.79570696,1.28286926,0.88696663,1.13554989,1.07180229,0.0393714
"11150",169,68,0.15099578,0,0.79541701,1.28286926,0.88696663,1.13554989,1.07180229,0.03709141
"11151",170,68,0.16601608,0,0.82315047,1.28286926,0.88696663,1.13554989,1.07180229,0.06911847
"11152",171,68,0.14826369,0,0.8236898,1.28286926,0.88696663,1.13554989,1.07180229,0.05143893
"11153",172,68,0.27116013,0,0.7988291,1.28286926,0.88696663,1.13554989,1.07180229,0.07610602
"11154",173,68,0.27394057,0,0.79853514,1.28286926,0.88696663,1.13554989,1.07180229,0.22482888
"11155",174,68,0.27528853,0,0.72004777,1.28286926,0.88696663,1.13554989,1.07180229,0.05434755
"11156",175,68,0.27599146,0,0.72337912,1.28286926,0.88696663,1.13554989,1.07180229,0.07497775
"11157",176,68,0.25956285,0,0,1.28286926,0.88696663,1.13554989,1.07180229,0.04322053
"11158",165,69,0.05788139,0,0.29111008,0.45613905,0.31537128,0.40375794,0.38109174,0.02512383
"11159",166,69,0.13991493,0,0.6923264,1.08045863,0.74702136,0.95638325,0.90269372,0.04250885
"11160",167,69,0.14848705,0,0.79284331,1.2790381,0.88431779,1.13215869,1.06860146,0.03154789
"11161",168,69,0.15033627,0,0.79181887,1.2790381,0.88431779,1.13215869,1.06860146,0.06673369
"11162",169,69,0.15048457,0,0.79181712,1.2790381,0.88431779,1.13215869,1.06860146,0.04394571
"11163",170,69,0.27260284,0,0.78636936,1.2790381,0.88431779,1.13215869,1.06860146,0.03452239
"11164",171,69,0.27124956,0,0.78695713,1.2790381,0.88431779,1.13215869,1.06860146,0.02345503
"11165",172,69,0.27286091,0,0.79287461,1.2790381,0.88431779,1.13215869,1.06860146,0.04238725
"11166",173,69,0.27134663,0,0.79174841,1.2790381,0.88431779,1.13215869,1.06860146,0.08182244
"11167",174,69,0.27126397,0,0.79333356,1.2790381,0.88431779,1.13215869,1.06860146,0.06565475
"11168",175,69,0.27230514,0,0.77427423,1.2790381,0.88431779,1.13215869,1.06860146,0.04352423
"11169",176,69,0.25981811,0,0,1.2790381,0.88431779,1.13215869,1.06860146,0.06689712
"11170",167,70,0.16958521,0,0.81452364,1.2751962,0.88166153,1.12875797,1.06539165,0.02417123
"11171",168,70,0.16552023,0,0.81751547,1.2751962,0.88166153,1.12875797,1.06539165,0.0434909
"11172",169,70,0.27715817,0,0.78472784,1.2751962,0.88166153,1.12875797,1.06539165,0.04051458
"11173",170,70,0.27639315,0,0.79550848,1.2751962,0.88166153,1.12875797,1.06539165,0.16880612
"11174",171,70,0.27657284,0,0.79554897,1.2751962,0.88166153,1.12875797,1.06539165,0.09800008
"11175",172,70,0.27805157,0,0.80322498,1.2751962,0.88166153,1.12875797,1.06539165,0.1065622
"11176",173,70,0.27831851,0,0.80301165,1.2751962,0.88166153,1.12875797,1.06539165,0.05067805
"11177",174,70,0.27812233,0,0.80155925,1.2751962,0.88166153,1.12875797,1.06539165,0.05230009
"11178",175,70,0.26680881,0,0,1.2751962,0.88166153,1.12875797,1.06539165,0.03837406
"11179",176,70,0.2663124,0,0,1.2751962,0.88166153,1.12875797,1.06539165,0.11614231
"11180",167,71,0.27594975,0,0.78178025,1.27134301,0.87899746,1.12534727,1.06217242,0.04063014
"11181",168,71,0.27574242,0,0.77957873,1.27134301,0.87899746,1.12534727,1.06217242,0.06703742
"11182",169,71,0.27844003,0,0.79817102,1.27134301,0.87899746,1.12534727,1.06217242,0.04590056
"11183",170,71,0.27449668,0,0.7768954,1.27134301,0.87899746,1.12534727,1.06217242,0.04133218
"11184",171,71,0.27614521,0,0.79468817,1.27134301,0.87899746,1.12534727,1.06217242,0.05136552
"11185",172,71,0.27667123,0,0.79776214,1.27134301,0.87899746,1.12534727,1.06217242,0.03115484
"11186",173,71,0.27740667,0,0.80006176,1.27134301,0.87899746,1.12534727,1.06217242,0.05128647
"11187",174,71,0.25757538,0.24730861,0,1.27134301,0.87899746,1.12534727,1.06217242,0.05557673
"11188",175,71,0.26594212,0,0,1.27134301,0.87899746,1.12534727,1.06217242,0.0527509
"11189",176,71,0.32041893,0,0,1.27134301,0.87899746,1.12534727,1.06217242,0.04793039
"11190",168,72,0.15701277,0,0.4492804,0.72545694,0.50157574,0.64214848,0.60609949,0.04840242
"11191",169,72,0.18003807,0,0.52226678,0.83279603,0.57578922,0.7371612,0.69577838,0.07936739
"11192",170,72,0.24210673,0,0.69683556,1.1070189,0.76538495,0.97989346,0.92488411,0.09248761
"11193",171,72,0.14502434,0,0.83659315,1.26747855,0.8763256,1.12192658,1.05894377,0.06248235
"11194",172,72,0.27547158,0,0.79405242,1.26747855,0.8763256,1.12192658,1.05894377,0.04387784
"11195",173,72,0.25349064,0.24522709,0,1.26747855,0.8763256,1.12192658,1.05894377,0.05911854
"11196",174,72,0.25491196,0.24313986,0,1.26747855,0.8763256,1.12192658,1.05894377,0.04191427
"11197",176,72,0.27542375,0,0,1.26747855,0.8763256,1.12192658,1.05894377,0.03304227
"11198",177,72,0.23139206,0.24691815,0,1.26747855,0.8763256,1.12192658,1.05894377,0.07540067
"11199",171,73,0.14184561,0,0,0.69596474,0.48118504,0.61604304,0.58145956,0.07607949
"11200",172,73,0.1500324,0.15689345,0,0.82182093,0.56820111,0.72744643,0.68660898,0.08124488
"11201",184,77,0.21386941,0.26680638,0,1.24645955,0.86271416,1.10467765,1.04266316,0.07570487
"11202",185,77,0.21386941,0.26774134,0,1.24645955,0.86271416,1.10467765,1.04266316,0.04723023
"11203",186,77,0,0.27227993,0,1.24645955,0.86271416,1.10467765,1.04266316,0.03576815
"11204",187,77,0,0.35903201,0,1.24645955,0.86271416,1.10467765,1.04266316,0.05696755
"11205",181,78,0.09192823,0.35430091,0,1.24253438,0.85999742,1.10119896,1.03937975,0.11087678
"11206",182,78,0.23075293,0.34250252,0.7591729,1.24253438,0.85999742,1.10119896,1.03937975,0.13296135
"11207",183,78,0.09572851,0.35256918,0.7591729,1.24253438,0.85999742,1.10119896,1.03937975,0.13522152
"11208",184,78,0,0.35779994,0,1.24253438,0.85999742,1.10119896,1.03937975,0.16556877
"11209",185,78,0.22808072,0.35522057,0,1.24253438,0.85999742,1.10119896,1.03937975,0.07783724
"11210",186,78,0,0.36059747,0,1.24253438,0.85999742,1.10119896,1.03937975,0.09544722
"11211",187,78,0,0.35986278,0,1.24253438,0.85999742,1.10119896,1.03937975,0.09287364
"11212",188,78,0.09679487,0.36053781,0.66928297,1.24253438,0.85999742,1.10119896,1.03937975,0.04100328
"11213",189,78,0.09263982,0.35981899,0.66928297,1.24253438,0.85999742,1.10119896,1.03937975,0.0773972
"11214",178,79,0.11283057,0.08279869,0.75917478,1.23859793,0.85727289,1.09771028,1.03608692,0.11650626
"11215",179,79,0.0888788,0.49054291,0.68766975,1.23859793,0.85727289,1.09771028,1.03608692,0.08757499
"11216",180,79,0.1103096,0.08279881,0.73750459,1.23859793,0.85727289,1.09771028,1.03608692,0.06857987
"11217",181,79,0.11339517,0.68121674,0.7588331,1.23859793,0.85727289,1.09771028,1.03608692,0.03738862
"11218",182,79,0.12261226,0.39144758,0.81285121,1.23859793,0.85727289,1.09771028,1.03608692,0.07751639
"11219",183,79,0.10464098,0.02681402,0.70668564,1.23859793,0.85727289,1.09771028,1.03608692,0.03511882
"11220",184,79,0.12346124,0.37105622,0.81644456,1.23859793,0.85727289,1.09771028,1.03608692,0.06127612
"11221",185,79,0.14197748,0.06019918,0.80601368,1.23859793,0.85727289,1.09771028,1.03608692,0.05014893
"11222",186,79,0.12583352,0.05985031,0.82591847,1.23859793,0.85727289,1.09771028,1.03608692,0.12928551
"11223",187,79,0.11740651,0,0.86620444,1.23859793,0.85727289,1.09771028,1.03608692,0.0605651
"11224",188,79,0,0.34470809,0,1.23859793,0.85727289,1.09771028,1.03608692,0.12023606
"11225",189,79,0.08967711,0.35132793,0,1.23859793,0.85727289,1.09771028,1.03608692,0.09258061
"11226",190,79,0.08815724,0.35360745,0,1.23859793,0.85727289,1.09771028,1.03608692,0.13819844
"11227",180,80,0.29023536,0.29208168,0,1.2346513,0.8545413,1.09421256,1.03278556,0.06341787
"11228",181,80,0.08710253,0.06959666,0.68427153,1.2346513,0.8545413,1.09421256,1.03278556,0.05232255
"11229",182,80,0.09725282,0.39020021,0.69267253,1.2346513,0.8545413,1.09421256,1.03278556,0.10336149
"11230",183,80,0.09654372,0.35283221,0.69138149,1.2346513,0.8545413,1.09421256,1.03278556,0.05773699
"11231",184,80,0.10416444,0.05979603,0.75426423,1.2346513,0.8545413,1.09421256,1.03278556,0.02531367
"11232",185,80,0.09652987,0,0.69203693,1.2346513,0.8545413,1.09421256,1.03278556,0.06134133
"11233",186,80,0.10191142,0.02658282,0.70040504,1.2346513,0.8545413,1.09421256,1.03278556,0.05190782
"11234",187,80,0.10605862,0.02706758,0.70981542,1.2346513,0.8545413,1.09421256,1.03278556,0.02448549
"11235",188,80,0.14205456,0.0596596,0.83897385,1.2346513,0.8545413,1.09421256,1.03278556,0.2823852
"11236",189,80,0.08816149,0.35238521,0,1.2346513,0.8545413,1.09421256,1.03278556,0.16275225
"11237",190,80,0.09341772,0.35236407,0,1.2346513,0.8545413,1.09421256,1.03278556,0.05589579
"11238",191,80,0.0869672,0.36020781,0,1.2346513,0.8545413,1.09421256,1.03278556,0.1030357
"11239",185,81,0.15178256,0.07348635,0.76928611,1.23069339,0.85180191,1.09070486,1.02947477,0.14345446
"11240",186,81,0.14606705,0.0612643,0.78871917,1.23069339,0.85180191,1.09070486,1.02947477,0.10192563
"11241",187,81,0.10332941,0.05946835,0.74846578,1.23069339,0.85180191,1.09070486,1.02947477,0.13724793
"11242",188,81,0.09038909,0.05946835,0.754471,1.23069339,0.85180191,1.09070486,1.02947477,0.15019962
"11243",189,81,0.14345584,0.05946835,0.85402531,1.23069339,0.85180191,1.09070486,1.02947477,0.0689422
"11244",190,81,0.14491152,0.05946835,0.85873706,1.23069339,0.85180191,1.09070486,1.02947477,0.07718078
"11245",191,81,0.13810047,0.05965785,0.80797059,1.23069339,0.85180191,1.09070486,1.02947477,0.06005147
"11246",192,81,0.11285568,0.06013685,0.74257339,1.23069339,0.85180191,1.09070486,1.02947477,0.0448303
"11247",193,81,0.08729878,0.06013685,0.7369483,1.23069339,0.85180191,1.09070486,1.02947477,0.05884704
"11248",194,81,0.14091311,0.06519958,0.75941372,1.23069339,0.85180191,1.09070486,1.02947477,0.04129538
"11249",187,82,0.0874396,0,0.68181118,1.22672476,0.84905509,1.08718765,1.02615501,0.05918892
"11250",188,82,0.08890567,0.05927658,0.7484393,1.22672476,0.84905509,1.08718765,1.02615501,0.04535365
"11251",189,82,0.08745544,0,0.68068527,1.22672476,0.84905509,1.08718765,1.02615501,0.0356089
"11252",190,82,0.10777633,0,0.75125001,1.22672476,0.84905509,1.08718765,1.02615501,0.06733965
"11253",191,82,0.14379843,0.05927658,0.85244127,1.22672476,0.84905509,1.08718765,1.02615501,0.05570362
"11254",192,82,0.0924734,0.02628334,0.70862673,1.22672476,0.84905509,1.08718765,1.02615501,0.02161424
"11255",193,82,0.16024975,0.05994293,0.82707699,1.22672476,0.84905509,1.08718765,1.02615501,0.07309544
"11256",185,73,0,0.27879469,0,1.26154942,0.87359957,1.11849639,1.05570614,0.08593003
"11257",186,73,0,0.27643955,0,1.26154942,0.87359957,1.11849639,1.05570614,0.05312452
"11258",187,73,0,0.27568596,0,1.26154942,0.87359957,1.11849639,1.05570614,0.08429664
"11259",184,74,0,0.29076533,0,1.25766924,0.87091263,1.11505621,1.05245908,0.08708198
"11260",185,74,0,0.28201689,0,1.25766924,0.87091263,1.11505621,1.05245908,0.1438108
"11261",186,74,0,0.27631575,0,1.25766924,0.87091263,1.11505621,1.05245908,0.02383851
"11262",187,74,0,0.27580906,0,1.25766924,0.87091263,1.11505621,1.05245908,0.0319102
"11263",188,74,0,0.2749549,0,1.25766924,0.87091263,1.11505621,1.05245908,0.03151471
"11264",192,74,0,0.27483801,0,1.25766924,0.87091263,1.11505621,1.05245908,0.04121895
"11265",193,74,0.08901919,0.36465315,0,1.25766924,0.87091263,1.11505621,1.05245908,0.06105042
"11266",184,75,0,0.27387882,0,1.25377835,0.86821825,1.11160652,1.04920305,0.11558801
"11267",185,75,0,0.28136228,0,1.25377835,0.86821825,1.11160652,1.04920305,0.09467772
"11268",186,75,0,0.2808787,0,1.25377835,0.86821825,1.11160652,1.04920305,0.07501582
"11269",187,75,0,0.27554328,0,1.25377835,0.86821825,1.11160652,1.04920305,0.05661386
"11270",188,75,0,0.30006937,0,1.25377835,0.86821825,1.11160652,1.04920305,0.0462253
"11271",189,75,0,0.27468272,0,1.25377835,0.86821825,1.11160652,1.04920305,0.06166521
"11272",190,75,0,0.27476557,0,1.25377835,0.86821825,1.11160652,1.04920305,0.04901825
"11273",191,75,0,0.28672269,0,1.25377835,0.86821825,1.11160652,1.04920305,0.06757834
"11274",192,75,0,0.27524693,0,1.25377835,0.86821825,1.11160652,1.04920305,0.04703319
"11275",193,75,0,0.36910004,0,1.25377835,0.86821825,1.11160652,1.04920305,0.07967957
"11276",194,75,0.09096012,0.36571877,0.69225012,1.25377835,0.86821825,1.11160652,1.04920305,0.06770825
"11277",183,76,0.257611,0.26673197,0,1.24987618,0.86551608,1.10814684,1.04593759,0.10341357
"11278",184,76,0,0.26856268,0,1.24987618,0.86551608,1.10814684,1.04593759,0.0568386
"11279",185,76,0,0.27228901,0,1.24987618,0.86551608,1.10814684,1.04593759,0.02949677
"11280",186,76,0,0.28316789,0,1.24987618,0.86551608,1.10814684,1.04593759,0.04216982
"11281",187,76,0,0.27610352,0,1.24987618,0.86551608,1.10814684,1.04593759,0.06129395
"11282",188,76,0,0.27466551,0,1.24987618,0.86551608,1.10814684,1.04593759,0.07362738
"11283",189,76,0,0.29699136,0,1.24987618,0.86551608,1.10814684,1.04593759,0.02032784
"11284",190,76,0,0.31123893,0,1.24987618,0.86551608,1.10814684,1.04593759,0.04388298
"11285",191,76,0,0.274598,0,1.24987618,0.86551608,1.10814684,1.04593759,0.05050722
"11286",192,76,0.09610074,0.36482323,0.67350573,1.24987618,0.86551608,1.10814684,1.04593759,0.07893447
"11287",193,76,0.23204243,0.36471806,0.6735053,1.24987618,0.86551608,1.10814684,1.04593759,0.08970763
"11288",194,76,0.23252548,0.36466287,0.67350573,1.24987618,0.86551608,1.10814684,1.04593759,0.05229097
"11289",195,76,0.49467135,0.35712347,0.78098245,1.24987618,0.86551608,1.10814684,1.04593759,0.06164765
"11290",182,77,0.25252581,0.26861953,0,1.2459633,0.86280648,1.10467765,1.04266316,0.0891696
"11291",183,77,0,0.26690421,0,1.2459633,0.86280648,1.10467765,1.04266316,0.06591101
"11292",188,77,0.09710064,0.36489015,0.67139724,1.2459633,0.86280648,1.10467765,1.04266316,0.07443007
"11293",189,77,0.09583472,0.36242942,0.67139724,1.2459633,0.86280648,1.10467765,1.04266316,0.03219259
"11294",190,77,0,0.36145916,0,1.2459633,0.86280648,1.10467765,1.04266316,0.01435614
"11295",191,77,0,0.36553861,0,1.2459633,0.86280648,1.10467765,1.04266316,0.02084226
"11296",192,77,0.09567793,0.3606613,0.67139724,1.2459633,0.86280648,1.10467765,1.04266316,0.06337244
"11297",193,77,0.27684167,0.35600546,0.68793519,1.2459633,0.86280648,1.10467765,1.04266316,0.23394771
"11298",194,77,0.27930509,0,0.68793519,1.2459633,0.86280648,1.10467765,1.04266316,0.07887365
"11299",195,77,0.27918639,0,0,1.2459633,0.86280648,1.10467765,1.04266316,0.05028773
"11300",196,77,0.49353506,0,0.83358529,1.2459633,0.86280648,1.10467765,1.04266316,0.06741909
"11301",190,78,0.08752247,0.35945945,0,1.24203968,0.86008945,1.10119896,1.03937975,0.0358105
"11302",191,78,0,0.36448655,0,1.24203968,0.86008945,1.10119896,1.03937975,0.01316317
"11303",192,78,0.09488444,0.36394005,0.66928297,1.24203968,0.86008945,1.10119896,1.03937975,0.04710573
"11304",193,78,0.13785629,0.0654851,0.69914689,1.24203968,0.86008945,1.10119896,1.03937975,0.07699607
"11305",194,78,0.13888202,0,0.695571,1.24203968,0.86008945,1.10119896,1.03937975,0.09249848
"11306",195,78,0.14044244,0,0.69130703,1.24203968,0.86008945,1.10119896,1.03937975,0.08762781
"11307",196,78,0.14055726,0,0.69027788,1.24203968,0.86008945,1.10119896,1.03937975,0.08328522
"11308",197,78,0.48124552,0,0.80835386,1.24203968,0.86008945,1.10119896,1.03937975,0.03662753
"11309",191,79,0.0901374,0.3599531,0.66716263,1.23810481,0.85736462,1.09771028,1.03608692,0.00697497
"11310",192,79,0.09472383,0.36226115,0.66716263,1.23810481,0.85736462,1.09771028,1.03608692,0.08878928
"11311",193,79,0.13931291,0.06462418,0.69844769,1.23810481,0.85736462,1.09771028,1.03608692,0.02312662
"11312",194,79,0.13734021,0,0.69396436,1.23810481,0.85736462,1.09771028,1.03608692,0.22161935
"11313",195,79,0.13969915,0,0.69396436,1.23810481,0.85736462,1.09771028,1.03608692,0.11023693
"11314",196,79,0.13968228,0,0.69396436,1.23810481,0.85736462,1.09771028,1.03608692,0.09931
"11315",197,79,0.14001217,0,0.68976513,1.23810481,0.85736462,1.09771028,1.03608692,0.12598926
"11316",198,79,0.12640711,0.49672919,0,1.23810481,0.85736462,1.09771028,1.03608692,0.0927912
"11317",199,79,0.09235778,0.54790439,0.06231248,1.23810481,0.85736462,1.09771028,1.03608692,0.14241055
"11318",200,79,0.33157438,0.6706102,0.95527111,1.23810481,0.85736462,1.09771028,1.03608692,0.07926599
"11319",192,80,0.10865965,0.06117217,0.75145847,1.2346513,0.8545413,1.09421256,1.03278556,0.11169449
"11320",193,80,0.14002025,0.06450135,0.77938489,1.23415974,0.85463273,1.09421256,1.03278556,0.06152865
"11321",194,80,0.13984966,0.06723299,0.76327068,1.23415974,0.85463273,1.09421256,1.03278556,0.14067081
"11322",195,80,0.141004,0.06670871,0.7633361,1.23415974,0.85463273,1.09421256,1.03278556,0.09230504
"11323",196,80,0.12368416,0.0596596,0.75405035,1.23415974,0.85463273,1.09421256,1.03278556,0.08123156
"11324",197,80,0.12381104,0.05997181,0.76564853,1.23415974,0.85463273,1.09421256,1.03278556,0.10516677
"11325",198,80,0,0.06033025,0.06372578,1.23415974,0.85463273,1.09421256,1.03278556,0.05576953
"11326",199,80,0.0891322,0.05548011,0.61561269,1.00651993,0.69699638,0.89238589,0.84228905,0.06451157
"11327",200,80,0.07044146,0.04916875,0.49226682,0.80592816,0.5580903,0.71454017,0.67442725,0.04907361
"11328",201,80,0.03670828,0,0.10555369,0.15837378,0.10967091,0.14041503,0.1325324,0.00124741
"11329",195,81,0.11228405,0.07478397,0.75950248,1.23069339,0.85180191,1.09070486,1.02947477,0.06006386
"11330",196,81,0.14104008,0.06905047,0.76050372,1.23020342,0.85189305,1.09070486,1.02947477,0.14926852
"11331",197,81,0.12193478,0.05928224,0.75407642,1.21550649,0.8417157,1.07767449,1.0171759,0.10114576
"11332",198,81,0.05531998,0.03020513,0.37734333,0.61772719,0.42776462,0.5476802,0.51693448,0.01319687
"11333",199,81,0.01375082,0,0.08392485,0.13358465,0.0925049,0.11843686,0.11178804,0.00731295
"11334",197,82,0.03915263,0,0.24691446,0.3898573,0.26996895,0.34564955,0.32624544,0.03893474
"11335",177,67,0.12211685,0,0,0.58450698,0.40444674,0.51774943,0.48868397,0.02187451
"11336",178,67,0.02690337,0,0,0.12801993,0.08858276,0.11339855,0.10703257,0
"11337",179,67,0.00733154,0,0,0.03549861,0.02456309,0.03144426,0.02967904,0
"11338",177,68,0.26503989,0,0,1.28196536,0.88704966,1.13554989,1.07180229,0.07588094
"11339",178,68,0.24903983,0,0,1.1944583,0.82649958,1.05803716,0.99864098,0.0379431
"11340",179,68,0.2543044,0,0,1.22386637,0.84684835,1.08408649,1.02322795,0.04583775
"11341",180,68,0.16852732,0,0,0.81209265,0.56192354,0.71934216,0.67895966,0.03478596
"11342",181,68,0.01473674,0,0,0.07012493,0.0485226,0.06211584,0.05862877,0.00069774
"11343",182,68,0.01794139,0,0,0.10099364,0.06988205,0.08945898,0.08443692,0
"11344",183,68,0,0,0,0.05713811,0.03953644,0.05061227,0.04777099,0
"11345",184,68,0,0,0,0.08736749,0.06045351,0.0773891,0.07304463,0.00036349
"11346",185,68,0.08786116,0,0.28950128,0.38268215,0.26410701,0.33582334,0.31831018,0.01482977
"11347",177,69,0.23698931,0,0,1.2781369,0.88440057,1.13215869,1.06860146,0.09421384
"11348",178,69,0.26487694,0,0,1.2781369,0.88440057,1.13215869,1.06860146,0.02738378
"11349",179,69,0.26471791,0,0,1.2781369,0.88440057,1.13215869,1.06860146,0.049363
"11350",180,69,0.26631695,0,0,1.2781369,0.88440057,1.13215869,1.06860146,0.03939002
"11351",181,69,0.25747214,0,0,1.24065857,0.85846762,1.09896082,1.03726726,0.04646564
"11352",182,69,0.23437461,0,0,1.23595566,0.85521347,1.09479504,1.03333533,0.0396693
"11353",183,69,0.23648664,0,0,1.24712701,0.86294343,1.10469049,1.04267528,0.05140925
"11354",184,69,0.2390697,0,0,1.26069947,0.87233483,1.11671282,1.05402269,0.20738178
"11355",185,69,0.23312644,0,0,1.2781369,0.88440057,1.13215869,1.06860146,0.10596621
"11356",186,69,0.23312644,0,0,1.2781369,0.88440057,1.13215869,1.06860146,0.09415415
"11357",187,69,0.27228651,0,0,1.2781369,0.88440057,1.13215869,1.06860146,0.02893005
"11358",188,69,0.27999519,0,0.89936575,1.2810725,0.88412857,1.12420725,1.06557995,0.08834037
"11359",177,70,0,0,0,1.2742977,0.88174406,1.12875797,1.06539165,0.04511376
"11360",178,70,0.26005199,0,0,1.2742977,0.88174406,1.12875797,1.06539165,0.06307445
"11361",179,70,0.26406808,0,0,1.2742977,0.88174406,1.12875797,1.06539165,0.01963395
"11362",180,70,0.26379397,0,0,1.2742977,0.88174406,1.12875797,1.06539165,0.05918224
"11363",181,70,0.24261912,0,0,1.2742977,0.88174406,1.12875797,1.06539165,0.01910717
"11364",182,70,0.24244439,0,0,1.2742977,0.88174406,1.12875797,1.06539165,0.03398353
"11365",183,70,0.24215688,0,0,1.2742977,0.88174406,1.12875797,1.06539165,0.04040604
"11366",184,70,0.24164202,0,0,1.2742977,0.88174406,1.12875797,1.06539165,0.056856
"11367",185,70,0.2263774,0,0,1.2742977,0.88174406,1.12875797,1.06539165,0.07764907
"11368",186,70,0,0,0,1.2742977,0.88174406,1.12875797,1.06539165,0.03444314
"11369",187,70,0,0,0,1.2742977,0.88174406,1.12875797,1.06539165,0.01125201
"11370",188,70,0.26779346,0,0,1.2742977,0.88174406,1.12875797,1.06539165,0.05714551
"11371",189,70,0.26779346,0,0,1.2742977,0.88174406,1.12875797,1.06539165,0.08214246
"11372",190,70,0,0,0,1.2742977,0.88174406,1.12875797,1.06539165,0.08683221
"11373",191,70,0.24125081,0,0.95524007,1.2742977,0.88174406,1.12875797,1.06539165,0.0795061
"11374",177,71,0.25884553,0,0,1.27044723,0.87907975,1.12534727,1.06217242,0.15444712
"11375",178,71,0.23278798,0,0,1.27044723,0.87907975,1.12534727,1.06217242,0.03190116
"11376",179,71,0.26193806,0,0,1.27044723,0.87907975,1.12534727,1.06217242,0.07356064
"11377",180,71,0.21787115,0,0,1.27044723,0.87907975,1.12534727,1.06217242,0.04439169
"11378",181,71,0.21787112,0,0,1.27044723,0.87907975,1.12534727,1.06217242,0.01688253
"11379",182,71,0.21787112,0,0,1.27044723,0.87907975,1.12534727,1.06217242,0.02931454
"11380",183,71,0,0,0,1.27044723,0.87907975,1.12534727,1.06217242,0.03610229
"11381",184,71,0,0.29344886,0,1.27044723,0.87907975,1.12534727,1.06217242,0.05577929
"11382",185,71,0,0,0,1.27044723,0.87907975,1.12534727,1.06217242,0.08672919
"11383",186,71,0,0,0,1.27044723,0.87907975,1.12534727,1.06217242,0.0189434
"11384",187,71,0,0,0,1.27044723,0.87907975,1.12534727,1.06217242,0.08652786
"11385",188,71,0.26698427,0,0,1.27044723,0.87907975,1.12534727,1.06217242,0.0508296
"11386",189,71,0,0.27573763,0,1.27044723,0.87907975,1.12534727,1.06217242,0.05984979
"11387",190,71,0,0.27885089,0,1.27044723,0.87907975,1.12534727,1.06217242,0.0850875
"11388",191,71,0.2417079,0.27886731,0.96058609,1.27044723,0.87907975,1.12534727,1.06217242,0.10330852
"11389",178,72,0,0.24574239,0,1.26658549,0.87640763,1.12192658,1.05894377,0.04533669
"11390",179,72,0,0,0,1.26658549,0.87640763,1.12192658,1.05894377,0.05927196
"11391",180,72,0.21720886,0,0,1.26658549,0.87640763,1.12192658,1.05894377,0.0416201
"11392",181,72,0.21720886,0,0,1.26658549,0.87640763,1.12192658,1.05894377,0.01313839
"11393",182,72,0.21720886,0,0,1.26658549,0.87640763,1.12192658,1.05894377,0.08016498
"11394",183,72,0.21720883,0,0,1.26658549,0.87640763,1.12192658,1.05894377,0.0511699
"11395",184,72,0.21720883,0.29255687,0,1.26658549,0.87640763,1.12192658,1.05894377,0.06523831
"11396",185,72,0,0.28777994,0,1.26658549,0.87640763,1.12192658,1.05894377,0.04368641
"11397",186,72,0,0.27801119,0,1.26658549,0.87640763,1.12192658,1.05894377,0.00977945
"11398",187,72,0,0.27630918,0,1.26658549,0.87640763,1.12192658,1.05894377,0.03247047
"11399",188,72,0,0.27803084,0,1.26658549,0.87640763,1.12192658,1.05894377,0.03975259
"11400",189,72,0,0.27801403,0,1.26658549,0.87640763,1.12192658,1.05894377,0.01757324
"11401",190,72,0,0.27746439,0,1.26658549,0.87640763,1.12192658,1.05894377,0.16838199
"11402",191,72,0,0.27670695,0,1.26658549,0.87640763,1.12192658,1.05894377,0.05335045
"11403",192,72,0.37088984,0.27653736,0.94553563,1.26658549,0.87640763,1.12192658,1.05894377,0.07993065
"11404",178,73,0,0,0,1.26271301,0.87372809,1.11849639,1.05570614,0.01568531
"11405",179,73,0,0,0,1.26271301,0.87372809,1.11849639,1.05570614,0.03412497
"11406",180,73,0.21654476,0,0,1.26271301,0.87372809,1.11849639,1.05570614,0.03869764
"11407",181,73,0.21654476,0,0,1.26271301,0.87372809,1.11849639,1.05570614,0.08849349
"11408",182,73,0.21654476,0,0,1.26271301,0.87372809,1.11849639,1.05570614,0.14938896
"11409",183,73,0.21654476,0,0,1.26271301,0.87372809,1.11849639,1.05570614,0.03605516
"11410",184,73,0.21654476,0.28835472,0,1.26271301,0.87372809,1.11849639,1.05570614,0.08473878
"11411",188,73,0,0.27580182,0,1.26271301,0.87372809,1.11849639,1.05570614,0.0737278
"11412",189,73,0,0.27568596,0,1.26271301,0.87372809,1.11849639,1.05570614,0.01308693
"11413",190,73,0,0.27568596,0,1.26271301,0.87372809,1.11849639,1.05570614,0.04509418
"11414",191,73,0,0.27568596,0,1.26271301,0.87372809,1.11849639,1.05570614,0.04715218
"11415",192,73,0,0.27568595,0,1.26271301,0.87372809,1.11849639,1.05570614,0.04491322
"11416",193,73,0.3134453,0.27568596,0.92832876,1.26271301,0.87372809,1.11849639,1.05570614,0.0413084
"11417",179,74,0,0,0,1.25882926,0.87104075,1.11505621,1.05245908,0.00839901
"11418",181,74,0.21587873,0,0,1.25882926,0.87104075,1.11505621,1.05245908,0.03003506
"11419",189,74,0,0.27483802,0,1.25882926,0.87104075,1.11505621,1.05245908,0.04238279
"11420",190,74,0,0.27483801,0,1.25882926,0.87104075,1.11505621,1.05245908,0.02326179
"11421",191,74,0,0.27483802,0,1.25882926,0.87104075,1.11505621,1.05245908,0.06323177
"11422",16,109,0.30445143,0,0.96971318,1.1308618,0.77340063,0.98736024,0.94158145,0.02949535
"11423",18,109,0.30034021,0,0.96643445,1.1308618,0.77340063,0.98736024,0.94158145,0.03465664
"11424",19,109,0.30081022,0,0.97061219,1.1308618,0.77340063,0.98736024,0.94158145,0.09519547
"11425",20,109,0.30336446,0,0.98884392,1.1308618,0.77340063,0.98736024,0.94158145,0.03095693
"11426",21,109,0.30755789,0,1.02472089,1.1308618,0.77340063,0.98736024,0.94158145,0.02586616
"11427",10,110,0.3034988,0,0.99199267,1.12654693,0.77044967,0.98359291,0.93798879,0.00776218
"11428",11,110,0.2445091,0.23933075,0.91944425,1.12654693,0.77044967,0.98359291,0.93798879,0.01724894
"11429",12,110,0.02427263,0.23933075,0.07941361,1.12654693,0.77044967,0.98359291,0.93798879,0
"11430",13,110,0.24603475,0.34266049,0.92411108,1.12654693,0.77044967,0.98359291,0.93798879,0.02116308
"11431",14,110,0.30671338,0,0.99864614,1.12654693,0.77044967,0.98359291,0.93798879,0.06240414
"11432",16,110,0.30487274,0,0.96254766,1.12654693,0.77044967,0.98359291,0.93798879,0.06241519
"11433",17,110,0.30312959,0,0.98436784,1.12654693,0.77044967,0.98359291,0.93798879,0.00772465
"11434",18,110,0.24335573,0,0.9137204,1.12654693,0.77044967,0.98359291,0.93798879,0.01292812
"11435",19,110,0.2917141,0,0.89396778,1.12654693,0.77044967,0.98359291,0.93798879,0.03136843
"11436",20,110,0.2927315,0,0.90423951,1.12654693,0.77044967,0.98359291,0.93798879,0.15220276
"11437",21,110,0.30779288,0,0.98852677,1.12654693,0.77044967,0.98359291,0.93798879,0.03401704
"11438",6,111,0.01439921,0,0.04847517,0.66909441,0.45759618,0.58418917,0.55710334,0.01216339
"11439",7,111,0.01505135,0,0.04936468,0.69816078,0.47747478,0.60956715,0.58130467,0
"11440",8,111,0.01354393,0,0.04521759,0.62895207,0.43014268,0.54914073,0.52367991,0.01605324
"11441",9,111,0.16226273,0,0.49973154,0.61907801,0.42338977,0.54051964,0.51545854,0.17610556
"11442",10,111,0.28503913,0,0.95767952,1.05869674,0.72404667,0.92435263,0.88149517,0.06972802
"11443",11,111,0.24404619,0.33092299,0.91650294,1.12222281,0.76749239,0.97981751,0.93438843,0.04837218
"11444",12,111,0.25341328,0.33377599,0.924845,1.12222281,0.76749239,0.97981751,0.93438843,0.06946425
"11445",13,111,0.25340246,0.3308714,0.92495225,1.12222281,0.76749239,0.97981751,0.93438843,0.02225372
"11446",14,111,0.29808546,0,0.92585717,1.12222281,0.76749239,0.97981751,0.93438843,0.09365562
"11447",15,111,0.30292809,0,0.95643261,1.12222281,0.76749239,0.97981751,0.93438843,0.03566222
"11448",16,111,0.30347716,0,0.95204077,1.12222281,0.76749239,0.97981751,0.93438843,0.04772602
"11449",17,111,0.30362322,0,0.9520385,1.12222281,0.76749239,0.97981751,0.93438843,0.03759086
"11450",18,111,0.30353831,0,0.96844167,1.12222281,0.76749239,0.97981751,0.93438843,0.08793543
"11451",19,111,0.30545244,0,0.99663296,1.12222281,0.76749239,0.97981751,0.93438843,0.04319361
"11452",20,111,0.30572241,0,1.00908465,1.12222281,0.76749239,0.97981751,0.93438843,0.03503488
"11453",21,111,0.30588451,0,0.98071977,1.12222281,0.76749239,0.97981751,0.93438843,0.01819718
"11454",3,112,0.01185784,0,0.0399196,0.55100376,0.37683354,0.48108373,0.45877836,0.03807296
"11455",4,112,0.0209052,0,0.07037769,0.97141114,0.66435173,0.8481432,0.80881919,0
"11456",5,112,0.02358449,0,0.07939752,1.09591101,0.74949765,0.95684457,0.91248063,0
"11457",6,112,0.02406168,0,0.08076382,1.11782201,0.76448267,0.97597515,0.93072423,0
"11458",7,112,0.02398877,0.27950323,0.07999614,1.11788836,0.76452804,0.97603308,0.93077947,0.00056511
"11459",8,112,0.24298992,0.32393802,0.91545844,1.11788836,0.76452804,0.97603308,0.93077947,0.02301682
"11460",9,112,0.30508995,0,1.00688503,1.11788836,0.76452804,0.97603308,0.93077947,0.0240135
"11461",10,112,0.30620324,0,1.02517753,1.11788836,0.76452804,0.97603308,0.93077947,0.02352138
"11462",11,112,0.24459584,0.34002682,0.91778368,1.11788836,0.76452804,0.97603308,0.93077947,0.00696103
"11463",12,112,0.25226453,0.33370299,0.9210423,1.11788836,0.76452804,0.97603308,0.93077947,0.00424013
"11464",13,112,0.25219537,0.33167078,0.92086129,1.11788836,0.76452804,0.97603308,0.93077947,0.02903831
"11465",14,112,0.30322012,0,0.9649974,1.11788836,0.76452804,0.97603308,0.93077947,0.01051582
"11466",15,112,0.3030938,0,0.98334024,1.11788836,0.76452804,0.97603308,0.93077947,0.04880976
"11467",16,112,0.30477565,0,0.99085528,1.11788836,0.76452804,0.97603308,0.93077947,0.14563994
"11468",17,112,0.30459978,0,1.00820801,1.11788836,0.76452804,0.97603308,0.93077947,0.05472086
"11469",18,112,0.30407213,0,1.00049375,1.11788836,0.76452804,0.97603308,0.93077947,0.04672563
"11470",19,112,0.30353641,0,0.99356765,1.11788836,0.76452804,0.97603308,0.93077947,0.06487163
"11471",20,112,0.30478926,0,0.99745596,1.11788836,0.76452804,0.97603308,0.93077947,0.02968185
"11472",3,113,0.01321775,0,0.0439474,0.61362868,0.41966295,0.53576181,0.5109213,0
"11473",4,113,0.01942731,0,0.06359748,0.90104622,0.61622889,0.78670728,0.75023173,0
"11474",5,113,0.02396396,0,0.08067502,1.11354412,0.761557,0.97224011,0.92716236,0
"11475",6,113,0.02401333,0,0.0783457,1.11354412,0.761557,0.97224011,0.92716236,0
"11476",7,113,0.24112519,0,0.9109625,1.11354412,0.761557,0.97224011,0.92716236,0.00376328
"11477",8,113,0.24180003,0,0.91195156,1.11354412,0.761557,0.97224011,0.92716236,0.03875617
"11478",9,113,0.242354,0,0.914295,1.11354412,0.761557,0.97224011,0.92716236,0.0142194
"11479",10,113,0.24323442,0.33870544,0.91329121,1.11354412,0.761557,0.97224011,0.92716236,0.04943152
"11480",11,113,0.24836356,0.33870544,0.91642003,1.11354412,0.761557,0.97224011,0.92716236,0.0330382
"11481",12,113,0.25116465,0.28458043,0.91738434,1.11354412,0.761557,0.97224011,0.92716236,0.00952207
"11482",13,113,0.24542505,0.32322174,0.91188506,1.11354412,0.761557,0.97224011,0.92716236,0.00048375
"11483",14,113,0.24219436,0.32269583,0.91095672,1.11354412,0.761557,0.97224011,0.92716236,0.05724406
"11484",15,113,0.30438183,0,1.01556318,1.11354412,0.761557,0.97224011,0.92716236,0.01680624
"11485",16,113,0.29973865,0,0.9358793,1.11354412,0.761557,0.97224011,0.92716236,0.0047594
"11486",17,113,0.30374939,0,1.00526046,1.11354412,0.761557,0.97224011,0.92716236,0.03052221
"11487",18,113,0.30411962,0,1.01419516,1.11354412,0.761557,0.97224011,0.92716236,0.00638327
"11488",19,113,0.30408184,0,1.02058474,1.11354412,0.761557,0.97224011,0.92716236,0.0585498
"11489",20,113,0.30356114,0,1.01515011,1.11354412,0.761557,0.97224011,0.92716236,0.03878688
"11490",21,113,0.30390635,0,1.00008231,1.11354412,0.761557,0.97224011,0.92716236,0.03966602
"11491",4,114,0.00886688,0,0.02890739,0.4111582,0.28119263,0.35898397,0.34233974,0
"11492",5,114,0.01689479,0,0.05524002,0.78353476,0.53586236,0.68410753,0.65238901,0.02956751
"11493",6,114,0.23385452,0,0.88099943,1.0789104,0.73787087,0.94200126,0.89832553,0.05496601
"11494",7,114,0.24138682,0,0.90775431,1.10919009,0.75857926,0.96843859,0.9235371,0.00856789
"11495",8,114,0.24181278,0,0.90841017,1.10919009,0.75857926,0.96843859,0.9235371,0.01014166
"11496",9,114,0.24194112,0.33738108,0.90998633,1.10919009,0.75857926,0.96843859,0.9235371,0.04197835
"11497",10,114,0.24951447,0.33738108,0.91419492,1.10919009,0.75857926,0.96843859,0.9235371,0.02726849
"11498",11,114,0.25058682,0.33738108,0.91412866,1.10919009,0.75857926,0.96843859,0.9235371,0.02335075
"11499",12,114,0.25024897,0.32678398,0.91362548,1.10919009,0.75857926,0.96843859,0.9235371,0.03101727
"11500",13,114,0.24173819,0.32573719,0.90998757,1.10919009,0.75857926,0.96843859,0.9235371,0.01114215
"11501",14,114,0.24166468,0,0.91012171,1.10919009,0.75857926,0.96843859,0.9235371,0.01479683
"11502",15,114,0.24169632,0.28142318,0.90753791,1.10919009,0.75857926,0.96843859,0.9235371,0.03363045
"11503",16,114,0.24742061,0,0.91256219,1.10919009,0.75857926,0.96843859,0.9235371,0.0218947
"11504",17,114,0.24089095,0.27684835,0.90391848,1.10919009,0.75857926,0.96843859,0.9235371,0.03466887
"11505",18,114,0.23989604,0.27684835,0.89683991,1.10919009,0.75857926,0.96843859,0.9235371,0.02005517
"11506",19,114,0.3020646,0,1.01356616,1.10919009,0.75857926,0.96843859,0.9235371,0.01471929
"11507",20,114,0.30321471,0,0.99843318,1.11193395,0.75878186,0.96843859,0.9235371,0.03605034
"11508",25,114,0.29517645,0,0.93394091,1.10919009,0.75857926,0.96843859,0.9235371,0.1679585
"11509",26,114,0.18325423,0,0.5816452,0.68839386,0.47079514,0.60103961,0.57317251,0.08324641
"11510",3,115,0.00819956,0,0.02760395,0.38101283,0.26057611,0.33266393,0.31724002,0.03014614
"11511",4,115,0.01859704,0,0.06177602,0.86330659,0.59041862,0.75375666,0.71880886,0
"11512",5,115,0.01688087,0,0.05564512,0.78325468,0.53567082,0.683863,0.6521558,0.00459471
"11513",6,115,0.23082998,0.33643908,0.8542652,1.08297347,0.74064962,0.94554874,0.90170853,0.00445958
"11514",7,115,0.23502667,0.34322793,0.87029339,1.10482627,0.75559483,0.96462852,0.91990368,0
"11515",8,115,0.24054234,0,0.90521919,1.10482627,0.75559483,0.96462852,0.91990368,0.07540354
"11516",9,115,0.23921831,0.34763448,0.89997852,1.10482627,0.75559483,0.96462852,0.91990368,0.02409675
"11517",10,115,0.24876295,0.34705612,0.90958723,1.10482627,0.75559483,0.96462852,0.91990368,0.04890702
"11518",11,115,0.24205132,0.33091431,0.90566311,1.10482627,0.75559483,0.96462852,0.91990368,0.02778075
"11519",12,115,0.23940469,0.32500101,0.90389568,1.10482627,0.75559483,0.96462852,0.91990368,0.03016735
"11520",13,115,0.2397292,0.32500101,0.90442333,1.10482627,0.75559483,0.96462852,0.91990368,0.00883261
"11521",14,115,0.24085168,0.32500101,0.90586633,1.10482627,0.75559483,0.96462852,0.91990368,0.04059346
"11522",15,115,0.23840328,0.27575916,0.89311239,1.10482627,0.75559483,0.96462852,0.91990368,0.03421731
"11523",16,115,0.23454078,0.27575916,0.86649148,1.10482627,0.75559483,0.96462852,0.91990368,0.0144075
"11524",17,115,0.23461551,0.27575923,0.86625131,1.10482627,0.75559483,0.96462852,0.91990368,0
"11525",18,115,0.23495879,0.27575916,0.86721595,1.10482627,0.75559483,0.96462852,0.91990368,0.01356669
"11526",19,115,0.23665568,0.27575916,0.87977875,1.10482627,0.75559483,0.96462852,0.91990368,0.06410006
"11527",20,115,0.23518288,0.27575916,0.86879256,1.10482627,0.75559483,0.96462852,0.91990368,0.02936482
"11528",21,115,0.23520817,0.27575916,0.86852806,1.10482627,0.75559483,0.96462852,0.91990368,0.01232394
"11529",22,115,0.23540304,0.31890892,0.8688029,1.10482627,0.75559483,0.96462852,0.91990368,0.02535845
"11530",23,115,0.29645472,0,0.95668405,1.10482627,0.75559483,0.96462852,0.91990368,0.07134866
"11531",24,115,0.29941256,0,0.99347059,1.10482627,0.75559483,0.96462852,0.91990368,0.04614078
"11532",25,115,0.29863755,0,0.99544753,1.10482627,0.75559483,0.96462852,0.91990368,0.18270277
"11533",4,116,0.01746167,0,0.058785,0.81139924,0.55491898,0.70843613,0.67558961,0
"11534",5,116,0.02372296,0,0.07787646,1.10045267,0.75260371,0.9608099,0.91626212,0.01076521
"11535",6,116,0.02370149,0,0.07893045,1.10045267,0.75260371,0.9608099,0.91626212,0
"11536",7,116,0.24786861,0.29081926,0.90633014,1.10045267,0.75260371,0.9608099,0.91626212,0.00053343
"11537",8,116,0.24848756,0.29081932,0.90663942,1.10045267,0.75260371,0.9608099,0.91626212,0.04360024
"11538",9,116,0.24841988,0.33472336,0.90680796,1.10045267,0.75260371,0.9608099,0.91626212,0.04344918
"11539",10,116,0.23418648,0.34186921,0.86822793,1.10045267,0.75260371,0.9608099,0.91626212,0
"11540",11,116,0.23763472,0,0.89405929,1.10045267,0.75260371,0.9608099,0.91626212,0.03470426
"11541",12,116,0.23944079,0.27466753,0.89974701,1.10045267,0.75260371,0.9608099,0.91626212,0.01446169
"11542",13,116,0.23880695,0.27466753,0.89807906,1.10045267,0.75260371,0.9608099,0.91626212,0
"11543",14,116,0.23467306,0.32167102,0.87496425,1.10045267,0.75260371,0.9608099,0.91626212,0.00911827
"11544",15,116,0.2339437,0.32019428,0.86689032,1.10045267,0.75260371,0.9608099,0.91626212,0.02001564
"11545",16,116,0,0.38488498,0.87013169,1.10045267,0.75260371,0.9608099,0.91626212,0.00743279
"11546",17,116,0.23347896,0.27466753,0.86290609,1.10045267,0.75260371,0.9608099,0.91626212,0.00887482
"11547",18,116,0.23461849,0.27466753,0.88201515,1.10045267,0.75260371,0.9608099,0.91626212,0.04265208
"11548",19,116,0.23381241,0.27466753,0.89736352,1.10045267,0.75260371,0.9608099,0.91626212,0.03148282
"11549",20,116,0.2925215,0,0.97392401,1.10045267,0.75260371,0.9608099,0.91626212,0.00470884
"11550",21,116,0.29391638,0,0.96945251,1.10045267,0.75260371,0.9608099,0.91626212,0.0344705
"11551",22,116,0.29257436,0,0.95081918,1.10045267,0.75260371,0.9608099,0.91626212,0.0127462
"11552",23,116,0.29312196,0,0.94987738,1.10045267,0.75260371,0.9608099,0.91626212,0.04634178
"11553",26,116,0.21435462,0,0.83318003,1.04592616,0.71531282,0.91320258,0.87086209,0.07509092
"11554",3,117,0.00946693,0,0.03187059,0.43990425,0.30085217,0.38408227,0.36627436,0.00061291
"11555",4,117,0.01630945,0,0.05490605,0.75785872,0.51830242,0.66168967,0.63101054,0.02659646
"11556",5,117,0.02334647,0,0.07812738,1.08434777,0.7415895,0.94674865,0.90285281,0
"11557",6,117,0.0223526,0,0.07467882,1.03806161,0.70993423,0.906336,0.86431389,0
"11558",7,117,0.02154693,0,0.07076596,0.99348856,0.67945055,0.86741909,0.82720135,0
"11559",8,117,0.18532225,0.24676539,0.6789983,0.83523708,0.57122177,0.72924905,0.69543754,0.02277447
"11560",9,117,0.13831191,0.18673589,0.50586212,0.61392181,0.41986343,0.53601774,0.51116537,0.01827229
"11561",10,117,0.17776048,0.24006611,0.65032557,0.78925276,0.53977292,0.68909994,0.65714994,0
"11562",11,117,0,0.29926835,0.56797169,0.69768383,0.47714859,0.60915072,0.58090755,0
"11563",12,117,0.21683318,0.29839633,0.80434233,0.98102198,0.67092462,0.85653447,0.81682139,0.08960316
"11564",13,117,0.23802814,0.33339007,0.89468511,1.09606927,0.74960589,0.95698274,0.9126124,0.09111048
"11565",14,117,0,0.45931411,0.87285401,1.09606927,0.74960589,0.95698274,0.9126124,0.00901859
"11566",15,117,0,0.35410458,0.86942172,1.09606927,0.74960589,0.95698274,0.9126124,0
"11567",16,117,0,0.30207956,0.07432822,1.09606927,0.74960589,0.95698274,0.9126124,0.01100186
"11568",21,117,0.29534631,0,0.97944682,1.09606927,0.74960589,0.95698274,0.9126124,0.03498917
"11569",22,117,0.29442926,0,0.98458611,1.09606927,0.74960589,0.95698274,0.9126124,0.05189662
"11570",12,118,0.00991757,0.11936533,0.0312407,0.47046185,0.32175062,0.41076224,0.39171732,0.00687001
"11571",13,118,0,0.2128636,0.71784293,0.89040696,0.60895266,0.77741811,0.74137325,0.01028401
"11572",14,118,0,0.37162802,0.85473729,1.06024453,0.72510521,0.925704,0.8827839,0.0394175
"11573",12,119,0,0,0.27449508,0.35108827,0.24011059,0.30653666,0.29232414,0
"11574",13,119,0,0.25135987,0.35285775,0.44329023,0.30316785,0.38703859,0.36909361,0.02065147
"11575",14,119,0,0.3779053,0.54275919,0.66646165,0.45579562,0.5818905,0.55491125,0.07843149
"11576",15,119,0,0.47218456,0.87639387,1.08727366,0.74359053,0.94930325,0.90528897,0.07055675
"11577",16,119,0,0,0.87466335,1.08727366,0.74359053,0.94930325,0.90528897,0.0113616
"11578",11,120,0,0,0.31124587,0.39155963,0.2677891,0.34187238,0.32602153,0
"11579",12,120,0,0,0.64722056,0.81608665,0.55812472,0.71252872,0.67949245,0
"11580",13,120,0,0,0.86365538,1.08286144,0.740573,0.94545092,0.90161525,0.00810672
"11581",14,120,0,0,0.86438098,1.08286144,0.740573,0.94545092,0.90161525,0.0052513
"11582",15,120,0,0.61401744,0.84928088,1.08286144,0.740573,0.94545092,0.90161525,0
"11583",16,120,0,0.61401744,0.86831566,1.08286144,0.740573,0.94545092,0.90161525,0
"11584",17,120,0.22478858,0,0.86368384,1.08286144,0.740573,0.94545092,0.90161525,0.05621984
"11585",13,121,0,0,0.67752184,0.85212675,0.58277268,0.74399549,0.70950027,0.01687513
"11586",14,121,0,0,0.84706852,1.07843943,0.73754877,0.94159005,0.89793339,0
"11587",15,121,0,0,0.85127396,1.07843943,0.73754877,0.94159005,0.89793339,0
"11588",16,121,0,0.61151002,0.8510155,1.07843943,0.73754877,0.94159005,0.89793339,0
"11589",17,121,0.23068249,0,0.8559253,1.07843943,0.73754877,0.94159005,0.89793339,0.11349002
"11590",18,121,0.23086312,0,0.85634857,1.07843943,0.73754877,0.94159005,0.89793339,0.04053215
"11591",14,122,0,0,0.77707252,0.98397996,0.67294759,0.85911709,0.81928427,0.02824677
"11592",15,122,0,0,0.84618046,1.07193612,0.73310113,0.93591199,0.89251858,0.02517469
"11593",16,122,0.02315118,0,0.07609576,1.07400817,0.73451822,0.9377211,0.89424382,0.01881414
"11594",17,122,0.22754761,0.26670971,0.84149107,1.06856972,0.73079884,0.93297276,0.88971564,0.02280704
"11595",18,122,0.20093057,0,0.74571723,0.93972561,0.64268187,0.82047842,0.78243708,0.01524856
"11596",19,122,0.22136232,0,0.82725532,1.041924,0.71257573,0.90970827,0.8675298,0.09188301
"11597",20,122,0.19594294,0,0.7542464,0.94990749,0.64964529,0.82936827,0.79091475,0.0916333
"11598",17,123,0.01264628,0,0.04257392,0.58764047,0.40188952,0.51307139,0.48928292,0.02164774
"11599",18,123,0.10431809,0,0.38750188,0.48824832,0.33391486,0.42629169,0.40652674,0.01497381
"11600",19,123,0.19217315,0,0.7117526,0.90151284,0.61654801,0.78711469,0.75062025,0.03710062
"11601",20,123,0.22834742,0,0.84836304,1.06956713,0.73148097,0.93384361,0.89054611,0.03488458
"11602",21,123,0.15907557,0,0.59042193,0.74422342,0.50897719,0.64978464,0.61965748,0.01321031
"11603",5,101,0.01220489,0.12028847,0.03761903,0.56760707,0.38733412,0.49435724,0.47143645,0
"11604",6,101,0.02207155,0.21705941,0.06742282,1.02424161,0.69894076,0.89206297,0.85070262,0.013119
"11605",7,101,0.24897985,0.24532821,0.87976619,1.15763404,0.78996753,1.00824107,0.96149414,0
"11606",8,101,0.24884409,0.25333089,0.87922547,1.15755608,0.78991433,1.00817317,0.96142939,0.03822746
"11607",9,101,0.19286255,0.20143751,0.68124086,0.8982218,0.61294505,0.78230605,0.74603456,0.01429239
"11608",10,101,0.16656118,0.1726902,0.58837875,0.77434405,0.52841108,0.67441475,0.64314562,0.02044438
"11609",11,101,0.12757208,0.12562367,0.45066779,0.59278236,0.40451369,0.51628364,0.49234624,0.00942403
"11610",3,102,0.01378563,0.13585629,0.04242869,0.6410672,0.43746318,0.55833731,0.5324501,0
"11611",4,102,0.01946117,0.1917136,0.05947281,0.90464197,0.61732617,0.78789769,0.75136695,0
"11612",5,102,0.02360167,0.23250511,0.07214446,1.09712547,0.74867658,0.95554115,0.91123764,0
"11613",6,102,0.2149695,0.24680307,0.76020224,1.00135449,0.68332263,0.87212944,0.8316933,0.00574419
"11614",7,102,0.02511907,0.2985722,0.07654728,1.16091936,0.79220943,1.01110242,0.96422283,0.02020583
"11615",8,102,0.0250691,0.25394352,0.07599571,1.16365404,0.79407557,1.01348419,0.96649416,0
"11616",9,102,0.24975873,0.2593488,0.88233012,1.16365404,0.79407557,1.01348419,0.96649416,0.01599927
"11617",10,102,0.2501401,0.25344473,0.88385346,1.16365404,0.79407557,1.01348419,0.96649416,0.01416829
"11618",11,102,0.2502249,0.26110725,0.88389116,1.16365404,0.79407557,1.01348419,0.96649416,0.03668216
"11619",12,102,0.24861023,0.25607068,0.8782304,1.15558957,0.78857239,1.00646044,0.95979607,0.04021134
"11620",13,102,0.26612324,0,0.8313764,0.98855722,0.67458979,0.86098366,0.8210643,0.07608901
"11621",2,103,0.02261237,0.22275162,0.07024821,1.05110154,0.71726993,0.91545661,0.87301162,0.01963779
"11622",3,103,0.02491968,0.24570232,0.07732256,1.15939937,0.79117219,1.00977858,0.96296037,0
"11623",4,103,0.0249246,0.24570232,0.07709443,1.15939937,0.79117219,1.00977858,0.96296037,0
"11624",5,103,0.02448594,0.24151649,0.07640883,1.13964764,0.77769364,0.99257582,0.94655521,0.00974702
"11625",6,103,0.24905557,0.24570232,0.88072413,1.15939937,0.79117219,1.00977858,0.96296037,0.01248094
"11626",7,103,0.24896778,0.24570232,0.88032235,1.15939937,0.79117219,1.00977858,0.96296037,0
"11627",8,103,0.02494254,0.24570232,0.07617195,1.15939937,0.79117219,1.00977858,0.96296037,0.00015217
"11628",9,103,0.24890546,0.25060006,0.87983531,1.15939937,0.79117219,1.00977858,0.96296037,0.02086285
"11629",10,103,0.24906692,0.25220387,0.88019893,1.15939937,0.79117219,1.00977858,0.96296037,0.01332261
"11630",11,103,0.24983337,0.2592492,0.8832489,1.15939937,0.79117219,1.00977858,0.96296037,0.04704521
"11631",12,103,0.31003271,0,0.95732309,1.15939937,0.79117219,1.00977858,0.96296037,0.14229081
"11632",13,103,0.31205047,0,0.97497435,1.15939937,0.79117219,1.00977858,0.96296037,0.31475696
"11633",14,103,0.3047217,0,0.95426564,1.12890629,0.77036376,0.98322064,0.93763378,0.13086337
"11634",15,103,0.25038888,0.25949988,0.88590281,1.15875822,0.79073467,1.00922018,0.96242785,0.03301117
"11635",16,103,0.18991762,0.18621943,0.67194606,0.8787165,0.59963467,0.76531791,0.72983408,0.02560747
"11636",17,103,0.08674042,0.08889025,0.30679485,0.40166293,0.27409411,0.34982822,0.3336085,0.0092944
"11637",1,104,0.08403576,0.08275768,0.29687026,0.39050996,0.26648334,0.34011455,0.32434519,0
"11638",2,104,0.09464042,0.09321341,0.33436249,0.43984756,0.30015124,0.38308512,0.36532344,0.01405582
"11639",3,104,0.12223592,0.12055975,0.43209407,0.56888718,0.38820766,0.49547215,0.47249966,0.01012106
"11640",4,104,0.22281976,0.21954059,0.78791302,1.03594959,0.70693026,0.90226003,0.86042689,0.0269622
"11641",5,104,0.24835935,0.24479858,0.8776896,1.15513488,0.78826211,1.00606443,0.95941842,0.05390445
"11642",6,104,0.24774617,0.30572994,0.8762232,1.15513488,0.78826211,1.00606443,0.95941842,0.04772236
"11643",7,104,0.24806612,0.26163501,0.87706996,1.15513488,0.78826211,1.00606443,0.95941842,0.04294852
"11644",8,104,0.2476882,0.26011589,0.87680739,1.15513488,0.78826211,1.00606443,0.95941842,0.02167161
"11645",9,104,0.02435071,0.30611589,0.07439913,1.15513488,0.78826211,1.00606443,0.95941842,0.02632988
"11646",10,104,0.02465191,0.29793085,0.07520159,1.15513488,0.78826211,1.00606443,0.95941842,0.00523258
"11647",11,104,0.30608461,0,0.92476657,1.15513488,0.78826211,1.00606443,0.95941842,0.0272564
"11648",12,104,0.30651505,0,0.93211634,1.15513488,0.78826211,1.00606443,0.95941842,0.04474549
"11649",13,104,0.30749279,0,0.93939436,1.15513488,0.78826211,1.00606443,0.95941842,0
"11650",14,104,0.3111589,0,0.97100227,1.15513488,0.78826211,1.00606443,0.95941842,0.03130188
"11651",15,104,0.24929889,0.25906009,0.88168349,1.15513488,0.78826211,1.00606443,0.95941842,0.0051671
"11652",16,104,0.24935229,0.25875666,0.88196121,1.15513488,0.78826211,1.00606443,0.95941842,0.02402723
"11653",17,104,0.24935287,0.25928734,0.8818808,1.15513488,0.78826211,1.00606443,0.95941842,0.01309752
"11654",18,104,0.20192208,0.23073935,0.71419443,0.93676899,0.63924959,0.81587871,0.77805063,0.03609329
"11655",2,105,0.15744124,0.15516362,0.55697266,0.73217298,0.49963361,0.63768587,0.60811967,0
"11656",3,105,0.16260299,0.16023158,0.57460049,0.75608724,0.51595266,0.65851398,0.6279821,0.0130559
"11657",4,105,0.14250198,0.13985807,0.50421418,0.65995044,0.45034907,0.57478366,0.54813392,0.02259682
"11658",5,105,0.249198,0.24319133,0.88068086,1.14755073,0.7830867,0.99945901,0.95311927,0.13618
"11659",6,105,0.02410545,0.30951694,0.07468957,1.15086004,0.78534496,1.00234126,0.95586787,0.07581842
"11660",7,105,0.02405726,0.31333622,0.07505801,1.15086004,0.78534496,1.00234126,0.95586787,0.04161092
"11661",8,105,0.02408038,0.31055556,0.07517398,1.15086004,0.78534496,1.00234126,0.95586787,0.0120949
"11662",9,105,0.02378984,0.31607977,0.07364243,1.15086004,0.78534496,1.00234126,0.95586787,0.02135425
"11663",10,105,0.30504567,0,0.91964797,1.15086004,0.78534496,1.00234126,0.95586787,0.01560862
"11664",11,105,0.31185069,0,0.97544227,1.15086004,0.78534496,1.00234126,0.95586787,0.02989607
"11665",12,105,0.30933732,0,0.94573176,1.15086004,0.78534496,1.00234126,0.95586787,0.01522509
"11666",13,105,0.31029106,0,0.95798406,1.15086004,0.78534496,1.00234126,0.95586787,0
"11667",14,105,0.30992864,0,0.96319209,1.15086004,0.78534496,1.00234126,0.95586787,0.02728139
"11668",15,105,0.24824876,0.24389265,0.87807832,1.15086004,0.78534496,1.00234126,0.95586787,0.01471446
"11669",16,105,0.24995823,0.24389265,0.88328379,1.15086004,0.78534496,1.00234126,0.95586787,0.01913853
"11670",17,105,0.2491907,0.24389265,0.88048655,1.15086004,0.78534496,1.00234126,0.95586787,0.00816362
"11671",18,105,0,0.38053687,0.081286,1.15086004,0.78534496,1.00234126,0.95586787,0.00096989
"11672",19,105,0.30773626,0,0.95244489,1.15086004,0.78534496,1.00234126,0.95586787,0.02857367
"11673",20,105,0.3085824,0,0.9566266,1.15086004,0.78534496,1.00234126,0.95586787,0.04139907
"11674",21,105,0.30812969,0,0.95599636,1.15086004,0.78534496,1.00234126,0.95586787,0.16959653
"11675",22,105,0.28010241,0,0.87350462,1.04378126,0.71227458,0.90908102,0.86693163,0.04641316
"11676",23,105,0.24397337,0,0.7598358,0.91047551,0.62130697,0.79297842,0.75621211,0
"11677",24,105,0.28336751,0,0.88851128,1.04905816,0.71587553,0.91367694,0.87131446,0.01692333
"11678",25,105,0.23609555,0,0.74025028,0.87319699,0.59586816,0.76051069,0.72524974,0.06409177
"11679",5,106,0.20081665,0.2440756,0.71148696,0.92921973,0.63409798,0.80930368,0.77178045,0.04456568
"11680",6,106,0.02432893,0.31372517,0.0756586,1.14657484,0.78242075,0.99860906,0.95230872,0.01581928
"11681",7,106,0.02364202,0.31489041,0.07301178,1.14657484,0.78242075,0.99860906,0.95230872,0.02736548
"11682",8,106,0.02388492,0.31346394,0.07436026,1.14657484,0.78242075,0.99860906,0.95230872,0.0288596
"11683",9,106,0.30181545,0,0.89649109,1.14657484,0.78242075,0.99860906,0.95230872,0.05699326
"11684",10,106,0.30491667,0,0.93122443,1.14657484,0.78242075,0.99860906,0.95230872,0.07672816
"11685",11,106,0.30698057,0,0.94389792,1.14657484,0.78242075,0.99860906,0.95230872,0.05147086
"11686",12,106,0.3049358,0,0.92831559,1.14657484,0.78242075,0.99860906,0.95230872,0.02116958
"11687",13,106,0.31108342,0,0.96993316,1.14657484,0.78242075,0.99860906,0.95230872,0.03810693
"11688",14,106,0.24905893,0.24298452,0.88003686,1.14657484,0.78242075,0.99860906,0.95230872,0.02349257
"11689",15,106,0.24905378,0.29279659,0.88017464,1.14657484,0.78242075,0.99860906,0.95230872,0.0294928
"11690",16,106,0.31186764,0,0.97829229,1.14657484,0.78242075,0.99860906,0.95230872,0.07377062
"11691",17,106,0.31371551,0,0.99232192,1.14657484,0.78242075,0.99860906,0.95230872,0.05740382
"11692",18,106,0.30784482,0,0.95615079,1.14657484,0.78242075,0.99860906,0.95230872,0.02905017
"11693",19,106,0.30458243,0,0.9263847,1.14657484,0.78242075,0.99860906,0.95230872,0.02942744
"11694",20,106,0.30220427,0,0.90611034,1.14657484,0.78242075,0.99860906,0.95230872,0.01297018
"11695",21,106,0.30463395,0,0.93503201,1.14657484,0.78242075,0.99860906,0.95230872,0
"11696",22,106,0.30689856,0,0.95224183,1.14657484,0.78242075,0.99860906,0.95230872,0.04578134
"11697",23,106,0.3077829,0,0.95884974,1.14657484,0.78242075,0.99860906,0.95230872,0
"11698",24,106,0.3067108,0,0.95397622,1.14657484,0.78242075,0.99860906,0.95230872,0.03115501
"11699",25,106,0.27464789,0,0.82234283,1.03524356,0.70644847,0.90164512,0.85984049,0.0470054
"11700",5,107,0.01198663,0.15923849,0.03690559,0.57806602,0.39447128,0.50346645,0.48012331,0.01992143
"11701",6,107,0.24610785,0.31116885,0.8701471,1.14227982,0.77948984,0.99486832,0.94874142,0.01570355
"11702",7,107,0.24498493,0.31283407,0.86696112,1.14227982,0.77948984,0.99486832,0.94874142,0.05709446
"11703",8,107,0.24481088,0.31096577,0.86730057,1.14227982,0.77948984,0.99486832,0.94874142,0.00803873
"11704",9,107,0.30788624,0,0.96141691,1.14227982,0.77948984,0.99486832,0.94874142,0.05703264
"11705",10,107,0.30971916,0,0.97918322,1.14227982,0.77948984,0.99486832,0.94874142,0.06070501
"11706",11,107,0.31247825,0,0.98825597,1.14227982,0.77948984,0.99486832,0.94874142,0.09217514
"11707",12,107,0.31119502,0,0.97829097,1.14227982,0.77948984,0.99486832,0.94874142,0.14959001
"11708",13,107,0.3075099,0,0.95157132,1.14227982,0.77948984,0.99486832,0.94874142,0.03023247
"11709",14,107,0.30364894,0,0.9181661,1.14227982,0.77948984,0.99486832,0.94874142,0.04690785
"11710",15,107,0.30395449,0,0.92475023,1.14227982,0.77948984,0.99486832,0.94874142,0.00790467
"11711",16,107,0.31128828,0,0.98103441,1.14227982,0.77948984,0.99486832,0.94874142,0.02173037
"11712",17,107,0.31144241,0,0.9705109,1.14227982,0.77948984,0.99486832,0.94874142,0.02043909
"11713",18,107,0.30970262,0,0.97107284,1.14227982,0.77948984,0.99486832,0.94874142,0
"11714",19,107,0.30620064,0,0.94871909,1.14227982,0.77948984,0.99486832,0.94874142,0.02060922
"11715",20,107,0.31140438,0,0.98026533,1.14227982,0.77948984,0.99486832,0.94874142,0.09905828
"11716",21,107,0.30742276,0,0.95194216,1.14227982,0.77948984,0.99486832,0.94874142,0.03120493
"11717",22,107,0.29916621,0,0.89518458,1.14227982,0.77948984,0.99486832,0.94874142,0.02622689
"11718",23,107,0.24514787,0.26844205,0.8658029,1.14227982,0.77948984,0.99486832,0.94874142,0.00642394
"11719",24,107,0.30703909,0,0.95851696,1.14227982,0.77948984,0.99486832,0.94874142,0.055551
"11720",25,107,0.30609207,0,0.95101657,1.14227982,0.77948984,0.99486832,0.94874142,0.01592915
"11721",26,107,0.23056269,0,0.7036387,0.86576004,0.5907932,0.75403348,0.71907285,0.05531499
"11722",6,108,0.01155652,0.14769512,0.03621792,0.54826479,0.37413497,0.47751108,0.45537136,0.01531488
"11723",7,108,0.23725004,0.30412267,0.84005548,1.1066058,0.75514594,0.96379803,0.9191117,0.02241218
"11724",8,108,0.24461993,0.31723879,0.86619515,1.13797445,0.77655186,0.99111856,0.94516551,0.0082264
"11725",9,108,0.30257863,0,0.91391843,1.13797445,0.77655186,0.99111856,0.94516551,0.02268638
"11726",10,108,0.2792525,0,0.95148388,1.13797445,0.77655186,0.99111856,0.94516551,0.14409105
"11727",11,108,0.29752102,0,0.90264856,1.13797445,0.77655186,0.99111856,0.94516551,0.07469988
"11728",12,108,0.30228545,0,0.92813194,1.13797445,0.77655186,0.99111856,0.94516551,0.10411844
"11729",13,108,0.3021838,0,0.92571823,1.13797445,0.77655186,0.99111856,0.94516551,0.04435599
"11730",14,108,0.24587942,0.26172877,0.87039158,1.13797445,0.77655186,0.99111856,0.94516551,0.02854828
"11731",15,108,0.24589126,0.25366145,0.87002073,1.13797445,0.77655186,0.99111856,0.94516551,0.01028478
"11732",16,108,0.30543639,0,0.94127054,1.13797445,0.77655186,0.99111856,0.94516551,0.02333708
"11733",17,108,0.30844939,0,0.94892573,1.13797445,0.77655186,0.99111856,0.94516551,0.04528534
"11734",18,108,0.31049581,0,0.97762475,1.13797445,0.77655186,0.99111856,0.94516551,0.02093298
"11735",19,108,0.30914838,0,0.98408533,1.13797445,0.77655186,0.99111856,0.94516551,0.0566487
"11736",20,108,0.30880292,0,0.97137344,1.13797445,0.77655186,0.99111856,0.94516551,0.0447655
"11737",21,108,0.24631017,0.31347985,0.87504342,1.13797445,0.77655186,0.99111856,0.94516551,0.01349412
"11738",22,108,0.31049797,0,0.98319376,1.13797445,0.77655186,0.99111856,0.94516551,0.06615661
"11739",23,108,0.30726413,0,0.95822336,1.13797445,0.77655186,0.99111856,0.94516551,0.04469218
"11740",24,108,0.30228857,0,0.9249423,1.13797445,0.77655186,0.99111856,0.94516551,0.01355152
"11741",25,108,0.30132505,0,0.9141427,1.13797445,0.77655186,0.99111856,0.94516551,0.02685256
"11742",26,108,0.29198229,0,0.88815206,1.10356581,0.75307146,0.96115036,0.91658679,0.06929648
"11743",7,109,0.14867241,0.19114327,0.52615448,0.69344261,0.47320407,0.60395366,0.57595145,0.03489461
"11744",8,109,0.24281679,0.309042,0.85989147,1.13365926,0.77360718,0.98736024,0.94158145,0.01338175
"11745",9,109,0.29932261,0,0.93274432,1.13365926,0.77360718,0.98736024,0.94158145,0.05364689
"11746",10,109,0.30805613,0,0.96923674,1.13365926,0.77360718,0.98736024,0.94158145,0.03477454
"11747",11,109,0.30329504,0,0.9167499,1.13365926,0.77360718,0.98736024,0.94158145,0.01356855
"11748",12,109,0.30120389,0,0.9016478,1.13365926,0.77360718,0.98736024,0.94158145,0.02427136
"11749",13,109,0.30046782,0,0.90097799,1.13365926,0.77360718,0.98736024,0.94158145,0.01068924
"11750",14,109,0.3080399,0,0.96906011,1.13365926,0.77360718,0.98736024,0.94158145,0.02989777
"11751",15,109,0.30967337,0,0.98280316,1.13365926,0.77360718,0.98736024,0.94158145,0.0614923
"11752",17,109,0.30444691,0,0.93563144,1.13365926,0.77360718,0.98736024,0.94158145,0.03321555
"11753",22,109,0.31013847,0,1.00071916,1.13365926,0.77360718,0.98736024,0.94158145,0.07542211
"11754",23,109,0.30846897,0,0.97235359,1.13365926,0.77360718,0.98736024,0.94158145,0.03357241
"11755",24,109,0.02395688,0.35578799,0.07107477,1.13365926,0.77360718,0.98736024,0.94158145,0.02501089
"11756",25,109,0.02440418,0.30027206,0.07372228,1.13365926,0.77360718,0.98736024,0.94158145,0.00774732
"11757",26,109,0.30046537,0,0.91243097,1.13365926,0.77360718,0.98736024,0.94158145,0.05680113
"11758",27,109,0.24243614,0,0.75465959,0.90449368,0.61722497,0.78776854,0.75124378,0.05356083
"11759",8,110,0,0.25698286,0.04738185,0.93964814,0.64121432,0.81838631,0.78044196,0.01395727
"11760",9,110,0.20791695,0.30039867,0.82931207,1.08173255,0.73817248,0.94213468,0.89845277,0
"11761",15,110,0.30752894,0,0.96495456,1.12933372,0.77065544,0.98359291,0.93798879,0.01306958
"11762",22,110,0.30876485,0,0.97091274,1.12933372,0.77065544,0.98359291,0.93798879,0.09094722
"11763",23,110,0.30730935,0,0.96913126,1.12933372,0.77065544,0.98359291,0.93798879,0.1234734
"11764",24,110,0.24421234,0.31755266,0.86437551,1.12933372,0.77065544,0.98359291,0.93798879,0.03666339
"11765",25,110,0,0.3359912,0.08038944,1.12933372,0.77065544,0.98359291,0.93798879,0
"11766",26,110,0.02425024,0.25370809,0.07326793,1.12933372,0.77065544,0.98359291,0.93798879,0.00519937
"11767",27,110,0.22898839,0,0.70175183,0.86040735,0.58714054,0.74937156,0.71462708,0.1026221
"11768",22,111,0.30623195,0,0.93734315,1.1249989,0.76769737,0.97981751,0.93438843,0.07849753
"11769",23,111,0.30748754,0,0.96529049,1.1249989,0.76769737,0.97981751,0.93438843,0.1808307
"11770",24,111,0.3033634,0,0.94141733,1.1249989,0.76769737,0.97981751,0.93438843,0.20497905
"11771",25,111,0.24439247,0.27437085,0.86524091,1.1249989,0.76769737,0.97981751,0.93438843,0.258162
"11772",26,111,0.24438233,0.2384121,0.8670468,1.1249989,0.76769737,0.97981751,0.93438843,0.41643147
"11773",27,111,0.11625538,0,0.35325339,0.43672689,0.2980217,0.38036717,0.36273151,0.19505137
"11774",21,112,0.30668791,0,0.99565887,1.12065373,0.76473223,0.97603308,0.93077947,0.06579067
"11775",22,112,0.30589594,0,0.95933472,1.12065373,0.76473223,0.97603308,0.93077947,0.04170472
"11776",23,112,0.30350921,0,0.94650539,1.12065373,0.76473223,0.97603308,0.93077947,0.04138174
"11777",24,112,0.29665617,0,0.89618027,1.12065373,0.76473223,0.97603308,0.93077947,0.0996092
"11778",25,112,0.284163,0,1.08771401,1.12065373,0.76473223,0.97603308,0.93077947,0.35133727
"11779",26,112,0.30300772,0,1.20918119,1.12065373,0.76473223,0.97603308,0.93077947,0.52948693
"11780",22,113,0.30325011,0,0.9431701,1.11629875,0.76176039,0.97224011,0.92716236,0.02509552
"11781",23,113,0.30385931,0,0.9533506,1.11629875,0.76176039,0.97224011,0.92716236,0.08220524
"11782",24,113,0.30130513,0,0.93304459,1.11629875,0.76176039,0.97224011,0.92716236,0.070266
"11783",25,113,0.29648122,0,0.89935008,1.11629875,0.76176039,0.97224011,0.92716236,0.06028385
"11784",26,113,0.28005927,0,0.85253527,1.05144119,0.71750171,0.91575243,0.87329373,0.07790139
"11785",21,114,0.30126885,0,0.96413399,1.11193395,0.75878186,0.96843859,0.9235371,0.01227444
"11786",22,114,0.29975098,0,0.94447188,1.11193395,0.75878186,0.96843859,0.9235371,0.04358996
"11787",23,114,0.30152629,0,0.9452756,1.11193395,0.75878186,0.96843859,0.9235371,0.04215267
"11788",24,114,0.30013166,0,0.94564059,1.11193395,0.75878186,0.96843859,0.9235371,0.01834843
"11789",106,57,0,0,0.05640585,1.34531185,0.91579685,1.16454908,1.11369594,0.00206704
"11790",107,57,0,0.53315949,0,1.34531185,0.91579685,1.16454908,1.11369594,0.01683815
"11791",108,57,0.75873285,0,0.05129619,1.34531185,0.91579685,1.16454908,1.11369594,0.0607867
"11792",109,57,0.75330637,0,0.05260899,1.34531185,0.91579685,1.16454908,1.11369594,0.05259613
"11793",110,57,0.75867168,0,0.05260899,1.34531185,0.91579685,1.16454908,1.11369594,0.02744671
"11794",111,57,0.73580111,0,0.05260899,1.34531185,0.91579685,1.16454908,1.11369594,0.02099763
"11795",105,58,0,0,0.05663591,1.34154641,0.9132336,1.16128959,1.11057878,0
"11796",106,58,0,0,0,1.34154641,0.9132336,1.16128959,1.11057878,0
"11797",107,58,0.73005969,0,0.04945668,1.34154641,0.9132336,1.16128959,1.11057878,0.01080843
"11798",108,58,0.76600426,0,0.80617381,1.34154641,0.9132336,1.16128959,1.11057878,0.1174718
"11799",109,58,1.17396158,0,0,1.34154641,0.9132336,1.16128959,1.11057878,0.15174157
"11800",110,58,1.18933952,0,0.05788334,1.34154641,0.9132336,1.16128959,1.11057878,0.12376039
"11801",111,58,1.15376824,0.0792983,0.05453941,1.34154641,0.9132336,1.16128959,1.11057878,0.07026181
"11802",112,58,1.10310015,0.07927979,0.05453941,1.34154641,0.9132336,1.16128959,1.11057878,0.05795291
"11803",105,59,0,0,0,1.33894539,0.91151483,1.16851401,1.10795195,0
"11804",106,59,0,0,0,1.33776951,0.91066254,1.15802017,1.10745213,0
"11805",107,59,0.74254056,0,0.05231405,1.33776951,0.91066254,1.15802017,1.10745213,0.01364038
"11806",108,59,0.79601696,0.30943642,0.76885525,1.33776951,0.91066254,1.15802017,1.10745213,0.10298416
"11807",109,59,1.26617243,0,0.05048422,1.33776951,0.91066254,1.15802017,1.10745213,0.06430964
"11808",110,59,1.27714525,0,0.05048421,1.33776951,0.91066254,1.15802017,1.10745213,0.08904567
"11809",111,59,1.30981472,0,0.05117432,1.33776951,0.91066254,1.15802017,1.10745213,0.08550081
"11810",112,59,1.14679084,0,0,1.33776951,0.91066254,1.15802017,1.10745213,0.02153348
"11811",113,59,1.20725496,0,0.054898,1.33776951,0.91066254,1.15802017,1.10745213,0.0215273
"11812",114,59,1.18110499,0,0.054898,1.33776951,0.91066254,1.15802017,1.10745213,0.01014936
"11813",115,59,1.11739404,0.07911219,0.05317187,1.33776951,0.91066254,1.15802017,1.10745213,0.03684819
"11814",116,59,1.2188016,0.0792545,0.05438586,1.33776951,0.91066254,1.15802017,1.10745213,0.06154525
"11815",106,60,0,0,0.05477809,1.33398061,0.90808331,1.15474036,1.10431555,0.00585122
"11816",107,60,0.73231796,0,0.05216588,1.33398061,0.90808331,1.15474036,1.10431555,0.10539226
"11817",108,60,1.16653472,0,0,1.33398061,0.90808331,1.15474036,1.10431555,0.03479268
"11818",109,60,1.16780033,0,0.0575569,1.33398061,0.90808331,1.15474036,1.10431555,0.08595461
"11819",110,60,1.3136745,0,0.07544073,1.33398061,0.90808331,1.15474036,1.10431555,0.06121566
"11820",111,60,1.32689951,0,0.05008279,1.33398061,0.90808331,1.15474036,1.10431555,0.12039659
"11821",112,60,1.30388915,0,0.0501763,1.33398061,0.90808331,1.15474036,1.10431555,0.13314905
"11822",113,60,1.197138,0,0.05018706,1.33398061,0.90808331,1.15474036,1.10431555,0.05564378
"11823",114,60,1.10583592,0,0,1.33398061,0.90808331,1.15474036,1.10431555,0.06734965
"11824",115,60,1.17533965,0,0.05829874,1.33398061,0.90808331,1.15474036,1.10431555,0.05341464
"11825",116,60,1.15945216,0,0.05474251,1.33398061,0.90808331,1.15474036,1.10431555,0.15362417
"11826",117,60,0.60929948,0,0.05038622,1.33398061,0.90808331,1.15474036,1.10431555,0.06109631
"11827",118,60,0.74423932,0,0.05618462,1.33398061,0.90808331,1.15474036,1.10431555,0
"11828",105,61,0,0,0,1.33018025,0.90549628,1.15145063,1.10116947,0.01530704
"11829",106,61,0,0,0,1.33018025,0.90549628,1.15145063,1.10116947,0.00624356
"11830",107,61,0.72995243,0.30768096,0,1.33018025,0.90549628,1.15145063,1.10116947,0.08669548
"11831",108,61,1.14398858,0,0,1.33018025,0.90549628,1.15145063,1.10116947,0.10975216
"11832",109,61,1.16331252,0,0.05739293,1.33018025,0.90549628,1.15145063,1.10116947,0.18675744
"11833",110,61,1.18291308,0,0.05813265,1.33018025,0.90549628,1.15145063,1.10116947,0.19280423
"11834",111,61,1.28181338,0,0.05028421,1.33018025,0.90549628,1.15145063,1.10116947,0.09281172
"11835",112,61,1.27626095,0,0.04997457,1.33018025,0.90549628,1.15145063,1.10116947,0.03697754
"11836",113,61,1.31067041,0,0.04997095,1.33018025,0.90549628,1.15145063,1.10116947,0.10452575
"11837",114,61,1.19157284,0,0,1.33018025,0.90549628,1.15145063,1.10116947,0.07577193
"11838",115,61,1.16602156,0,0,1.33018025,0.90549628,1.15145063,1.10116947,0.14125269
"11839",116,61,1.15463396,0,0.05595783,1.33018025,0.90549628,1.15145063,1.10116947,0.135646
"11840",117,61,1.2576241,0,0.05458656,1.33018025,0.90549628,1.15145063,1.10116947,0.13093963
"11841",104,62,0,0,0.05434814,1.32636842,0.90290145,1.14815099,1.09801391,0.02509574
"11842",105,62,0,0,0.05445184,1.32636842,0.90290145,1.14815099,1.09801391,0.04414375
"11843",106,62,0,0.45517774,0,1.32636842,0.90290145,1.14815099,1.09801391,0.07110903
"11844",107,62,0.72235266,0.30679926,0.0518682,1.32636842,0.90290145,1.14815099,1.09801391,0.06623965
"11845",108,62,0.75469513,0,0.79705292,1.32636842,0.90290145,1.14815099,1.09801391,0.23233032
"11846",109,62,1.1559558,0,0.05722847,1.32636842,0.90290145,1.14815099,1.09801391,0.49732617
"11847",110,62,1.13766305,0,0.05443013,1.32636842,0.90290145,1.14815099,1.09801391,0.42093348
"11848",111,62,1.11439034,0,0.05746932,1.32636842,0.90290145,1.14815099,1.09801391,0.06012117
"11849",112,62,1.11380575,0,0.0574693,1.32636842,0.90290145,1.14815099,1.09801391,0.03042165
"11850",113,62,1.13077783,0,0.05746931,1.32636842,0.90290145,1.14815099,1.09801391,0.02067936
"11851",114,62,1.17548855,0,0.05746931,1.32636842,0.90290145,1.14815099,1.09801391,0.13177651
"11852",115,62,1.26082658,0,0.05775614,1.32636842,0.90290145,1.14815099,1.09801391,0.08315601
"11853",106,63,0,0,0,1.32464308,0.9012016,1.15521583,1.095343,0.00867842
"11854",107,63,0,0,0,1.32254514,0.90029882,1.14484142,1.09484887,0.00655835
"11855",108,63,0.73836881,0,0.80886154,1.32254514,0.90029882,1.14484142,1.09484887,0.04560716
"11856",109,63,0.77838924,0,0.79515276,1.32254514,0.90029882,1.14484142,1.09484887,0.25903714
"11857",110,63,1.16523467,0,0.05563664,1.32254514,0.90029882,1.14484142,1.09484887,0.14329501
"11858",111,63,1.17007329,0,0.0570635,1.32254514,0.90029882,1.14484142,1.09484887,0.16377226
"11859",112,63,1.15245912,0,0.05758626,1.32254514,0.90029882,1.14484142,1.09484887,0.08640252
"11860",113,63,1.10880942,0,0.05758626,1.32254514,0.90029882,1.14484142,1.09484887,0.07708012
"11861",114,63,1.10965276,0,0.05758626,1.32254514,0.90029882,1.14484142,1.09484887,0.11811615
"11862",107,64,0,0,0,1.3187104,0.89768839,1.14152193,1.09167433,0
"11863",108,64,0,0,0,1.3187104,0.89768839,1.14152193,1.09167433,0.00941143
"11864",109,64,0.72457908,0,0.8387775,1.3187104,0.89768839,1.14152193,1.09167433,0.04821764
"11865",110,64,0.75791782,0,0.79256977,1.3187104,0.89768839,1.14152193,1.09167433,0.12521833
"11866",111,64,0.77628851,0,0.79265575,1.3187104,0.89768839,1.14152193,1.09167433,0.20265378
"11867",112,64,0.77428007,0,0.792451,1.3187104,0.89768839,1.14152193,1.09167433,0.11410132
"11868",113,64,0.04778534,0,0.0834878,1.3187104,0.89768839,1.14152193,1.09167433,0.09559264
"11869",114,64,0.0268132,0,0.08270513,1.3187104,0.89768839,1.14152193,1.09167433,0.11564506
"11870",115,64,0.02677158,0,0.08174015,1.3187104,0.89768839,1.14152193,1.09167433,0.17724246
"11871",116,64,0.05034836,0,0.08288323,1.3187104,0.89768839,1.14152193,1.09167433,0.16934609
"11872",111,65,0.01343986,0.49175151,1.17113054,1.31486365,0.89506978,1.13819205,1.08848986,0.03916944
"11873",112,65,0.77989324,0.30413812,0.81364399,1.31486365,0.89506978,1.13819205,1.08848986,0.28649876
"11874",113,65,0.74820819,0,0.05585376,1.31486365,0.89506978,1.13819205,1.08848986,0.18320309
"11875",114,65,0.04809961,0,0.0840502,1.31486365,0.89506978,1.13819205,1.08848986,0.1259122
"11876",115,65,0.04790512,0,0.08379866,1.31486365,0.89506978,1.13819205,1.08848986,0.2150567
"11877",111,66,0,0,1.02761708,1.31100598,0.89244375,1.13485272,1.08529635,0.0075687
"11878",112,66,0,0.44059618,0,1.31100598,0.89244375,1.13485272,1.08529635,0.01278166
"11879",113,66,0.7228008,0.30324581,0.05126745,1.31100598,0.89244375,1.13485272,1.08529635,0.11946572
"11880",114,66,0.00894877,0,0.08916306,1.31100598,0.89244375,1.13485272,1.08529635,0.19962498
"11881",115,66,0.00992435,0,0.0772442,1.13090948,0.76935723,0.9781891,0.93547387,0.33032131
"11882",111,67,0,0,0,1.30713686,0.88980991,1.13150347,1.08209336,0.00570652
"11883",112,67,0,0,0,1.30713686,0.88980991,1.13150347,1.08209336,0
"11884",113,67,0,0.50047256,0,1.30713686,0.88980991,1.13150347,1.08209336,0.00976957
"11885",114,67,0.70458703,0,0.05069621,1.29639827,0.88249981,1.12220777,1.07320358,0.14627322
"11886",115,67,0,0,0.04258875,0.85136497,0.5795514,0.73697136,0.70478954,0.29149734
"11887",112,68,0,0,0,1.30325627,0.88716827,1.1281443,1.07888087,0
"11888",113,68,0,0.45190999,0,1.30325627,0.88716827,1.1281443,1.07888087,0.11666646
"11889",114,68,0,0.48655877,0,1.30325627,0.88716827,1.1281443,1.07888087,0.03697996
"11890",115,68,0,0.43393108,0,1.29937733,0.88452775,1.12478655,1.07566975,0.00680741
"11891",113,69,0,0,0,1.29936423,0.88451883,1.12477521,1.0756589,0.01195109
"11892",114,69,0,0,0.053056,1.29936423,0.88451883,1.12477521,1.0756589,0
"11893",114,70,0,0,0,1.29546127,0.88186197,1.12139667,1.0724279,0
"11894",106,65,0,0,0,1.31545055,0.89484241,1.13819205,1.08848986,0
"11895",107,65,0,0,0,1.31545055,0.89484241,1.13819205,1.08848986,0
"11896",108,65,0,0,0,1.31545055,0.89484241,1.13819205,1.08848986,0.01434809
"11897",109,65,0,0,1.01536637,1.31545055,0.89484241,1.13819205,1.08848986,0
"11898",110,65,0.01288707,0.48576293,1.14200005,1.31545055,0.89484241,1.13819205,1.08848986,0.06518634
"11899",105,66,0,0,0,1.31159116,0.89221704,1.13485272,1.08529635,0.0395283
"11900",106,66,0,0,1.02008322,1.31159116,0.89221704,1.13485272,1.08529635,0.04057902
"11901",107,66,0,0,1.03188742,1.31159116,0.89221704,1.13485272,1.08529635,0.15025409
"11902",108,66,0,0,1.03925206,1.31159116,0.89221704,1.13485272,1.08529635,0.06598057
"11903",109,66,0,0,1.02207023,1.31159116,0.89221704,1.13485272,1.08529635,0.07275942
"11904",110,66,0,0,1.02325384,1.31159116,0.89221704,1.13485272,1.08529635,0.06634128
"11905",108,67,0,0,0,1.32628303,0.89118994,1.14294606,1.08918573,0
"11906",109,67,0,0,0,1.30772031,0.88958387,1.13150347,1.08209336,0.02982159
"11907",110,67,0,0,0,1.30772031,0.88958387,1.13150347,1.08209336,0.00684653
"11908",109,54,0.37416332,0,0.01829026,0.43091284,0.29350688,0.37311062,0.35681775,0.05411598
"11909",109,55,1.03120287,0.07998503,0.06313025,1.35245479,0.92119508,1.17103784,1.11990135,0.01237257
"11910",110,55,1.05894367,0.07992686,0.05507455,1.35245479,0.92119508,1.17103784,1.11990135,0.01048738
"11911",111,55,1.0977693,0,0.0524539,1.28527072,0.87543412,1.11286577,1.06426952,0.07856486
"11912",112,55,0.67994426,0,0.032853,0.7984579,0.54385218,0.69135354,0.66116375,0.13621938
"11913",110,56,0.71463575,0.43207459,0.05865515,1.34906583,0.9183523,1.16779866,1.11680362,0
"11914",111,56,1.09738376,0.07973144,0.05483633,1.34871379,0.91864699,1.16779866,1.11680362,0.03102207
"11915",112,56,1.81132768,0,0,1.34871379,0.91864699,1.16779866,1.11680362,0.04274189
"11916",113,56,0.56118358,0,0.02599749,0.64151502,0.43695397,0.55546283,0.53120707,0.1220712
"11917",122,56,0.03552354,0,0.02581239,0.6285151,0.42809936,0.54420671,0.52044247,0.07017853
"11918",123,56,0.05112804,0,0.03733719,0.90373335,0.61555826,0.78250745,0.74833717,0.29802834
"11919",112,57,0.68740555,0.38550984,0.05259882,1.34496079,0.91609071,1.16454908,1.11369594,0.03343438
"11920",113,57,1.13589182,0.07949928,0.05346255,1.34496079,0.91609071,1.16454908,1.11369594,0.08923708
"11921",114,57,0,0,0.03782587,0.94848454,0.64603956,0.82125576,0.78539344,0.19820414
"11922",120,57,0.05082543,0,0.02592445,0.62650248,0.4267285,0.54246406,0.51877592,0.11368209
"11923",121,57,0.97631612,0,0.04963574,1.21918379,0.83042045,1.05564368,1.00954619,0.03487437
"11924",122,57,1.07234426,0.0797211,0.07843738,1.34496079,0.91609071,1.16454908,1.11369594,0.02250748
"11925",113,58,1.80496127,0,0.051267,1.34119634,0.91352664,1.16128959,1.11057878,0.14234427
"11926",114,58,1.04910037,0.07931887,0.05331291,1.34119634,0.91352664,1.16128959,1.11057878,0.02057784
"11927",115,58,0.92352441,0.06994697,0.04789275,1.17793464,0.80232449,1.01992765,0.97538979,0.09600602
"11928",116,58,0.55720342,0.0426402,0.02899628,0.71918392,0.48985644,0.6227133,0.59552086,0.0759792
"11929",117,58,0.06885402,0,0.03459483,0.84863809,0.57803132,0.73480261,0.7027155,0.31009858
"11930",118,58,0.85232123,0.06431829,0.04663472,1.08833951,0.74129872,0.94235072,0.90120047,0.14898742
"11931",119,58,1.06877573,0,0.05732069,1.33772376,0.91116137,1.15828282,1.10770331,0.09710802
"11932",120,58,1.14802317,0.03435211,0.80126108,1.34119634,0.91352664,1.16128959,1.11057878,0.05278202
"11933",121,58,1.2294175,0.03444729,0.80126739,1.34119634,0.91352664,1.16128959,1.11057878,0.02275659
"11934",117,59,1.22921871,0.07903837,0.05444942,1.33742043,0.91095476,1.15802017,1.10745213,0.14871675
"11935",118,59,0.69046028,0,0.05479121,1.33742043,0.91095476,1.15802017,1.10745213,0.03108906
"11936",119,59,0.91065096,0.5236237,0.74939448,1.33742043,0.91095476,1.15802017,1.10745213,0
"11937",119,60,0.83185572,0,0.73946174,1.33502491,0.90821687,1.15474036,1.10431555,0.00972416
"11938",118,61,0.82548546,0,0.74021081,1.33122157,0.90562946,1.15145063,1.10116947,0.12835095
"11939",119,61,0.86318995,0,0,1.33122157,0.90562946,1.15145063,1.10116947,0.02877555
"11940",116,62,0.03061994,0,0.08215428,1.32740676,0.90303424,1.14815099,1.09801391,0.08765787
"11941",117,62,0.47501471,0,0.08241131,1.32740676,0.90303424,1.14815099,1.09801391,0.18266353
"11942",118,62,0.47715363,0,0.08296357,1.32740676,0.90303424,1.14815099,1.09801391,0.27562036
"11943",119,62,0.06190464,0,0.08305677,1.32740676,0.90303424,1.14815099,1.09801391,0.17166194
"11944",120,62,0.47974849,0,0.08561905,1.32740676,0.90303424,1.14815099,1.09801391,0.19554162
"11945",122,62,1.28617207,0,0.82931407,1.32740676,0.90303424,1.14815099,1.09801391,0.29211033
"11946",124,62,1.28607503,0,0.83758314,1.32740676,0.90303424,1.14815099,1.09801391,0.21700692
"11947",125,62,1.2882072,0,0.84160668,1.32740676,0.90303424,1.14815099,1.09801391,0.10362014
"11948",126,62,1.3333873,0,0.84519993,1.32740676,0.90303424,1.14815099,1.09801391,0.2115451
"11949",127,62,1.30230327,0,0.77536964,1.32740676,0.90303424,1.14815099,1.09801391,0.14156708
"11950",128,62,1.30245632,0,0.83843232,1.32740676,0.90303424,1.14815099,1.09801391,0.23407867
"11951",129,62,1.30720306,0,0.78072719,1.32740676,0.90303424,1.14815099,1.09801391,0.16227842
"11952",130,62,1.29824784,0,0.84006201,1.32740676,0.90303424,1.14815099,1.09801391,0.15730504
"11953",115,63,1.25758721,0,0.05759432,1.32358048,0.90043123,1.14484142,1.09484887,0.08407355
"11954",116,63,0.05498772,0,0.0821741,1.32358048,0.90043123,1.14484142,1.09484887,0.18497794
"11955",117,63,0.05627663,0,0.08380456,1.32358048,0.90043123,1.14484142,1.09484887,0.20163939
"11956",118,63,0.05493982,0,0.08199269,1.32358048,0.90043123,1.14484142,1.09484887,0.26484426
"11957",119,63,0.03104507,0,0.08169311,1.32358048,0.90043123,1.14484142,1.09484887,0.19647542
"11958",120,63,0.06144809,0,0.08337418,1.32358048,0.90043123,1.14484142,1.09484887,0.26902199
"11959",121,63,0.47763607,0,0.08514584,1.32358048,0.90043123,1.14484142,1.09484887,0.23292507
"11960",122,63,0.47798284,0,0.08540152,1.32358048,0.90043123,1.14484142,1.09484887,0.17541788
"11961",123,63,0.47726696,0,0.08481454,1.32358048,0.90043123,1.14484142,1.09484887,0.15236049
"11962",124,63,0.47744132,0,0.08492251,1.32358048,0.90043123,1.14484142,1.09484887,0.19345295
"11963",125,63,1.2887257,0,0.83274166,1.32358048,0.90043123,1.14484142,1.09484887,0.18786576
"11964",126,63,1.30884772,0,0.74688275,1.32358048,0.90043123,1.14484142,1.09484887,0.1930232
"11965",127,63,1.26713352,0,0.76476387,1.32358048,0.90043123,1.14484142,1.09484887,0.19914273
"11966",128,63,1.26446112,0,0.84203474,1.32358048,0.90043123,1.14484142,1.09484887,0.25737428
"11967",117,64,0.05588608,0,0.08318173,1.31974274,0.89782041,1.14152193,1.09167433,0.32452851
"11968",118,64,0.05494622,0,0.08183343,1.31974274,0.89782041,1.14152193,1.09167433,0.57729645
"11969",119,64,0.05505999,0,0.08194354,1.31974274,0.89782041,1.14152193,1.09167433,0.64143323
"11970",120,64,0.47575293,0,0.08416969,1.31974274,0.89782041,1.14152193,1.09167433,0.31012594
"11971",121,64,0.06249586,0,0.08439755,1.31974274,0.89782041,1.14152193,1.09167433,0.28842344
"11972",122,64,0.06235807,0,0.08430823,1.31974274,0.89782041,1.14152193,1.09167433,0.25292625
"11973",123,64,0.47631574,0,0.08491348,1.31974274,0.89782041,1.14152193,1.09167433,0.17025521
"11974",124,64,0.06179145,0,0.08360452,1.31974274,0.89782041,1.14152193,1.09167433,0.28140021
"11975",125,64,1.34928995,0,0.73539479,1.31974274,0.89782041,1.14152193,1.09167433,0.35142501
"11976",126,64,0.91336146,0,0.73553483,1.31974274,0.89782041,1.14152193,1.09167433,0.34157628
"11977",127,64,1.04112359,0,0.65709643,1.08884009,0.74073744,0.94180086,0.90067461,0.18740744
"11978",116,65,0.01243737,0,0.08991654,1.31589298,0.89520142,1.13819205,1.08848986,0.53171982
"11979",117,65,0.01269712,0,0.08993734,1.31589298,0.89520142,1.13819205,1.08848986,0.71711925
"11980",118,65,0.01271743,0,0.08991946,1.31589298,0.89520142,1.13819205,1.08848986,0.84566349
"11981",119,65,0.05735412,0,0.08461765,1.31589298,0.89520142,1.13819205,1.08848986,0.8811049
"11982",120,65,0.47490682,0,0.08449413,1.31589298,0.89520142,1.13819205,1.08848986,0.61105698
"11983",121,65,0.47454264,0,0.08432465,1.31589298,0.89520142,1.13819205,1.08848986,0.57206752
"11984",122,65,0.05711547,0,0.08409881,1.31589298,0.89520142,1.13819205,1.08848986,0.32097158
"11985",123,65,0.47275887,0,0.08402425,1.31056918,0.89157964,1.13358718,1.08408608,0.46020062
"11986",124,65,0.05623709,0,0.08259392,1.29460761,0.88072099,1.1197811,1.07088287,0.44621665
"11987",125,65,0.85840625,0,0.79080101,1.31589298,0.89520142,1.13819205,1.08848986,0.50849834
"11988",126,65,0.87466838,0,0.7880881,1.31589298,0.89520142,1.13819205,1.08848986,0.37458652
"11989",127,65,0,0,0,0.56013503,0.38105962,0.48449323,0.46333654,0.19969376
"11990",116,66,0.01178617,0,0.08309312,1.21639831,0.82751524,1.05213335,1.00618914,0.63582992
"11991",117,66,0.01272547,0,0.08961416,1.31203229,0.892575,1.13485272,1.08529635,0.64609127
"11992",118,66,0.01262854,0,0.08889514,1.3015682,0.88545628,1.12580171,1.07664058,0.74109596
"11993",119,66,0.01232277,0,0.08695325,1.27277664,0.86586939,1.10089823,1.05282457,0.69025782
"11994",120,66,0.01235215,0,0.086832,1.27121631,0.8648079,1.09954861,1.05153389,0.48722679
"11995",121,66,0.01102305,0,0.08910368,1.31203229,0.892575,1.13485272,1.08529635,0.48892246
"11996",122,66,0.01095861,0,0.08920204,1.31203229,0.892575,1.13485272,1.08529635,0.41188662
"11997",123,66,0.78663939,0,0,1.29565292,0.88143212,1.12068525,1.07174755,0.2639079
"11998",124,66,0.61747142,0,0.0453488,1.01641281,0.6914652,0.87915431,0.84076369,0.17843857
"11999",125,66,0.81354419,0,0,1.31203229,0.892575,1.13485272,1.08529635,0.11688132
"12000",126,66,0.29802495,0.36144308,0.05065912,1.29605488,0.88170558,1.12103293,1.07208004,0.10748417
"12001",127,66,0.02968646,0.34838052,0.05712709,1.25274029,0.85223868,1.08356763,1.03625077,0.02909757
"12002",128,66,0.54738841,0,0.03980411,0.89213855,0.60692147,0.7716623,0.73796561,0.06211954
"12003",116,67,0.01020245,0,0.08338468,1.22574282,0.83387231,1.06021595,1.0139188,0.4037559
"12004",118,67,0,0,0.08228293,1.18025239,0.80292519,1.02086865,0.9762897,0.19602296
"12005",119,67,0,0,0.05173751,1.058107,0.71982973,0.91521802,0.87525259,0.19760849
"12006",120,67,0,0.57414911,0,1.26985641,0.86388277,1.09837236,1.050409,0.17837223
"12007",121,67,0,0.57357607,0,1.30816014,0.88994078,1.13150347,1.08209336,0.05953889
"12008",122,67,0,0.50119569,0,1.30816014,0.88994078,1.13150347,1.08209336,0.09624094
"12009",123,67,0,0.37280483,0,1.30816014,0.88994078,1.13150347,1.08209336,0.13921148
"12010",124,67,0,0.36534937,0,1.30816014,0.88994078,1.13150347,1.08209336,0.12404703
"12011",125,67,0.2815018,0.34720679,0.04767967,1.30816014,0.88994078,1.13150347,1.08209336,0.17801324
"12012",126,67,0,0.41946473,0,1.30816014,0.88994078,1.13150347,1.08209336,0.00814211
"12013",116,68,0,0,0.06103348,0.90101119,0.61295752,0.77933676,0.74530494,0.10652509
"12014",118,68,0,0.35603671,0.06064577,1.31228914,0.8813395,1.1308866,1.0776935,0.07898719
"12015",119,68,0,0,0.04538539,1.00635013,0.68461956,0.87045051,0.83243997,0.11010322
"12016",120,68,0,0.43297072,0.06032429,1.23987044,0.84348332,1.07243575,1.02560499,0.12437901
"12017",121,68,0,0.50083843,0.06345789,1.30427652,0.88729875,1.1281443,1.07888087,0.08120924
"12018",122,68,0,0.4420988,0,1.30427652,0.88729875,1.1281443,1.07888087,0.06337042
"12019",123,68,0,0.42366203,0,1.30427652,0.88729875,1.1281443,1.07888087,0.04633202
"12020",124,68,0,0.42655696,0,1.30427652,0.88729875,1.1281443,1.07888087,0.03637212
"12021",125,68,0,0.41779944,0,1.30427652,0.88729875,1.1281443,1.07888087,0.03143744
"12022",126,68,0,0.4277645,0,1.30427652,0.88729875,1.1281443,1.07888087,0.06688199
"12023",119,69,0,0,0.05431526,1.30038143,0.88464892,1.12477521,1.0756589,0.01657611
"12024",120,69,0,0.49565767,0.06310156,1.29695274,0.88231639,1.12180954,1.07282274,0.11688333
"12025",121,69,0,0,0,1.30038143,0.88464892,1.12477521,1.0756589,0.01993065
"12026",122,69,0,0,0,1.30038143,0.88464892,1.12477521,1.0756589,0.030128
"12027",123,69,0,0.40793088,0,1.30038143,0.88464892,1.12477521,1.0756589,0.05132641
"12028",124,69,0,0.37888877,0,1.31839655,0.88551222,1.13614976,1.0827091,0.06953875
"12029",125,69,0.29725698,0.38350124,0.04807302,1.30038143,0.88464892,1.12477521,1.0756589,0.05178732
"12030",126,69,0,0.41193417,0,1.30038143,0.88464892,1.12477521,1.0756589,0.03033207
"12031",120,70,0,0,0.05284522,1.29647541,0.88199166,1.12139667,1.0724279,0.02242962
"12032",125,70,0,0,0,1.29647541,0.88199166,1.12139667,1.0724279,0.01487999
"12033",126,70,0,0,0,1.29647541,0.88199166,1.12139667,1.0724279,0.08222676
"12034",127,70,0,0,0,1.29647541,0.88199166,1.12139667,1.0724279,0.00067866
"12035",125,71,0,0,0,1.31046467,0.88018471,1.12931433,1.07619519,0
"12036",131,70,0.65577329,0.36431185,0.05512941,1.29667113,0.88177943,1.12139667,1.0724279,0.16560046
"12037",132,70,0.35321089,0.38213291,0.05591672,1.29667113,0.88177943,1.12139667,1.0724279,0.06850497
"12038",133,70,0,0.44960422,0.05255289,1.29667113,0.88177943,1.12139667,1.0724279,0.05486547
"12039",127,71,0,0.37556174,0.05239411,1.29275305,0.87911501,1.11800822,1.06918741,0.03847287
"12040",128,71,0,0.38426611,0.0523941,1.29275305,0.87911501,1.11800822,1.06918741,0.03229403
"12041",129,71,0,0.42996822,0.0523941,1.29275305,0.87911501,1.11800822,1.06918741,0.02984372
"12042",130,71,0.40192019,0.38045618,0.05574776,1.29275305,0.87911501,1.11800822,1.06918741,0.08740872
"12043",131,71,0.4026036,0.37915926,0.05574776,1.29275305,0.87911501,1.11800822,1.06918741,0.05559766
"12044",132,71,0.35074461,0.37880529,0,1.29275305,0.87911501,1.11800822,1.06918741,0.06958368
"12045",133,71,0.35141401,0.37858991,0.05574776,1.29275305,0.87911501,1.11800822,1.06918741,0.08329581
"12046",134,71,0,0,0,1.29275305,0.87911501,1.11800822,1.06918741,0.03461494
"12047",135,71,0,0,0,1.29275305,0.87911501,1.11800822,1.06918741,0.05477397
"12048",127,72,0,0,0,1.28882351,0.87644279,1.11460984,1.06593743,0.03905962
"12049",128,72,0,0,0,1.28882351,0.87644279,1.11460984,1.06593743,0
"12050",129,72,0,0,0,1.28882351,0.87644279,1.11460984,1.06593743,0
"12051",130,72,0,0,0,1.28882351,0.87644279,1.11460984,1.06593743,0.04340435
"12052",131,72,0.35174492,0.37897848,0,1.28882351,0.87644279,1.11460984,1.06593743,0.03709444
"12053",132,72,0,0,0,1.28882351,0.87644279,1.11460984,1.06593743,0
"12054",133,72,0.34989319,0.37882175,0,1.28882351,0.87644279,1.11460984,1.06593743,0.110579
"12055",134,72,0.35141696,0.37966877,0.0555783,1.28882351,0.87644279,1.11460984,1.06593743,0.03282675
"12056",135,72,0.3495607,0.37767029,0.0555783,1.28882351,0.87644279,1.11460984,1.06593743,0.11267305
"12057",136,72,0,0.41049396,0.05223484,1.28882351,0.87644279,1.11460984,1.06593743,0.04563268
"12058",137,72,0,0.46478047,0.05223484,1.28882351,0.87644279,1.11460984,1.06593743,0.0381876
"12059",131,73,0,0,0,1.28488304,0.87376314,1.11120201,1.06267842,0
"12060",132,73,0,0.37988975,0.05686408,1.28488304,0.87376314,1.11120201,1.06267842,0.08884211
"12061",133,73,0,0,0,1.28488304,0.87376314,1.11120201,1.06267842,0.00873096
"12062",134,73,0,0,0,1.28488304,0.87376314,1.11120201,1.06267842,0.00845557
"12063",135,73,0,0.41711145,0.05207513,1.28488304,0.87376314,1.11120201,1.06267842,0.06348324
"12064",136,73,0,0,0,1.28488304,0.87376314,1.11120201,1.06267842,0
"12065",129,66,0.62821685,0.33309323,0.05451085,1.27972985,0.87210733,1.10881455,1.06039521,0.06352194
"12066",130,66,0.03176864,0.33717629,0.05579093,1.30978161,0.89258693,1.13485272,1.08529635,0.03146937
"12067",127,67,0.57406058,0.34069169,0.05562627,1.3059161,0.88995267,1.13150347,1.08209336,0.06386555
"12068",128,67,0.03237144,0.34102206,0.05540904,1.30081624,0.88647723,1.12708473,1.07786757,0.04856723
"12069",129,67,0.80970034,0,0.80270935,1.23756199,0.84337087,1.07227844,1.02545455,0.16029048
"12070",130,67,0.64052865,0.34337424,0.05562627,1.3059161,0.88995267,1.13150347,1.08209336,0.19399195
"12071",131,67,0.03262236,0.34381455,0.05562628,1.3059161,0.88995267,1.13150347,1.08209336,0.05866355
"12072",127,68,0,0,0,1.30203914,0.88731061,1.1281443,1.07888087,0
"12073",128,68,0.57816877,0.34448312,0.05546113,1.30203914,0.88731061,1.1281443,1.07888087,0.11000137
"12074",129,68,0.03242603,0.33937278,0.05546113,1.30203914,0.88731061,1.1281443,1.07888087,0.10334942
"12075",130,68,0.63838809,0.34043814,0.05947723,1.30203914,0.88731061,1.1281443,1.07888087,0.32624806
"12076",131,68,0.57130301,0.34592363,0.05534866,1.30203914,0.88731061,1.1281443,1.07888087,0.27033742
"12077",132,68,0.58311606,0.36006249,0.05625318,1.30203914,0.88731061,1.1281443,1.07888087,0.11788548
"12078",133,68,0.58138189,0.35285899,0.05546113,1.30203914,0.88731061,1.1281443,1.07888087,0.10062198
"12079",127,69,0,0,0,1.30038143,0.88464892,1.12477521,1.0756589,0.02126308
"12080",128,69,0,0.42139406,0,1.29815073,0.88466075,1.12477521,1.0756589,0.06347003
"12081",129,69,0,0.42142322,0.05271123,1.29815073,0.88466075,1.12477521,1.0756589,0.03063505
"12082",130,69,0.63436416,0.33969834,0.0552955,1.29815073,0.88466075,1.12477521,1.0756589,0.22169125
"12083",131,69,0.65625435,0.35781914,0.05608518,1.30057773,0.88443605,1.12477521,1.0756589,0.12305695
"12084",132,69,0.60963206,0.37118643,0.05348756,1.29815073,0.88466075,1.12477521,1.0756589,0.06468625
"12085",133,69,0,0.43383576,0.05271123,1.29815073,0.88466075,1.12477521,1.0756589,0.06999171
"12086",134,69,0,0.45217448,0.05271123,1.29815073,0.88466075,1.12477521,1.0756589,0.03389526
"12087",128,70,0,0,0,1.29425142,0.88200345,1.12139667,1.0724279,0.01178209
"12088",129,70,0,0.39410245,0.0525529,1.29425142,0.88200345,1.12139667,1.0724279,0.0366176
"12089",130,70,0.60716194,0.3655455,0.05912148,1.29425142,0.88200345,1.12139667,1.0724279,0.18228435
"12090",134,70,0,0,0,1.29425142,0.88200345,1.12139667,1.0724279,0.05125061
"12091",133,61,1.27441437,0,0.84028836,1.32895624,0.90548418,1.15145063,1.10116947,0.27768705
"12092",137,61,0.59821934,0,0.70422257,1.32448946,0.90049937,1.14491275,1.09491708,0.16013719
"12093",138,61,0.5783792,0,0.68070021,1.28620877,0.8763582,1.11441285,1.06574904,0.06492267
"12094",131,62,1.32716915,0,0.86412411,1.32514792,0.90288938,1.14815099,1.09801391,0.14381786
"12095",132,62,1.27506313,0,0.86412232,1.32514792,0.90288938,1.14815099,1.09801391,0.18170856
"12096",133,62,1.2758246,0,0.86421682,1.32514792,0.90288938,1.14815099,1.09801391,0.14633338
"12097",134,62,1.2757463,0,0.86421861,1.32514792,0.90288938,1.14815099,1.09801391,0.31894213
"12098",135,62,1.2657202,0,0.84105394,1.32514792,0.90288938,1.14815099,1.09801391,0.18236615
"12099",136,62,0.55922345,0,0.81788373,1.32514792,0.90288938,1.14815099,1.09801391,0.16416794
"12100",137,62,1.26538409,0,0.82573173,1.32514792,0.90288938,1.14815099,1.09801391,0.15766253
"12101",129,63,1.24974046,0,0,1.32132815,0.90028678,1.14484142,1.09484887,0.15823953
"12102",130,63,1.26904265,0,0.84203475,1.32132815,0.90028678,1.14484142,1.09484887,0.27841008
"12103",131,63,1.30247751,0,0.92094377,1.32132815,0.90028678,1.14484142,1.09484887,0.36394283
"12104",132,63,1.25776481,0,0.93136107,1.32132815,0.90028678,1.14484142,1.09484887,0.20327854
"12105",133,63,1.31181615,0,0.94009003,1.32132815,0.90028678,1.14484142,1.09484887,0.20808118
"12106",134,63,1.30959291,0,0.94014011,1.32132815,0.90028678,1.14484142,1.09484887,0.30006304
"12107",135,63,1.25723299,0,0.92110162,1.32132815,0.90028678,1.14484142,1.09484887,0.2501908
"12108",136,63,1.25677512,0,0.8705042,1.32132815,0.90028678,1.14484142,1.09484887,0.17896284
"12109",137,63,1.01280334,0,0.77246266,1.19395974,0.81350433,1.03448531,0.98931175,0.07253982
"12110",128,64,1.13989332,0,0.05480577,1.19958198,0.81733504,1.0393566,0.99397032,0.32268323
"12111",129,64,1.27535681,0,0.91132084,1.31749694,0.89767639,1.14152193,1.09167433,0.6771229
"12112",130,64,1.31325254,0,0.92382704,1.31749694,0.89767639,1.14152193,1.09167433,0.33721442
"12113",131,64,0.54245251,0,1.06043072,1.31749694,0.89767639,1.14152193,1.09167433,0.41856198
"12114",132,64,0.52634706,0,1.0384211,1.31749694,0.89767639,1.14152193,1.09167433,0.33831393
"12115",133,64,0.51864023,0,1.02747617,1.31749694,0.89767639,1.14152193,1.09167433,0.18576194
"12116",134,64,0.53765031,0,1.04628028,1.31749694,0.89767639,1.14152193,1.09167433,0.33116117
"12117",135,64,1.2467953,0,0.94258229,1.31749694,0.89767639,1.14152193,1.09167433,0.68656551
"12118",136,64,1.24476125,0,0.9421988,1.31749694,0.89767639,1.14152193,1.09167433,0.49692603
"12119",137,64,0.48502385,0,0.92716811,1.31703787,0.8973636,1.14112418,1.09129395,0.29955645
"12120",138,64,0,0,0.0355158,0.70025203,0.47711664,0.60672099,0.5802269,0.08509632
"12121",128,65,0.64821785,0,0.67135509,0.98073274,0.66822214,0.84973855,0.81263245,0.30828758
"12122",129,65,0.50896764,0,0.85907684,1.31365373,0.89505782,1.13819205,1.08848986,0.22698122
"12123",130,65,0.84795109,0,0.85907684,1.31365373,0.89505782,1.13819205,1.08848986,0.09880738
"12124",131,65,0.81498758,0,0.90241193,1.31365373,0.89505782,1.13819205,1.08848986,0.20835286
"12125",132,65,0.53586766,0,1.04018693,1.31365373,0.89505782,1.13819205,1.08848986,0.41932509
"12126",133,65,0.53351724,0,1.0408414,1.31365373,0.89505782,1.13819205,1.08848986,0.54144085
"12127",134,65,0.5328767,0,1.04051869,1.31365373,0.89505782,1.13819205,1.08848986,0.32614896
"12128",135,65,0.53398534,0,1.04178382,1.31365373,0.89505782,1.13819205,1.08848986,0.45217658
"12129",136,65,0.53313253,0,1.04086469,1.31365373,0.89505782,1.13819205,1.08848986,0.45189809
"12130",137,65,0.53548149,0,1.04428254,1.31365373,0.89505782,1.13819205,1.08848986,0.58775872
"12131",138,65,0.53310083,0,1.03727976,1.31365373,0.89505782,1.13819205,1.08848986,0.20656247
"12132",139,65,0.36742626,0,1.04732227,1.31083552,0.89313763,1.13575026,1.0861547,0.25880295
"12133",140,65,0.41915416,0,0.81644074,1.03291022,0.70377326,0.8949468,0.85586656,0.13943626
"12134",141,65,0.11931427,0,0.39942821,0.51238673,0.34911464,0.44394842,0.42456223,0.0442674
"12135",131,66,0.03271812,0.35560013,0.0598309,1.30979961,0.89243182,1.13485272,1.08529635,0.09075838
"12136",132,66,0.84795093,0,0.06442895,1.30979961,0.89243182,1.13485272,1.08529635,0.40115637
"12137",133,66,0.83764613,0,0.06346081,1.30979961,0.89243182,1.13485272,1.08529635,0.30036439
"12138",134,66,0.0594441,0,0.09001707,1.30979961,0.89243182,1.13485272,1.08529635,0.56219578
"12139",135,66,0.05834921,0,0.08943596,1.30979961,0.89243182,1.13485272,1.08529635,0.42171504
"12140",136,66,0.05789538,0,0.09162307,1.30979961,0.89243182,1.13485272,1.08529635,0.40318842
"12141",137,66,0.53479522,0,1.0375393,1.30979961,0.89243182,1.13485272,1.08529635,0.52926254
"12142",138,66,0.53437456,0,1.03815911,1.30979961,0.89243182,1.13485272,1.08529635,0.33275539
"12143",139,66,0.52916454,0,1.03275888,1.30979961,0.89243182,1.13485272,1.08529635,0.24017963
"12144",140,66,0.52698769,0,1.01388199,1.30979961,0.89243182,1.13485272,1.08529635,0.23793887
"12145",141,66,0.52755533,0,1.01334718,1.30979961,0.89243182,1.13485272,1.08529635,0.2756923
"12146",132,67,0.03396388,0.34545708,0.05650066,1.30593405,0.88979801,1.13150347,1.08209336,0.09984454
"12147",133,67,0.03139891,0.34985049,0.05965433,1.30593405,0.88979801,1.13150347,1.08209336,0.09176229
"12148",134,67,0.85008023,0,0.84753001,1.30593405,0.88979801,1.13150347,1.08209336,0.05315495
"12149",135,67,0.84944553,0,0.85240081,1.30593405,0.88979801,1.13150347,1.08209336,0.19302972
"12150",136,67,0.86157421,0,0.87246257,1.30593405,0.88979801,1.13150347,1.08209336,0.29747206
"12151",137,67,0.05919791,0,0.09157731,1.30593405,0.88979801,1.13150347,1.08209336,0.35545154
"12152",138,67,0.36102885,0,1.03386615,1.30593405,0.88979801,1.13150347,1.08209336,0.42417903
"12153",134,68,0.57069226,0.33551603,0.05450239,1.30205704,0.88715641,1.1281443,1.07888087,0.07153806
"12154",135,68,0.85025678,0,0.844469,1.30205704,0.88715641,1.1281443,1.07888087,0.11073708
"12155",136,68,0.854708,0,0.86092725,1.30205704,0.88715641,1.1281443,1.07888087,0.2083238
"12156",137,68,0.85799908,0,0.86011315,1.30205704,0.88715641,1.1281443,1.07888087,0.15427962
"12157",138,68,0.01875794,0.3671215,0.08951258,1.30205704,0.88715641,1.1281443,1.07888087,0.09548225
"12158",135,69,0,0.40761531,0.05201962,1.29816858,0.88450701,1.12477521,1.0756589,0.04206621
"12159",136,69,0,0.42312805,0.05201963,1.29816858,0.88450701,1.12477521,1.0756589,0.04177076
"12160",137,69,0.02967806,0.42898873,0.07763429,1.29816858,0.88450701,1.12477521,1.0756589,0.1087972
"12161",135,70,0,0.3958065,0.05186338,1.29426921,0.88185018,1.12139667,1.0724279,0.06662889
"12162",136,70,0,0.40793357,0.05186338,1.29426921,0.88185018,1.12139667,1.0724279,0.01882379
"12163",137,70,0,0.40366116,0.05186338,1.29426921,0.88185018,1.12139667,1.0724279,0.04854565
"12164",138,70,0,0.40838645,0.05186338,1.29426921,0.88185018,1.12139667,1.0724279,0.10071468
"12165",136,71,0,0,0,1.29035839,0.87918554,1.11800822,1.06918741,0.03720522
"12166",137,71,0,0,0,1.29035839,0.87918554,1.11800822,1.06918741,0
"12167",138,71,0,0.39834233,0.0517748,1.29035839,0.87918554,1.11800822,1.06918741,0.04693455
"12168",139,71,0,0.40717872,0.05170666,1.29035839,0.87918554,1.11800822,1.06918741,0.03901311
"12169",142,66,0.51631598,0,1.00435441,1.27670225,0.86915274,1.10527965,1.05701467,0.211098
"12170",143,66,0,0,0.05576128,1.01842869,0.69332539,0.88168443,0.84318333,0.14492298
"12171",144,66,0.32793291,0,0.93405459,1.17636054,0.80084216,1.0184108,0.97393918,0.22569897
"12172",145,66,0,0.02496233,0.03666223,0.65835432,0.44819413,0.56995719,0.54506849,0.13457506
"12173",139,67,0.52695006,0,1.02823444,1.30699324,0.88977422,1.13150347,1.08209336,0.46935444
"12174",140,67,0.5288949,0,1.03033744,1.30699324,0.88977422,1.13150347,1.08209336,0.36410725
"12175",141,67,0.53715242,0,1.03713409,1.30699324,0.88977422,1.13150347,1.08209336,0.34230615
"12176",142,67,0.52758044,0,1.03008917,1.30699324,0.88977422,1.13150347,1.08209336,0.26468602
"12177",143,67,0.05686085,0,0.08938017,1.30699324,0.88977422,1.13150347,1.08209336,0.36012792
"12178",144,67,0.53659518,0,1.03583159,1.30699324,0.88977422,1.13150347,1.08209336,0.41906674
"12179",145,67,0.01108369,0,0.08863141,1.30699324,0.88977422,1.13150347,1.08209336,0.24998004
"12180",139,68,0.01044894,0,0.0860534,1.30311308,0.88713269,1.1281443,1.07888087,0.22142337
"12181",140,68,0.01051755,0,0.08776318,1.30311308,0.88713269,1.1281443,1.07888087,0.13402569
"12182",141,68,0.01094304,0,0.08834591,1.30311308,0.88713269,1.1281443,1.07888087,0.25227223
"12183",142,68,0.01080132,0,0.08750632,1.30311308,0.88713269,1.1281443,1.07888087,0.33228435
"12184",143,68,0.01083858,0,0.08693498,1.30311308,0.88713269,1.1281443,1.07888087,0.59291045
"12185",144,68,0.01132623,0,0.08845177,1.30311308,0.88713269,1.1281443,1.07888087,0.18884878
"12186",138,69,0.01877496,0.36209664,0.0888413,1.29922147,0.88448336,1.12477521,1.0756589,0.00560463
"12187",139,69,0,0.34310745,0.06197278,1.29922147,0.88448336,1.12477521,1.0756589,0.00670383
"12188",140,69,0.00939164,0,0.08577875,1.29922147,0.88448336,1.12477521,1.0756589,0.06973347
"12189",141,69,0.00947005,0,0.08638842,1.29922147,0.88448336,1.12477521,1.0756589,0.09646076
"12190",142,69,0.01132321,0,0.08851002,1.29922147,0.88448336,1.12477521,1.0756589,0.31960214
"12191",143,69,0,0.31283902,0.06197278,1.29922147,0.88448336,1.12477521,1.0756589,0.19926357
"12192",144,69,0,0.41216221,0.06202572,1.29566127,0.88534666,1.14367138,1.07252146,0
"12193",139,70,0,0.42663329,0.05186338,1.29531894,0.88182659,1.12139667,1.0724279,0.00487394
"12194",140,70,0,0.34446811,0.06178663,1.29531894,0.88182659,1.12139667,1.0724279,0.00837188
"12195",141,70,0,0.3146655,0.06178663,1.29531894,0.88182659,1.12139667,1.0724279,0.06565361
"12196",142,70,0,0.30038818,0.06178663,1.29531894,0.88182659,1.12139667,1.0724279,0.09318361
"12197",143,70,0,0.29101766,0.06178663,1.29531894,0.88182659,1.12139667,1.0724279,0.03189838
"12198",144,70,0,0,0,1.29531894,0.88182659,1.12139667,1.0724279,0.00750973
"12199",140,71,0,0.44598078,0.05170666,1.29140495,0.87916203,1.11800822,1.06918741,0.02072396
"12200",141,71,0,0,0.0541538,1.29140495,0.87916203,1.11800822,1.06918741,0.0300898
"12201",142,71,0,0,0.0541538,1.29140495,0.87916203,1.11800822,1.06918741,0.06137404
"12202",134,55,0.75319529,0,0.05523168,1.35471221,0.92104733,1.17103784,1.11990135,0.01360168
"12203",135,55,0.08261311,0,0.05110575,1.35471221,0.92104733,1.17103784,1.11990135,0.05499306
"12204",136,55,0.13012827,0,0.08065684,1.35471221,0.92104733,1.17103784,1.11990135,0.02324427
"12205",139,55,0.63697745,0,0.73304384,1.31337507,0.89294287,1.13530527,1.08572914,0.12668138
"12206",134,56,0.12892968,0.26288925,0.05545692,1.35096497,0.91849964,1.16779866,1.11680362,0.03224484
"12207",135,56,0.74084423,0,0.05555522,1.35096497,0.91849964,1.16779866,1.11680362,0.07138347
"12208",136,56,0.62358688,0,0.762904,1.35096497,0.91849964,1.16779866,1.11680362,0.06266852
"12209",137,56,0.62215439,0,0.76371905,1.35096497,0.91849964,1.16779866,1.11680362,0.24104133
"12210",138,56,0.60126377,0,0.69573604,1.31226243,0.89218641,1.13434348,1.08480935,0.25263403
"12211",139,56,0.26930285,0,0.31105204,0.58604931,0.39844562,0.50659166,0.48446999,0.24157439
"12212",126,57,0.08117853,0,0.04645023,1.34720571,0.91594378,1.16454908,1.11369594,0.01224299
"12213",127,57,0.08650556,0,0.04916367,1.34720571,0.91594378,1.16454908,1.11369594,0.0310475
"12214",128,57,0.83433311,0.03794551,0.82841468,1.34720571,0.91594378,1.16454908,1.11369594,0.05908319
"12215",129,57,0.59589259,0.03794551,0.82841468,1.34720571,0.91594378,1.16454908,1.11369594,0.07516763
"12216",130,57,0.59584826,0.03794551,0.82841468,1.34720571,0.91594378,1.16454908,1.11369594,0.06899754
"12217",131,57,0.55387227,0.03794551,0.82841468,1.34720571,0.91594378,1.16454908,1.11369594,0.14412974
"12218",132,57,0.59785286,0.03794551,0.82841468,1.34720571,0.91594378,1.16454908,1.11369594,0.00729781
"12219",133,57,0.13290461,0,0.08020992,1.34720571,0.91594378,1.16454908,1.11369594,0.0578891
"12220",134,57,0.63771149,0,0.73746853,1.34720571,0.91594378,1.16454908,1.11369594,0.07625453
"12221",135,57,0.63004217,0,0.72719848,1.34720571,0.91594378,1.16454908,1.11369594,0.12162053
"12222",136,57,0.61695452,0,0.71351534,1.34720571,0.91594378,1.16454908,1.11369594,0.26411668
"12223",137,57,0.617582,0,0.7139531,1.34720571,0.91594378,1.16454908,1.11369594,0.12366328
"12224",138,57,0.1918252,0,0.22158681,0.41569116,0.28262182,0.35933098,0.34363984,0.16414793
"12225",122,58,1.30807166,0.0337439,0.80127419,1.34343497,0.91338012,1.16128959,1.11057878,0.06399114
"12226",124,58,0.08869972,0.39624444,0.05069626,1.34343497,0.91338012,1.16128959,1.11057878,0.02041478
"12227",125,58,0.58891103,0.03783929,0.80304709,1.34343497,0.91338012,1.16128959,1.11057878,0.03060434
"12228",126,58,0.5947333,0.03783931,0.82609601,1.34343497,0.91338012,1.16128959,1.11057878,0.09633543
"12229",127,58,0.59293772,0.03783931,0.82609555,1.34343497,0.91338012,1.16128959,1.11057878,0.1113912
"12230",128,58,0.83135494,0.03783931,0.82609601,1.34343497,0.91338012,1.16128959,1.11057878,0.10084726
"12231",129,58,0.59604186,0.03783931,0.8262862,1.34343497,0.91338012,1.16128959,1.11057878,0.13444212
"12232",130,58,0.62918042,0,0.82031427,1.34343497,0.91338012,1.16128959,1.11057878,0.12219889
"12233",131,58,0.13341171,0,0.08060517,1.34343497,0.91338012,1.16128959,1.11057878,0.26788409
"12234",132,58,0.62954299,0,0.82101931,1.34343497,0.91338012,1.16128959,1.11057878,0.26389611
"12235",133,58,0.62736501,0,0.82222587,1.34343497,0.91338012,1.16128959,1.11057878,0.11573623
"12236",134,58,0.61518689,0,0.71134121,1.34343497,0.91338012,1.16128959,1.11057878,0.17124913
"12237",135,58,0.61497504,0,0.71129536,1.34343497,0.91338012,1.16128959,1.11057878,0.15528946
"12238",136,58,0.6200822,0,0.7127465,1.34343497,0.91338012,1.16128959,1.11057878,0.13249772
"12239",137,58,0.39731254,0,0.62348638,1.19472741,0.81227621,1.03274408,0.98764655,0.32586774
"12240",120,59,0.58575579,0.496295,0.74163433,1.33742043,0.91095476,1.15802017,1.10745213,0.01159786
"12241",121,59,0.58622961,0,0.74156204,1.33965275,0.91080865,1.15802017,1.10745213,0.00806136
"12242",122,59,0.5917251,0.03773278,0.82377027,1.33965275,0.91080865,1.15802017,1.10745213,0.01035857
"12243",123,59,0.59190951,0.03773278,0.82377027,1.33965275,0.91080865,1.15802017,1.10745213,0.04133224
"12244",124,59,0.82390894,0.03773278,0.82380617,1.33965275,0.91080865,1.15802017,1.10745213,0.01761426
"12245",125,59,0.59043493,0.03773278,0.82338598,1.33965275,0.91080865,1.15802017,1.10745213,0.07571436
"12246",126,59,0.59338207,0.03773278,0.82418244,1.33965275,0.91080865,1.15802017,1.10745213,0.10610368
"12247",127,59,0.63025207,0,0.8179362,1.33965275,0.91080865,1.15802017,1.10745213,0.16271303
"12248",128,59,0.62664707,0,0.81932169,1.33965275,0.91080865,1.15802017,1.10745213,0.37622167
"12249",129,59,0.62461749,0,0.82077691,1.33965275,0.91080865,1.15802017,1.10745213,0.44830555
"12250",130,59,0.62355061,0,0.82009191,1.33965275,0.91080865,1.15802017,1.10745213,0.20783926
"12251",131,59,0.60942805,0,0.81969997,1.33965275,0.91080865,1.15802017,1.10745213,0.32940375
"12252",132,59,0.60940877,0,0.81969783,1.33965275,0.91080865,1.15802017,1.10745213,0.31054449
"12253",133,59,0.62305472,0,0.81964021,1.33965275,0.91080865,1.15802017,1.10745213,0.1019263
"12254",134,59,0.61330223,0,0.70921018,1.33965275,0.91080865,1.15802017,1.10745213,0.04224688
"12255",135,59,0.61340697,0,0.70989262,1.33965275,0.91080865,1.15802017,1.10745213,0.0735134
"12256",136,59,0.56365886,0,0.69047384,1.33965275,0.91080865,1.15802017,1.10745213,0.04216443
"12257",137,59,0.31311136,0,0.49134187,0.92791104,0.63087199,0.80210315,0.76707718,0.05016832
"12258",120,60,0.58986361,0.03762591,0.82143714,1.33585851,0.90822901,1.15474036,1.10431555,0.02347089
"12259",121,60,0.58961657,0.03762591,0.82143714,1.33585851,0.90822901,1.15474036,1.10431555,0.01986798
"12260",122,60,0.59042822,0.03762589,0.82143714,1.33585851,0.90822901,1.15474036,1.10431555,0.0508345
"12261",123,60,0.59111864,0.03762591,0.82143714,1.33585851,0.90822901,1.15474036,1.10431555,0.05068655
"12262",124,60,0.62515072,0,0.81493216,1.33585851,0.90822901,1.15474036,1.10431555,0.1477503
"12263",125,60,0.62511837,0,0.81662096,1.33585851,0.90822901,1.15474036,1.10431555,0.36329113
"12264",126,60,0.62222301,0,0.81903041,1.33585851,0.90822901,1.15474036,1.10431555,0.2746025
"12265",127,60,0.6220926,0,0.81836587,1.33585851,0.90822901,1.15474036,1.10431555,0.36878717
"12266",128,60,0.6090035,0,0.8173961,1.33585851,0.90822901,1.15474036,1.10431555,0.17197221
"12267",129,60,0.60901813,0,0.81738058,1.33585851,0.90822901,1.15474036,1.10431555,0.2108539
"12268",130,60,0.6090042,0,0.81738155,1.33585851,0.90822901,1.15474036,1.10431555,0.17207379
"12269",131,60,0.62163814,0,0.81740889,1.33585851,0.90822901,1.15474036,1.10431555,0.1684215
"12270",132,60,0.62049625,0,0.8172746,1.33585851,0.90822901,1.15474036,1.10431555,0.15273121
"12271",133,60,0.62020092,0,0.82028356,1.33585851,0.90822901,1.15474036,1.10431555,0.1344141
"12272",134,60,0.13005164,0,0.05775208,1.33585851,0.90822901,1.15474036,1.10431555,0.10781013
"12273",135,60,0.12196164,0,0,1.33585851,0.90822901,1.15474036,1.10431555,0.09249702
"12274",136,60,0.12225399,0,0.06879037,1.33585851,0.90822901,1.15474036,1.10431555,0.06461024
"12275",137,60,0.2458801,0,0.37978593,0.77197405,0.52485291,0.66730839,0.63816859,0.114016
"12276",120,61,0.93863292,0.03751871,0.8191808,1.3320528,0.90564156,1.15145063,1.10116947,0.05677658
"12277",121,61,0.62516274,0,0.81520536,1.3320528,0.90564156,1.15145063,1.10116947,0.21007156
"12278",122,61,0.62653001,0,0.81342363,1.3320528,0.90564156,1.15145063,1.10116947,0.14343488
"12279",123,61,0.62547496,0,0.81479057,1.3320528,0.90564156,1.15145063,1.10116947,0.13352651
"12280",124,61,0.62183794,0,0.81572646,1.3320528,0.90564156,1.15145063,1.10116947,0.1107044
"12281",125,61,0.61994378,0,0.81519669,1.3320528,0.90564156,1.15145063,1.10116947,0.13688451
"12282",126,61,1.29595609,0,0.82875777,1.3320528,0.90564156,1.15145063,1.10116947,0.22582241
"12283",127,61,1.28251093,0,0.843333,1.33122157,0.90562946,1.15145063,1.10116947,0.25813305
"12284",128,61,1.28643594,0,0.83045029,1.3320528,0.90564156,1.15145063,1.10116947,0.2337486
"12285",129,61,1.29096303,0,0.83563431,1.3320528,0.90564156,1.15145063,1.10116947,0.15885466
"12286",130,61,1.29727506,0,0.82913259,1.3320528,0.90564156,1.15145063,1.10116947,0.2170819
"12287",131,61,1.29628669,0,0.83012749,1.3320528,0.90564156,1.15145063,1.10116947,0.11317282
"12288",132,61,1.29069295,0,0.83197434,1.3320528,0.90564156,1.15145063,1.10116947,0.13127232
"12289",134,61,0.81908546,0,0.8677222,1.3320528,0.90564156,1.15145063,1.10116947,0.13405569
"12290",135,61,0.56543988,0,0.83607877,1.3320528,0.90564156,1.15145063,1.10116947,0.09901019
"12291",136,61,0.60557117,0,0.6814432,1.3320528,0.90564156,1.15145063,1.10116947,0.11091726
"12292",121,62,1.2958165,0,0.82935265,1.32823561,0.90304632,1.14815099,1.09801391,0.23760777
"12293",123,62,1.29117195,0,0.83079306,1.32823561,0.90304632,1.14815099,1.09801391,0.16968265
"12294",131,46,0.93761024,0,0.02266366,0.84645249,0.57658174,0.73311665,0.70110316,0.03833087
"12295",132,46,1.09384875,0,0.02811373,0.9985062,0.68015683,0.86481111,0.82704683,0.00700966
"12296",130,47,0.72206747,0,0.01480605,0.52429768,0.35713814,0.45409679,0.43426744,0.03170765
"12297",131,47,1.94692728,0,0.0357236,1.34874848,0.91873289,1.16815767,1.11714696,0.01537151
"12298",132,47,1.83426348,0,0.03901524,1.3815702,0.9410902,1.19658472,1.14433266,0
"12299",133,47,1.33912379,0,0.74687036,1.3815702,0.9410902,1.19658472,1.14433266,0.00810915
"12300",125,48,0.47686855,0,0,0.69239054,0.47163869,0.59968284,0.57349609,0.09901161
"12301",126,48,0.56187525,0,0,0.53367726,0.36352727,0.46222049,0.4420364,0.0844178
"12302",129,48,1.11700898,0,0.02107714,0.77533632,0.52813922,0.67152258,0.64219876,0.03880107
"12303",130,48,1.93109313,0,0.03649637,1.37792461,0.93860692,1.19342726,1.14131308,0.13406134
"12304",131,48,1.31290409,0,0.71975048,1.37792461,0.93860692,1.19342726,1.14131308,0.01090919
"12305",132,48,1.41742162,0,0.05745297,1.37792461,0.93860692,1.19342726,1.14131308,0.0024844
"12306",133,48,1.4486868,0,0,1.37792461,0.93860692,1.19342726,1.14131308,0.01023609
"12307",134,48,1.40125036,0,0.7324885,1.37792461,0.93860692,1.19342726,1.14131308,0.01658966
"12308",127,49,0.68152643,0,0.01363248,0.50080918,0.34113838,0.43375329,0.41481229,0.08652532
"12309",128,49,1.25986726,0,0,0.87556808,0.59641453,0.7583338,0.72521914,0.07740648
"12310",129,49,1.29293259,0,0.05283249,1.37426703,0.93611547,1.19025941,1.13828356,0.04391386
"12311",130,49,1.28633185,0,0.71784042,1.37426703,0.93611547,1.19025941,1.13828356,0.03465161
"12312",131,49,1.40012966,0,0.05580926,1.37426703,0.93611547,1.19025941,1.13828356,0.02436435
"12313",132,49,1.32247857,0,0.71580708,1.37426703,0.93611547,1.19025941,1.13828356,0.00413305
"12314",133,49,1.37677708,0,0.76134251,1.37426703,0.93611547,1.19025941,1.13828356,0.04908944
"12315",134,49,1.23820178,0,0.05638092,1.37426703,0.93611547,1.19025941,1.13828356,0.02704687
"12316",135,49,1.27184894,0,0.72711228,1.37426703,0.93611547,1.19025941,1.13828356,0.05307632
"12317",127,50,1.15581318,0,0.59958324,1.15031665,0.78356621,0.99629489,0.95278902,0.07927703
"12318",128,50,1.34209387,0,0.05644303,1.37059799,0.93361622,1.18708164,1.13524456,0.01867142
"12319",129,50,1.4188915,0,0.05471645,1.37059799,0.93361622,1.18708164,1.13524456,0.02655152
"12320",130,50,0.11230993,0,0.06287921,1.37059799,0.93361622,1.18708164,1.13524456,0.0361388
"12321",131,50,0.12836999,0,0,1.37059799,0.93361622,1.18708164,1.13524456,0.01229988
"12322",132,50,1.27106075,0,0.71527527,1.37059799,0.93361622,1.18708164,1.13524456,0.02118558
"12323",133,50,1.26963585,0,0.06287921,1.37059799,0.93361622,1.18708164,1.13524456,0.01820852
"12324",134,50,1.24006126,0,0.06287921,1.37059799,0.93361622,1.18708164,1.13524456,0.06651092
"12325",135,50,1.30721818,0,0.72863824,1.37059799,0.93361622,1.18708164,1.13524456,0.06999977
"12326",127,51,0.11482987,0,0.06235822,1.25196105,0.85280377,1.0843296,1.03697946,0.09932681
"12327",128,51,0.12863949,0,0,1.36691641,0.93110842,1.183893,1.13219516,0.00566449
"12328",129,51,1.35240701,0,0.05699398,1.36691641,0.93110842,1.183893,1.13219516,0.03710104
"12329",130,51,1.30109416,0,0.06271031,1.36691641,0.93110842,1.183893,1.13219516,0.01122851
"12330",131,51,0.13151534,0,0,1.36691641,0.93110842,1.183893,1.13219516,0.07494177
"12331",132,51,1.29566286,0,0.71177696,1.36691641,0.93110842,1.183893,1.13219516,0.07331225
"12332",133,51,1.23360481,0,0.06271031,1.36691641,0.93110842,1.183893,1.13219516,0.0615481
"12333",134,51,1.33540673,0,0.71341441,1.36691641,0.93110842,1.183893,1.13219516,0.10212939
"12334",135,51,1.35263442,0,0.71245176,1.36691641,0.93110842,1.183893,1.13219516,0.05215393
"12335",136,51,0.10437164,0,0.05612455,1.36691641,0.93110842,1.183893,1.13219516,0.04666292
"12336",126,52,0.90316146,0,0.03788813,0.90869086,0.61897692,0.78702161,0.75265422,0.09410534
"12337",127,52,1.30878286,0,0.71058786,1.36322337,0.92859282,1.18069445,1.12913628,0.01405006
"12338",128,52,1.25848719,0,0.06254088,1.36322337,0.92859282,1.18069445,1.12913628,0.01043657
"12339",129,52,1.31581853,0,0.06254088,1.36322337,0.92859282,1.18069445,1.12913628,0.02165017
"12340",130,52,1.35403077,0,0.70723995,1.36322337,0.92859282,1.18069445,1.12913628,0.11086054
"12341",131,52,1.35856863,0,0.06254088,1.36322337,0.92859282,1.18069445,1.12913628,0.05587354
"12342",132,52,1.2747252,0,0.06254089,1.36322337,0.92859282,1.18069445,1.12913628,0.01411593
"12343",133,52,1.29857357,0,0.06254088,1.36322337,0.92859282,1.18069445,1.12913628,0.03320048
"12344",134,52,1.35596135,0,0.71207183,1.36322337,0.92859282,1.18069445,1.12913628,0.07399932
"12345",135,52,0.11156599,0.26159999,0.08240735,1.36322337,0.92859282,1.18069445,1.12913628,0.12938837
"12346",136,52,0.10489263,0.26159991,0.05597291,1.3610972,0.92869213,1.18069445,1.12913628,0.00946677
"12347",125,53,0,0,0,0.36462827,0.24837543,0.31580633,0.30201581,0.11643877
"12348",126,53,1.272893,0,0.70347632,1.35951888,0.92606941,1.17748597,1.12606791,0.11731956
"12349",127,53,1.31112855,0,0.7084262,1.35951888,0.92606941,1.17748597,1.12606791,0.1344208
"12350",128,53,1.29088033,0,0.70788735,1.35951888,0.92606941,1.17748597,1.12606791,0.05751082
"12351",129,53,1.29374446,0,0.70786559,1.35951888,0.92606941,1.17748597,1.12606791,0.06499098
"12352",130,53,1.27890708,0,0.70798914,1.35951888,0.92606941,1.17748597,1.12606791,0.055034
"12353",131,53,1.23124952,0,0.05565629,1.35951888,0.92606941,1.17748597,1.12606791,0.08210104
"12354",132,53,1.43961311,0,0.05223946,1.35951888,0.92606941,1.17748597,1.12606791,0.10883246
"12355",133,53,1.40584082,0,0.05190098,1.35951888,0.92606941,1.17748597,1.12606791,0.10052552
"12356",134,53,0.10906891,0,0.05665802,1.35951888,0.92606941,1.17748597,1.12606791,0.04583702
"12357",135,53,0.10700473,0.26088903,0.08109133,1.35951888,0.92606941,1.17748597,1.12606791,0.04021055
"12358",136,53,1.16023067,0.26213422,0.08155164,1.35951888,0.92606941,1.17748597,1.12606791,0.09978914
"12359",125,54,0,0,0,0.55950069,0.38111753,0.48458629,0.46342554,0.03374301
"12360",126,54,1.28558585,0,0.6958334,1.35580239,0.92353783,1.1742671,1.1229896,0.32102743
"12361",127,54,0.39932761,0,0.68559333,1.35580239,0.92353783,1.1742671,1.1229896,0.20682647
"12362",128,54,1.37781379,0,0.05335293,1.35580239,0.92353783,1.1742671,1.1229896,0.20527435
"12363",129,54,1.27065958,0,0.70579523,1.35580239,0.92353783,1.1742671,1.1229896,0.21530426
"12364",130,54,1.27472723,0,0.7068764,1.35580239,0.92353783,1.1742671,1.1229896,0.18010322
"12365",131,54,0.42069235,0,0.70676749,1.35580239,0.92353783,1.1742671,1.1229896,0.3702796
"12366",132,54,1.35180087,0,0.70819551,1.35580239,0.92353783,1.1742671,1.1229896,0.08626018
"12367",133,54,0.70173101,0.03826216,0.05123825,1.35580239,0.92353783,1.1742671,1.1229896,0.04977875
"12368",134,54,0.74207256,0.03826216,0.05123826,1.35580239,0.92353783,1.1742671,1.1229896,0.07735069
"12369",135,54,0.75412259,0.03826216,0.81063762,1.35580239,0.92353783,1.1742671,1.1229896,0.0104051
"12370",136,54,0.80054481,0.03826216,0.8175602,1.35844797,0.92358722,1.1742671,1.1229896,0.01512446
"12371",137,54,0.11692061,0.03826215,0.05713471,1.35580239,0.92353783,1.1742671,1.1229896,0.03789087
"12372",125,55,0.09560744,0,0.06125808,1.09811127,0.74800525,0.95107955,0.90954813,0.26909366
"12373",126,55,0.11071238,0.08108114,0.0787451,1.35207391,0.92099808,1.17103784,1.11990135,0.13318497
"12374",127,55,0.11124903,0.07992687,0.07806545,1.35207391,0.92099808,1.17103784,1.11990135,0.18446428
"12375",128,55,0.11061862,0.07992687,0.07830312,1.35207391,0.92099808,1.17103784,1.11990135,0.1738421
"12376",129,55,0.4200483,0,0.7047634,1.35207391,0.92099808,1.17103784,1.11990135,0.21518184
"12377",130,55,0.41757373,0,0.70546404,1.35207391,0.92099808,1.17103784,1.11990135,0.29066503
"12378",131,55,0.11744541,0.26361844,0.06353409,1.35207391,0.92099808,1.17103784,1.11990135,0.12079387
"12379",132,55,0.11564678,0.26235474,0.08064726,1.35207391,0.92099808,1.17103784,1.11990135,0.05835698
"12380",133,55,0.69917305,0.03815694,0.05109735,1.35207391,0.92099808,1.17103784,1.11990135,0.02548108
"12381",124,56,0.10736666,0.07317221,0.07188108,1.23690965,0.84255114,1.07129351,1.02451262,0.29496395
"12382",125,56,0.67818804,0.03554069,0.07892222,1.34833396,0.91845053,1.16779866,1.11680362,0.10819498
"12383",126,56,0.10749799,0.07973184,0.07865626,1.34833396,0.91845053,1.16779866,1.11680362,0.09337992
"12384",127,56,0.68522,0.03393303,0.07892222,1.34833396,0.91845053,1.16779866,1.11680362,0.03383716
"12385",128,56,0.08032591,0.37454844,0.04925629,1.34833396,0.91845053,1.16779866,1.11680362,0.04397676
"12386",129,56,0.68731728,0.0380514,0.05240994,1.35096497,0.91849964,1.16779866,1.11680362,0.06639738
"12387",130,56,0.73083812,0.0380514,0.8307263,1.34833396,0.91845053,1.16779866,1.11680362,0.05123311
"12388",131,56,0.75610661,0.03805138,0.8307263,1.34833396,0.91845053,1.16779866,1.11680362,0.02464396
"12389",132,56,0.72628521,0.0380514,0.05095601,1.34833396,0.91845053,1.16779866,1.11680362,0.04336768
"12390",133,56,0.7028339,0,0.05095601,1.34833396,0.91845053,1.16779866,1.11680362,0.01838906
"12391",123,57,1.08744952,0.07948398,0.07843738,1.34458202,0.9158948,1.16454908,1.11369594,0.09144504
"12392",124,57,0.11264102,0.07948399,0.07843738,1.34458202,0.9158948,1.16454908,1.11369594,0.04939213
"12393",125,57,0.08053221,0.37350619,0.04915663,1.34458202,0.9158948,1.16454908,1.11369594,0.0221566
"12394",123,58,0.73093735,0.03783931,0.7986536,1.34081863,0.91333128,1.16128959,1.11057878,0.03958314
"12395",139,46,1.3255687,0,0,1.38304278,0.94366585,1.19973131,1.14734185,0.01514851
"12396",137,47,1.33033819,0,0.05640815,1.37941541,0.94119085,1.19658472,1.14433266,0.04687627
"12397",138,47,1.38416031,0,0.065321,1.37941541,0.94119085,1.19658472,1.14433266,0.08643138
"12398",139,47,1.25027399,0,0,1.37941541,0.94119085,1.19658472,1.14433266,0.28448371
"12399",140,47,0.11226461,0,0.05616519,1.37941541,0.94119085,1.19658472,1.14433266,0.07286826
"12400",136,48,1.30533935,0,0.74300574,1.37577551,0.93870731,1.19342726,1.14131308,0.08041443
"12401",137,48,1.26790274,0,0.06305202,1.37577551,0.93870731,1.19342726,1.14131308,0.00573261
"12402",138,48,1.26244808,0,0.73036933,1.37577551,0.93870731,1.19342726,1.14131308,0.05470041
"12403",139,48,0.11087926,0.08145502,0.079558,1.37577551,0.93870731,1.19342726,1.14131308,0.03117542
"12404",140,48,0.11394779,0.08145502,0.08006054,1.37577551,0.93870731,1.19342726,1.14131308,0.13840478
"12405",141,48,0.07228418,0,0.07910401,1.37577551,0.93870731,1.19342726,1.14131308,0.00518831
"12406",142,48,0.1110148,0,0.05806696,1.37577551,0.93870731,1.19342726,1.14131308,0.03360328
"12407",136,49,1.27082371,0,0.65704443,1.37212363,0.93621559,1.19025941,1.13828356,0.07381896
"12408",137,49,1.28905351,0,0.73070625,1.37212363,0.93621559,1.19025941,1.13828356,0.03236814
"12409",138,49,1.27197351,0,0.72995663,1.37212363,0.93621559,1.19025941,1.13828356,0.14879049
"12410",139,49,1.26215277,0,0.72892961,1.37212363,0.93621559,1.19025941,1.13828356,0.07692799
"12411",140,49,0.11348669,0,0.07987149,1.37212363,0.93621559,1.19025941,1.13828356,0.21296947
"12412",141,49,0.11021063,0.03878325,0.05791282,1.37212363,0.93621559,1.19025941,1.13828356,0.01229224
"12413",136,50,1.29857136,0,0.72761977,1.36846032,0.93371607,1.18708164,1.13524456,0.12711167
"12414",137,50,1.37489285,0,0.72863215,1.36846032,0.93371607,1.18708164,1.13524456,0.26657125
"12415",138,50,1.27007611,0,0.72772126,1.36846032,0.93371607,1.18708164,1.13524456,0.42983143
"12416",139,50,1.17022635,0.26683715,0.08233471,1.36846032,0.93371607,1.18708164,1.13524456,0.24580711
"12417",140,50,0.11530975,0.26707228,0.05941794,1.36846032,0.93371607,1.18708164,1.13524456,0.05274991
"12418",137,51,1.15864449,0.2623086,0.08244823,1.36478448,0.931208,1.183893,1.13219516,0.03421192
"12419",138,51,1.12196501,0.26651233,0.08244823,1.36478448,0.931208,1.183893,1.13219516,0.09705044
"12420",139,51,1.12795213,0.26651233,0.08244823,1.36478448,0.931208,1.183893,1.13219516,0.06600097
"12421",140,51,1.16413693,0.26610482,0.08244823,1.36478448,0.931208,1.183893,1.13219516,0.1186061
"12422",137,52,1.17629869,0.26579229,0.08164558,1.3610972,0.92869213,1.18069445,1.12913628,0.10541945
"12423",138,52,0.11507365,0.26579229,0.05909824,1.3610972,0.92869213,1.18069445,1.12913628,0.01185172
"12424",139,52,0.69917046,0.03847159,0.05744743,1.3610972,0.92869213,1.18069445,1.12913628,0.09569591
"12425",137,53,0.07333795,0,0.05729132,1.35739849,0.92616845,1.17748597,1.12606791,0.0561896
"12426",143,48,0.03578486,0.40721016,0.05124615,1.3765045,0.93868221,1.19342726,1.14131308,0.02842143
"12427",144,48,0.86152112,0,0.87347327,1.3765045,0.93868221,1.19342726,1.14131308,0.02889364
"12428",142,49,0.1092289,0,0.05791282,1.37285069,0.93619056,1.19025941,1.13828356,0.03707276
"12429",143,49,0,0.3937435,0.05049085,1.37285069,0.93619056,1.19025941,1.13828356,0
"12430",144,49,0.10981491,0,0.08180458,1.37285069,0.93619056,1.19025941,1.13828356,0.05290054
"12431",145,49,0.16946862,0,0.07670557,1.37285069,0.93619056,1.19025941,1.13828356,0.13780114
"12432",146,49,1.35276677,0,0.07686084,1.37285069,0.93619056,1.19025941,1.13828356,0.17203995
"12433",147,49,0.63400267,0,0.42956365,0.64494943,0.43981153,0.55917015,0.5347525,0.24049929
"12434",141,50,0.10832868,0.03867971,0.05178996,1.36918543,0.9336911,1.18708164,1.13524456,0.02927207
"12435",142,50,0.11103226,0.26723014,0.06118691,1.36918543,0.9336911,1.18708164,1.13524456,0.05076435
"12436",143,50,0.10764875,0.26660781,0.06066317,1.36918543,0.9336911,1.18708164,1.13524456,0.05105419
"12437",144,50,0.16921599,0,0.07667818,1.36918543,0.9336911,1.18708164,1.13524456,0.08900873
"12438",145,50,0.16878381,0,0.07676405,1.36918543,0.9336911,1.18708164,1.13524456,0.12313275
"12439",146,50,0.16558016,0,0.075696,1.34975527,0.92044106,1.17023572,1.11913426,0.11902733
"12440",141,51,0.10580825,0.26533457,0.06102256,1.36550764,0.9311831,1.183893,1.13219516,0.09696755
"12441",142,51,0.10679404,0.26534225,0.06102256,1.36550764,0.9311831,1.183893,1.13219516,0.06779901
"12442",143,51,0.07422993,0,0.05367389,1.36550764,0.9311831,1.183893,1.13219516,0.10318385
"12443",144,51,0.16726625,0,0.0767598,1.36550764,0.9311831,1.183893,1.13219516,0.20236687
"12444",145,51,0.16788696,0,0.07663676,1.36550764,0.9311831,1.183893,1.13219516,0.23960092
"12445",146,51,0.10756974,0,0.04929496,0.87720528,0.59819419,0.76053562,0.7273248,0.30458954
"12446",140,52,0.10835587,0.03847159,0.0515113,1.3610972,0.92869213,1.18069445,1.12913628,0.03273909
"12447",141,52,0.11160451,0.26541588,0.05909824,1.36181841,0.9286673,1.18069445,1.12913628,0.13726424
"12448",142,52,0.10887945,0.26431983,0.08222548,1.36181841,0.9286673,1.18069445,1.12913628,0.13991325
"12449",143,52,0.16730159,0,0.07645228,1.36181841,0.9286673,1.18069445,1.12913628,0.12282691
"12450",144,52,0.1674944,0,0.07647922,1.36181841,0.9286673,1.18069445,1.12913628,0.17996396
"12451",145,52,0.16144279,0,0.07432962,1.32092795,0.90078279,1.14524248,1.09523241,0.29174162
"12452",138,53,0.11304855,0.26507001,0.05893764,1.35811774,0.92614369,1.17748597,1.12606791,0.04072463
"12453",139,53,0.1115571,0.26507001,0.05893764,1.35811774,0.92614369,1.17748597,1.12606791,0.0933749
"12454",140,53,0.11227313,0.26507001,0.05893764,1.35811774,0.92614369,1.17748597,1.12606791,0.06595905
"12455",141,53,0.11260926,0.26507001,0.05984984,1.35811774,0.92614369,1.17748597,1.12606791,0.09587619
"12456",142,53,0.17233922,0,0.07598465,1.35811774,0.92614369,1.17748597,1.12606791,0.22441288
"12457",143,53,0.16791771,0,0.07600706,1.35733969,0.92561311,1.1768114,1.12542279,0.25698026
"12458",144,53,0.13521294,0,0.06114162,1.09239293,0.74493749,0.94710297,0.9057452,0.26758991
"12459",145,53,0.07418449,0,0.03428075,0.60739349,0.41420095,0.52660921,0.50361342,0.21009076
"12460",138,54,0.11272381,0.26434539,0.05877652,1.35440508,0.92361191,1.1742671,1.1229896,0.08883827
"12461",139,54,0.1128708,0.26434539,0.05877652,1.35440508,0.92361191,1.1742671,1.1229896,0.0945406
"12462",140,54,0.11263972,0.26434532,0.08070546,1.35440508,0.92361191,1.1742671,1.1229896,0.09300637
"12463",141,54,0.17110924,0,0.07602684,1.35440508,0.92361191,1.1742671,1.1229896,0.21497735
"12464",142,54,0.1423463,0,0.06523447,1.16087716,0.79163906,1.00647869,0.96252811,0.21630054
"12465",143,54,0.04274978,0,0.01966441,0.34967809,0.23845661,0.30317036,0.28993162,0.1408398
"12466",137,55,0.62920635,0.26310583,0.82086107,1.35471221,0.92104733,1.17103784,1.11990135,0.09570207
"12467",138,55,0.49086099,0.20487725,0.64236839,1.05408291,0.71881267,0.91388824,0.87398088,0.09201837
"12468",140,55,0.55031003,0,0.63297934,1.15861164,0.79009413,1.00451449,0.96064969,0.29285713
"12469",141,55,0.08737894,0,0.0389601,0.6916034,0.47162636,0.59961907,0.5734351,0.22782333
"12470",142,39,1.09032631,0,0.0238058,0.76399155,0.52086911,0.6621017,0.63318926,0.1037551
"12471",143,39,0.64916272,0,0.01325277,0.42861753,0.29222003,0.37145489,0.35523432,0.04481479
"12472",144,39,0.9618754,0,0.01993296,0.64466676,0.43951664,0.55869068,0.53429396,0.01328108
"12473",145,39,0,0,0,0.88210843,0.60139806,0.7644659,0.73108346,0.08162363
"12474",146,39,1.50093304,0,0.03558829,0.98859754,0.6739995,0.85675307,0.81934067,0.11494162
"12475",140,40,0.92289788,0,0.02017001,0.64730933,0.44131828,0.56098083,0.5364841,0.08111779
"12476",141,40,1.51681357,0,0.03347357,1.07425618,0.73239928,0.93098784,0.89033377,0.15987347
"12477",142,40,1.95219592,0,0.0438805,1.40589199,0.95849976,1.21839499,1.16519053,0.05211314
"12478",143,40,0,0.33857899,0.04707995,1.40589199,0.95849976,1.21839499,1.16519053,0.02767556
"12479",144,40,0,0.32946064,0,1.40589199,0.95849976,1.21839499,1.16519053,0.05262051
"12480",145,40,0,0.33203324,0,1.40589199,0.95849976,1.21839499,1.16519053,0.01438284
"12481",146,40,0.06836859,0.32239779,0.04707995,1.40589199,0.95849976,1.21839499,1.16519053,0.13314406
"12482",139,41,1.81565192,0,0.0391388,1.25397214,0.85492485,1.08673596,1.03928074,0.25424959
"12483",140,41,2.00997924,0,0,1.40233313,0.95607342,1.21531076,1.16224097,0.09708976
"12484",141,41,0,0.32151161,0,1.40233313,0.95607342,1.21531076,1.16224097,0.10301277
"12485",142,41,0.11898423,0,0.09283838,1.40233313,0.95607342,1.21531076,1.16224097,0.03035367
"12486",143,41,0,0.33793206,0,1.40233313,0.95607342,1.21531076,1.16224097,0.13676551
"12487",144,41,0,0.34560792,0,1.40233313,0.95607342,1.21531076,1.16224097,0.09526469
"12488",145,41,0,0.32254803,0,1.40233313,0.95607342,1.21531076,1.16224097,0.09020085
"12489",146,41,0.11288305,0,0.08361749,1.40233313,0.95607342,1.21531076,1.16224097,0.03949838
"12490",147,41,0.11319671,0,0.08137855,1.40233313,0.95607342,1.21531076,1.16224097,0.02762285
"12491",137,42,0.91328602,0,0.02214707,0.68194737,0.46493358,0.59099936,0.5651918,0.25755574
"12492",138,42,2.06976235,0,0.04206406,1.34769479,0.91882245,1.16795927,1.11695721,0.36782874
"12493",139,42,1.99937824,0,0.0427896,1.38389014,0.94349948,1.19932742,1.14695559,0.29916277
"12494",140,42,0.0664624,0.31492276,0.04606144,1.37547728,0.93776382,1.19203654,1.13998309,0.22098577
"12495",141,42,0.06756141,0.3267919,0.04684118,1.39876172,0.95363853,1.21221565,1.15928103,0.08132236
"12496",142,42,0.06757576,0.32194234,0.04684117,1.39876172,0.95363853,1.21221565,1.15928103,0.11267922
"12497",143,42,0.11767358,0,0.09445637,1.39876172,0.95363853,1.21221565,1.15928103,0.1082417
"12498",144,42,1.25444562,0,0.06540205,1.39876172,0.95363853,1.21221565,1.15928103,0.03475046
"12499",145,42,1.29801103,0,0.08117129,1.39876172,0.95363853,1.21221565,1.15928103,0.09950231
"12500",146,42,0.86608745,0,0.08834897,1.39876172,0.95363853,1.21221565,1.15928103,0.03984232
"12501",136,43,0.73673977,0,0,0.51513959,0.35120847,0.44643792,0.42694302,0.08507658
"12502",137,43,1.92047199,0,0.04195881,1.35702067,0.92518059,1.1760414,1.12468642,0.12141389
"12503",138,43,2.00947188,0,0,1.38972747,0.94747921,1.20438625,1.15179352,0.61454468
"12504",139,43,1.82431758,0,0,1.39517833,0.95119546,1.20911016,1.15631114,0.60489981
"12505",140,43,1.95036076,0,0,1.39517833,0.95119546,1.20911016,1.15631114,0.23742256
"12506",141,43,1.12668112,0,0.05746275,1.39517833,0.95119546,1.20911016,1.15631114,0.07362138
"12507",142,43,0.11336144,0,0.08096335,1.39517833,0.95119546,1.20911016,1.15631114,0.06223131
"12508",143,43,0.80596429,0,0.92489243,1.39517833,0.95119546,1.20911016,1.15631114,0.04377719
"12509",134,44,0.54221617,0,0,0.41057736,0.27992072,0.35582065,0.34028279,0.07572602
"12510",135,44,0.14378584,0,0.04792715,1.21498432,0.82834398,1.05294775,1.00696798,0.04707421
"12511",136,44,1.88496793,0,0.04273043,1.39158294,0.94874423,1.20599427,1.15333132,0.04950867
"12512",137,44,1.35510227,0,0.03308363,1.06998216,0.72948537,0.92728382,0.8867915,0.05119998
"12513",138,44,1.94755121,0,0.04302746,1.39158294,0.94874423,1.20599427,1.15333132,0.23156787
"12514",139,44,2.02389775,0,0,1.39158294,0.94874423,1.20599427,1.15333132,0.19878699
"12515",140,44,1.29559234,0,0.07707274,1.39158294,0.94874423,1.20599427,1.15333132,0.08471632
"12516",141,44,0.11224162,0,0.0807547,1.39158294,0.94874423,1.20599427,1.15333132,0.03848599
"12517",134,45,1.74663248,0,0,1.24382264,0.84800519,1.07794005,1.03086892,0.04971796
"12518",135,45,1.45367969,0,0.06341641,1.38797556,0.94628481,1.20286799,1.15034155,0.00743293
"12519",136,45,1.33292626,0,0.7418157,1.36965358,0.93379337,1.18698952,1.13515646,0.0501276
"12520",137,45,1.30745584,0,0.72935659,1.34626612,0.91784842,1.16672113,1.11577315,0.09958126
"12521",138,45,1.35593992,0,0.74978166,1.38797556,0.94628481,1.20286799,1.15034155,0.07959118
"12522",139,45,1.30326728,0,0.74404132,1.38797556,0.94628481,1.20286799,1.15034155,0.0669659
"12523",140,45,1.25891574,0,0.065664,1.38797556,0.94628481,1.20286799,1.15034155,0.04687719
"12524",141,45,0.11143965,0,0.08360256,1.38797556,0.94628481,1.20286799,1.15034155,0.02213513
"12525",142,45,0.07295354,0,0.07972977,1.38797556,0.94628481,1.20286799,1.15034155,0.00888518
"12526",143,45,0.82624832,0,0.07972977,1.38797556,0.94628481,1.20286799,1.15034155,0.0222407
"12527",133,46,1.78090262,0,0,1.3553587,0.9240475,1.17460108,1.12330899,0.03140852
"12528",134,46,1.4013541,0,0.73406267,1.38435619,0.94381722,1.19973131,1.14734185,0.02335115
"12529",135,46,1.33721164,0,0.73491144,1.38435619,0.94381722,1.19973131,1.14734185,0.01369845
"12530",136,46,0.34314234,0,0.73128282,1.37897782,0.94015039,1.19507024,1.14288431,0.10685939
"12531",137,46,1.27967378,0,0.74931824,1.38435619,0.94381722,1.19973131,1.14734185,0.06733448
"12532",138,46,1.34295366,0,0.74318248,1.38435619,0.94381722,1.19973131,1.14734185,0.09110729
"12533",140,46,0.11401991,0,0.08993375,1.38435619,0.94381722,1.19973131,1.14734185,0.01940635
"12534",141,46,0.11354868,0,0.09330795,1.38435619,0.94381722,1.19973131,1.14734185,0.10810413
"12535",142,46,0.826798,0,0.07962827,1.38435619,0.94381722,1.19973131,1.14734185,0.0237288
"12536",134,47,1.33365893,0,0.73720656,1.38072537,0.94134182,1.19658472,1.14433266,0.03949764
"12537",135,47,0.19037024,0,0.40715574,0.76477811,0.52140537,0.66278336,0.63384116,0.01707354
"12538",136,47,1.28589887,0,0.73155535,1.38072537,0.94134182,1.19658472,1.14433266,0.0557176
"12539",141,47,0.07243356,0,0.07931329,1.38072537,0.94134182,1.19658472,1.14433266,0.02265978
"12540",142,47,0.07251039,0,0.07931329,1.38072537,0.94134182,1.19658472,1.14433266,0.02395908
"12541",143,47,0.79371527,0.36481642,0.0866302,1.38072537,0.94134182,1.19658472,1.14433266,0.01837755
"12542",135,48,1.41075281,0,0.07317168,1.37708201,0.93885788,1.19342726,1.14131308,0.05445036
"12543",147,42,0.06890959,0,0.05072957,1.3929053,0.95344735,1.21221565,1.15928103,0.00799486
"12544",148,42,1.29272161,0,0.05508211,1.3929053,0.95344735,1.21221565,1.15928103,0.05506627
"12545",144,43,1.25017134,0,0.0589227,1.38933691,0.95100477,1.20911016,1.15631114,0.06917708
"12546",145,43,1.27330748,0,0.06605946,1.38933691,0.95100477,1.20911016,1.15631114,0.04123502
"12547",146,43,0.8235904,0,0.06699981,1.38933691,0.95100477,1.20911016,1.15631114,0.0282776
"12548",147,43,0.84808795,0,0.07008292,1.38933691,0.95100477,1.20911016,1.15631114,0.01441223
"12549",148,43,0.81179461,0,0.06971188,1.38933691,0.95100477,1.20911016,1.15631114,0.04145967
"12550",149,43,1.29138594,0,0.0546183,1.38933691,0.95100477,1.20911016,1.15631114,0.01917284
"12551",150,43,1.32718919,0,0.07786334,1.38933691,0.95100477,1.20911016,1.15631114,0.02017919
"12552",151,43,1.36792087,0,0.07786334,1.38933691,0.95100477,1.20911016,1.15631114,0.0144158
"12553",142,44,1.24210749,0,0.066084,1.38575657,0.94855403,1.20599427,1.15333132,0.05601064
"12554",143,44,0.81116905,0,0.05877086,1.38575657,0.94855403,1.20599427,1.15333132,0.078951
"12555",144,44,0.8778704,0,0.92449575,1.38575657,0.94855403,1.20599427,1.15333132,0.15653899
"12556",145,44,1.27567851,0,0.92449574,1.38575657,0.94855403,1.20599427,1.15333132,0.1033838
"12557",146,44,1.22741991,0,0.06109407,1.38575657,0.94855403,1.20599427,1.15333132,0.03688867
"12558",147,44,0.83167913,0,0.07098968,1.38575657,0.94855403,1.20599427,1.15333132,0.08257539
"12559",148,44,0,0,0.05280772,1.38575657,0.94855403,1.20599427,1.15333132,0.02102711
"12560",149,44,1.35044824,0,0.05874496,1.38575657,0.94855403,1.20599427,1.15333132,0.04822231
"12561",150,44,1.3410119,0,0.92362018,1.38575657,0.94855403,1.20599427,1.15333132,0.06801428
"12562",151,44,0.4431988,0,0,1.38575657,0.94855403,1.20599427,1.15333132,0.08300952
"12563",152,44,0.29867223,0,0,0.91562708,0.62674915,0.79685064,0.76205404,0.14685518
"12564",144,45,0.06390191,0,0.04819094,1.3821643,0.9460951,1.20286799,1.15034155,0.02519495
"12565",145,45,0.79662521,0,0.06571842,1.3821643,0.9460951,1.20286799,1.15034155,0.03175941
"12566",146,45,1.22480185,0,0.06014197,1.3821643,0.9460951,1.20286799,1.15034155,0.0338477
"12567",147,45,0.82427344,0,0.0665344,1.3821643,0.9460951,1.20286799,1.15034155,0.06966744
"12568",148,45,0.85832338,0,0.07024798,1.3821643,0.9460951,1.20286799,1.15034155,0.09982256
"12569",149,45,1.35440099,0,0.88625811,1.3821643,0.9460951,1.20286799,1.15034155,0.1411434
"12570",150,45,1.22949705,0,0.85941304,1.28667587,0.88073302,1.11976645,1.07086887,0.21941637
"12571",151,45,0.15870467,0,0,0.47850984,0.32754125,0.41643687,0.39825204,0.02519164
"12572",143,46,0.79530948,0,0.06554705,1.37856008,0.94362801,1.19973131,1.14734185,0.06853554
"12573",144,46,0.82380336,0,0.07062102,1.37856008,0.94362801,1.19973131,1.14734185,0.15504705
"12574",145,46,0.81756742,0,0.06768734,1.37856008,0.94362801,1.19973131,1.14734185,0.00964939
"12575",146,46,0.82350379,0,0.06582998,1.37856008,0.94362801,1.19973131,1.14734185,0.00660769
"12576",147,46,0.84653172,0,0.95126088,1.37856008,0.94362801,1.19973131,1.14734185,0.04208643
"12577",148,46,1.33748633,0,0.92206453,1.37856008,0.94362801,1.19973131,1.14734185,0.24578958
"12578",149,46,0.96202803,0,0.68669563,1.02067917,0.69865758,0.88827523,0.84948632,0.2957594
"12579",144,47,0.81850308,0,0.06840097,1.37494446,0.94115311,1.19658472,1.14433266,0
"12580",145,47,0.82477807,0,0.87502182,1.37494446,0.94115311,1.19658472,1.14433266,0.03643061
"12581",146,47,0.80378258,0,0.06618686,1.37494446,0.94115311,1.19658472,1.14433266,0.06906326
"12582",147,47,1.3410214,0,0.91842117,1.37494446,0.94115311,1.19658472,1.14433266,0.08096564
"12583",148,47,0.83594756,0,0.57993132,0.86554311,0.59246654,0.75326363,0.72037037,0.21711989
"12584",145,48,0.8705133,0,0.87273148,1.37131636,0.93866966,1.19342726,1.14131308,0.0430837
"12585",146,48,1.33875279,0,0.91514054,1.37131636,0.93866966,1.19342726,1.14131308,0.14379863
"12586",147,48,1.15721323,0,0.79876885,1.19266441,0.81638193,1.03795029,0.99262543,0.20051959
"12587",151,40,0.08079586,0,0.04171594,1.39964809,0.95820512,1.21839499,1.16519053,0.05787938
"12588",148,41,0.83118185,0,0.05708102,1.39610503,0.95577952,1.21531076,1.16224097,0.02568218
"12589",149,41,0.67928204,0,0.05483767,1.39610503,0.95577952,1.21531076,1.16224097,0.06835891
"12590",150,41,0.05969436,0,0.05218041,1.39610503,0.95577952,1.21531076,1.16224097,0.03194897
"12591",151,41,0.05969436,0,0.05226041,1.39610503,0.95577952,1.21531076,1.16224097,0.04337014
"12592",152,41,0,0,0,1.39610503,0.95577952,1.21531076,1.16224097,0.02442201
"12593",153,41,0.33496584,0,0.42013656,1.39610503,0.95577952,1.21531076,1.16224097,0.01012688
"12594",149,42,1.29469356,0,0.05162123,1.39254949,0.95334538,1.21221565,1.15928103,0.01468775
"12595",150,42,0.10500424,0,0.07806333,1.39254949,0.95334538,1.21221565,1.15928103,0.04415689
"12596",151,42,0.09571302,0,0.07806333,1.39254949,0.95334538,1.21221565,1.15928103,0.00933924
"12597",152,42,0.34439531,0,0.41957409,1.39254949,0.95334538,1.21221565,1.15928103,0.00355741
"12598",153,42,0.35636593,0,0.41951999,1.39254949,0.95334538,1.21221565,1.15928103,0.03478265
"12599",154,42,1.27609835,0,0.06259279,1.39254949,0.95334538,1.21221565,1.15928103,0.02695997
"12600",152,43,2.17557261,0,0.42066745,1.38898201,0.95090307,1.20911016,1.15631114,0.03912525
"12601",153,43,1.28047036,0,0.06230901,1.38898201,0.95090307,1.20911016,1.15631114,0.06313727
"12602",154,43,0.92394419,0,0.04620434,1.03099174,0.70582139,0.89747928,0.85828846,0.04523459
"12603",155,32,0.23302958,0,0.029705,0.82060012,0.56326071,0.71635151,0.68507011,0.02599586
"12604",156,32,0.12272345,0,0,1.33408918,0.91572009,1.16460718,1.11375151,0.05067895
"12605",157,32,0.08066547,0,0,0.91701707,0.6294414,0.8005197,0.76556287,0.03989624
"12606",153,33,0.14871153,0,0.1577056,0.44195951,0.30336143,0.3858132,0.36896564,0.03686242
"12607",154,33,0.41007457,0,0.0499575,1.38016693,0.94734791,1.20483124,1.15221908,0.04889987
"12608",155,33,0.06241502,0,0.05149495,1.420099,0.97475732,1.23969036,1.18555598,0.04051612
"12609",156,33,0,0.02338571,0.04361048,1.420099,0.97475732,1.23969036,1.18555598,0.01642643
"12610",157,33,0.12008099,0,0,1.420099,0.97475732,1.23969036,1.18555598,0.05138467
"12611",158,33,0.099604,0.29525512,0.04812354,1.420099,0.97475732,1.23969036,1.18555598,0.06363787
"12612",154,34,0.10621151,0,0.05128127,1.41665088,0.97239052,1.23668029,1.18267735,0.10405536
"12613",155,34,0.12311518,0,0,1.41665088,0.97239052,1.23668029,1.18267735,0.02580417
"12614",156,34,0,0.02332893,0.0455623,1.41665088,0.97239052,1.23668029,1.18267735,0.04246775
"12615",157,34,0.48817504,0,0,1.41665088,0.97239052,1.23668029,1.18267735,0.16963259
"12616",150,35,0,0,0.01508496,0.47943049,0.32908155,0.41852389,0.40024793,0.09643506
"12617",151,35,0.0173999,0,0.01228945,0.39058349,0.26809688,0.34096397,0.32607487,0.06452623
"12618",153,35,0.33106846,0,0.0391332,1.08112043,0.7420821,0.94377545,0.90256298,0.18571106
"12619",154,35,0.10585148,0,0.05115154,1.41318977,0.97001482,1.23365888,1.17978788,0.15384932
"12620",155,35,0.12089578,0,0,1.41318977,0.97001482,1.23365888,1.17978788,0.05008202
"12621",156,35,0.12371272,0,0.04474226,1.41318977,0.97001482,1.23365888,1.17978788,0.05419052
"12622",150,36,0.06221227,0,0.02563371,0.82329931,0.56511344,0.71870779,0.6873235,0.314462
"12623",151,36,0.10649261,0,0.0439101,1.4097173,0.96763131,1.23062755,1.17688892,0.4001571
"12624",152,36,0.10633109,0,0,1.40798296,0.96644086,1.22911354,1.17544102,0.37785621
"12625",153,36,0.0630254,0,0,1.4097173,0.96763131,1.23062755,1.17688892,0.08191924
"12626",154,36,0.06958176,0,0.03812584,1.4097173,0.96763131,1.23062755,1.17688892,0.0106228
"12627",155,36,0.11880376,0,0,1.4097173,0.96763131,1.23062755,1.17688892,0.03938681
"12628",148,37,0.03896084,0,0.03968501,1.25556869,0.86182355,1.09606189,1.04819943,0.36708647
"12629",149,37,0.04351719,0,0.05094475,1.40492608,0.96434261,1.226445,1.17288901,0.81534373
"12630",150,37,0.04367708,0,0.04380155,1.40623239,0.96523926,1.22758535,1.17397957,0.51534291
"12631",151,37,0.10618351,0,0.04380155,1.40623239,0.96523926,1.22758535,1.17397957,0.34748256
"12632",152,37,0.10619924,0,0,1.40623239,0.96523926,1.22758535,1.17397957,0.24126916
"12633",153,37,0.11556595,0,0.03974039,1.40623239,0.96523926,1.22758535,1.17397957,0.16841645
"12634",154,37,0.05658869,0,0,1.40623239,0.96523926,1.22758535,1.17397957,0.06658302
"12635",155,37,0.1256962,0,0.03941213,1.40623239,0.96523926,1.22758535,1.17397957,0.07222029
"12636",156,37,0.44757923,0,0.41082157,1.40623239,0.96523926,1.22758535,1.17397957,0.04783116
"12637",147,38,0.08952001,0,0.03119152,0.96249362,0.66065655,0.84021893,0.80352853,0.11718115
"12638",148,38,0.42921145,0,0.05077548,1.40273502,0.96283867,1.22453229,1.17105983,0.14962047
"12639",149,38,0.41823788,0,0.05077642,1.40273502,0.96283867,1.22453229,1.17105983,0.37391846
"12640",150,38,0.41864457,0,0.0508653,1.40273502,0.96283867,1.22453229,1.17105983,0.28031504
"12641",151,38,0.1186403,0,0.04441125,1.40273502,0.96283867,1.22453229,1.17105983,0.18721816
"12642",152,38,0.12097349,0,0,1.40273502,0.96283867,1.22453229,1.17105983,0.19154906
"12643",153,38,0.12439847,0,0.04441125,1.40273502,0.96283867,1.22453229,1.17105983,0.10755223
"12644",154,38,0.12277522,0,0,1.40273502,0.96283867,1.22453229,1.17105983,0.11311593
"12645",155,38,1.24415729,0,0.40176469,1.40273502,0.96283867,1.22453229,1.17105983,0.06641961
"12646",156,38,0.45788292,0,0.40101388,1.40273502,0.96283867,1.22453229,1.17105983,0.0340625
"12647",147,39,1.60024055,0,0,1.39922575,0.9604299,1.22146884,1.16813015,0.07901071
"12648",148,39,0.0433365,0,0,1.39922575,0.9604299,1.22146884,1.16813015,0.14812665
"12649",149,39,0.41597467,0,0.05073805,1.39922575,0.9604299,1.22146884,1.16813015,0.07487186
"12650",150,39,0.4158763,0,0.0506492,1.39922575,0.9604299,1.22146884,1.16813015,0.06771996
"12651",151,39,0.06233339,0,0,1.39922575,0.9604299,1.22146884,1.16813015,0.09565903
"12652",152,39,0.12071829,0,0,1.39922575,0.9604299,1.22146884,1.16813015,0.05837068
"12653",153,39,0.12168637,0,0,1.39922575,0.9604299,1.22146884,1.16813015,0.04759756
"12654",154,39,1.24435232,0,0.40092974,1.39922575,0.9604299,1.22146884,1.16813015,0.02707265
"12655",147,40,0.06836859,0.32927738,0.04707995,1.39570458,0.95801296,1.21839499,1.16519053,0.07232732
"12656",148,40,0.05143893,0.32390941,0.04551205,1.39964809,0.95820512,1.21839499,1.16519053,0.05631231
"12657",149,40,0.78293918,0,0.06251205,1.39570458,0.95801296,1.21839499,1.16519053,0.03340174
"12658",150,40,0.05587267,0,0.03660499,1.39570458,0.95801296,1.21839499,1.16519053,0.04363544
"12659",152,40,0.05616504,0,0,1.39964809,0.95820512,1.21839499,1.16519053,0.02756277
"12660",153,40,0.05616504,0,0,1.39570458,0.95801296,1.21839499,1.16519053,0.01541994
"12661",172,31,0.22428636,0,0.24993136,0.82664922,0.56702906,0.72118265,0.68969028,0.14560248
"12662",173,31,0.382858,0,0.42663416,1.41109463,0.96792163,1.23106262,1.17730499,0.18388278
"12663",174,31,0.1685927,0,0.18786967,0.62137986,0.42622726,0.54210221,0.51842987,0.13721555
"12664",172,32,0.37804691,0,0.42127297,1.39336245,0.95575848,1.21559277,1.16251068,0.23606502
"12665",173,32,0.38647411,0,0.43066373,1.42442246,0.97706368,1.24269004,1.18842467,0.20104237
"12666",174,32,0.35191676,0,0.39215508,1.29705489,0.88969758,1.13157244,1.08215931,0.16340475
"12667",170,33,0.50031751,0,0.1165184,0.35440904,0.24310218,0.30919239,0.29569068,0.06350626
"12668",171,33,1.43384017,0,0.30730389,1.01640916,0.69719237,0.8867324,0.84801087,0.100493
"12669",172,33,1.77376807,0,0.43364276,1.4209841,0.97470518,1.23969036,1.18555598,0.19063054
"12670",173,33,1.77489737,0,0.43217394,1.4209841,0.97470518,1.23969036,1.18555598,0.21056412
"12671",174,33,0.26546523,0,0.32164978,0.97842154,0.67113527,0.85359136,0.81631702,0.06912002
"12672",165,34,0.84006987,0,0.0154091,0.59134378,0.40562442,0.51589823,0.49337016,0.02141965
"12673",167,34,1.00846188,0,0.2370731,0.72117505,0.49468045,0.62916521,0.60169104,0.25726776
"12674",168,34,0.37525193,0,0.41815833,1.38306092,0.94869228,1.20660554,1.1539159,0.17324178
"12675",169,34,2.00095538,0,0.42858101,1.41753383,0.97233851,1.23668029,1.18267735,0.11061249
"12676",170,34,1.99755498,0,0.42858101,1.41753383,0.97233851,1.23668029,1.18267735,0.10048224
"12677",171,34,1.97599302,0,0.43203346,1.41753383,0.97233851,1.23668029,1.18267735,0.10722414
"12678",172,34,1.74562308,0,0.42888464,1.40078551,0.96085023,1.22206878,1.16870389,0.28080365
"12679",173,34,1.23226784,0,0.27140384,0.88643548,0.60803865,0.77334118,0.73957118,0.12409895
"12680",164,35,1.32644954,0,0.06560522,1.41407057,0.96996293,1.23365888,1.17978788,0.05168352
"12681",165,35,1.37210736,0,0.06607433,1.41407057,0.96996293,1.23365888,1.17978788,0.04396254
"12682",166,35,1.31936138,0,0.06238967,1.34298809,0.92120485,1.17164533,1.12048232,0.12305115
"12683",167,35,1.412057,0,0.06565088,1.41407057,0.96996293,1.23365888,1.17978788,0.18387164
"12684",168,35,1.42574665,0,0.06564655,1.41407057,0.96996293,1.23365888,1.17978788,0.08470251
"12685",169,35,1.42149142,0,0.06547395,1.41407057,0.96996293,1.23365888,1.17978788,0.06612506
"12686",170,35,1.99259165,0,0.42753392,1.41407057,0.96996293,1.23365888,1.17978788,0.09694017
"12687",171,35,1.90802827,0,0.42929015,1.40210996,0.96175871,1.22322424,1.1698089,0.14811234
"12688",172,35,0.57055237,0,0.14017978,0.45784294,0.31405129,0.39942986,0.38198769,0.0685214
"12689",162,36,0.12263682,0,0.0449492,1.41059593,0.96757955,1.23062755,1.17688892,0.03587567
"12690",164,36,0.12895142,0,0.04442915,1.41059593,0.96757955,1.23062755,1.17688892,0.03776931
"12691",165,36,0.13041579,0,0.04435582,1.41059593,0.96757955,1.23062755,1.17688892,0.07779643
"12692",166,36,0.13041579,0,0,1.41059593,0.96757955,1.23062755,1.17688892,0.03577903
"12693",167,36,0.13041578,0,0,1.41059593,0.96757955,1.23062755,1.17688892,0.0459991
"12694",168,36,1.41596768,0,0.06491148,1.40896501,0.96646085,1.22920471,1.17552821,0.06881262
"12695",169,36,1.13419306,0,0.05155688,1.12799981,0.7737365,0.98408596,0.94111322,0.10121278
"12696",170,36,0.88853938,0,0.19427421,0.63452142,0.43524154,0.55356713,0.52939414,0.04337807
"12697",161,37,1.32662219,0,0.43279049,1.40710884,0.96518763,1.22758535,1.17397957,0.00379725
"12698",162,37,1.3249815,0,0.43603456,1.40710884,0.96518763,1.22758535,1.17397957,0.01827074
"12699",163,37,1.33367229,0,0.43720611,1.40710884,0.96518763,1.22758535,1.17397957,0.03132271
"12700",164,37,0.13009339,0,0.04440856,1.40710884,0.96518763,1.22758535,1.17397957,0.07232112
"12701",165,37,0.13009339,0,0,1.40710884,0.96518763,1.22758535,1.17397957,0.09124942
"12702",166,37,0.13009339,0,0,1.40710884,0.96518763,1.22758535,1.17397957,0.08284474
"12703",167,37,1.26982471,0,0.05778599,1.26571223,0.86819851,1.10422858,1.0560095,0.06638994
"12704",157,38,1.28350609,0,0.06538782,1.40516356,0.96286441,1.22453229,1.17105983,0.02922512
"12705",160,38,1.330452,0,0.43164982,1.4036093,0.96278717,1.22453229,1.17105983,0.04239674
"12706",161,38,1.29803046,0,0.43377675,1.4036093,0.96278717,1.22453229,1.17105983,0.04217708
"12707",162,38,1.28724051,0,0.39620309,1.4036093,0.96278717,1.22453229,1.17105983,0.08580655
"12708",163,38,1.41035528,0,0.06490936,1.4036093,0.96278717,1.22453229,1.17105983,0.06540262
"12709",164,38,1.36716493,0,0.0629216,1.3606255,0.933303,1.18703251,1.13519757,0.3905496
"12710",165,38,1.02930517,0,0.04737214,1.02438182,0.70266111,0.89368788,0.85466261,0.33209141
"12711",166,38,0.59030714,0,0.02716795,0.58748361,0.40297659,0.51253056,0.49014955,0.0774605
"12712",155,39,0.45182169,0,0.40084661,1.39922575,0.9604299,1.22146884,1.16813015,0.02549722
"12713",156,39,1.29819082,0,0.06506536,1.40009784,0.96037853,1.22146884,1.16813015,0.02064837
"12714",157,39,1.26359719,0,0,1.40009784,0.96037853,1.22146884,1.16813015,0.0127577
"12715",158,39,1.29650906,0,0,1.40009784,0.96037853,1.22146884,1.16813015,0.0383082
"12716",159,39,1.29365636,0,0.05167798,1.40009784,0.96037853,1.22146884,1.16813015,0.04873201
"12717",160,39,1.33676066,0,0.06514235,1.40009784,0.96037853,1.22146884,1.16813015,0.04891219
"12718",161,39,1.36894507,0,0.06391073,1.37856019,0.94560506,1.20267903,1.15016085,0.12624712
"12719",162,39,1.01696281,0,0.0468041,1.01209849,0.69423552,0.8829717,0.84441439,0.12059517
"12720",163,39,0.47120731,0,0.02168657,0.46895343,0.32167238,0.40912284,0.3912574,0.07408298
"12721",154,40,0.45409114,0,0.39963013,1.39570458,0.95801296,1.21839499,1.16519053,0.01593958
"12722",155,40,1.30791677,0,0.0651184,1.39657447,0.95796172,1.21839499,1.16519053,0.02425466
"12723",156,40,1.29068618,0,0,1.39657447,0.95796172,1.21839499,1.16519053,0.02559147
"12724",157,40,1.29878507,0,0.05154794,1.39657447,0.95796172,1.21839499,1.16519053,0.17159741
"12725",158,40,1.31470366,0,0.05154794,1.39657447,0.95796172,1.21839499,1.16519053,0.03651682
"12726",159,40,1.18691197,0,0.05952945,1.27503857,0.87459578,1.11236504,1.06379065,0.0218879
"12727",160,40,0.52955383,0,0.02462881,0.65533241,0.44951657,0.57172299,0.54675718,0.05808841
"12728",154,41,0.47175035,0,0.42299015,1.39303919,0.95553674,1.21531076,1.16224097,0.02338441
"12729",155,41,1.29034525,0,0,1.39303919,0.95553674,1.21531076,1.16224097,0.02952327
"12730",156,41,1.29476342,0,0,1.39303919,0.95553674,1.21531076,1.16224097,0.0222521
"12731",157,41,1.30048154,0,0.06259193,1.39303919,0.95553674,1.21531076,1.16224097,0.01240522
"12732",158,41,1.31430651,0,0.06259193,1.39303919,0.95553674,1.21531076,1.16224097,0.06421025
"12733",159,41,0.71109207,0,0.03570873,0.77036467,0.52842142,0.67207906,0.64273094,0.09968226
"12734",155,42,1.28733465,0,0.06246897,1.38949146,0.95310322,1.21221565,1.15928103,0.03897039
"12735",156,42,1.28914863,0,0.06246909,1.38949146,0.95310322,1.21221565,1.15928103,0.14235613
"12736",157,42,1.90027323,0,0,1.38949146,0.95310322,1.21221565,1.15928103,0.03864888
"12737",158,42,1.07525069,0.24967084,0.08393881,1.38949146,0.95310322,1.21221565,1.15928103,0.06102286
"12738",159,42,1.06104839,0,0.06429035,1.38949146,0.95310322,1.21221565,1.15928103,0.0121425
"12739",160,42,0,0,0,1.08380854,0.74342408,0.94553274,0.90424354,0.0104661
"12740",155,43,0.69259037,0,0.03419162,0.75887027,0.52053699,0.66205115,0.63314093,0.00640409
"12741",156,43,0.49619165,0,0.02370364,0.63259594,0.43392079,0.55188731,0.52778768,0.0112932
"12742",157,43,0.20601542,0,0.03597957,0.7656506,0.52518787,0.66796643,0.63879789,0.044372
"12743",158,43,0,0,0.02950056,0.73785352,0.50612083,0.64371579,0.61560622,0.01763533
"12744",159,43,0,0,0,0.87948567,0.60327152,0.76727805,0.73377281,0.040367
"12745",160,43,0.49569857,0,0.03978487,0.86886033,0.59598321,0.75800833,0.72490787,0.02617431
"12746",158,32,0.12810074,0,0,1.42007274,0.97308068,1.23752492,1.1834851,0.05090173
"12747",159,32,0,0.42970231,0.04823868,1.42599977,0.97714207,1.24269004,1.18842467,0.07234758
"12748",160,32,0.03073602,0,0.04570608,1.42599977,0.97714207,1.24269004,1.18842467,0.03997671
"12749",161,32,0.02255596,0,0,1.42599977,0.97714207,1.24269004,1.18842467,0.04372811
"12750",162,32,0.02221885,0,0.05177891,1.42388026,0.97723353,1.24269004,1.18842467,0.02016658
"12751",159,33,0,0.41800614,0.04812224,1.42255761,0.97478339,1.23969036,1.18555598,0.0812796
"12752",160,33,0.03040371,0,0,1.42255761,0.97478339,1.23969036,1.18555598,0.02457971
"12753",161,33,0.41242224,0,0.0514781,1.42255761,0.97478339,1.23969036,1.18555598,0.02758083
"12754",162,33,0.39595485,0,0.0516186,1.42255761,0.97478339,1.23969036,1.18555598,0.02191303
"12755",163,33,1.10678496,0,0.4693626,1.42255761,0.97478339,1.23969036,1.18555598,0.05208223
"12756",164,33,0.64945941,0,0.2754134,0.83473081,0.57198508,0.72742765,0.69566258,0.06423002
"12757",158,34,0.09016327,0,0.0493597,1.41910352,0.97241653,1.23668029,1.18267735,0.04836415
"12758",159,34,0.05090059,0,0.04925696,1.41910352,0.97241653,1.23668029,1.18267735,0.03789693
"12759",160,34,0,0.02090498,0,1.41910352,0.97241653,1.23668029,1.18267735,0.02611046
"12760",161,34,0.02167047,0,0.04665825,1.41910352,0.97241653,1.23668029,1.18267735,0.01722079
"12761",162,34,0.40963833,0,0.06642531,1.41910352,0.97241653,1.23668029,1.18267735,0.01886981
"12762",163,34,0.40905853,0,0.06642795,1.41910352,0.97241653,1.23668029,1.18267735,0.04209576
"12763",164,34,1.93273929,0,0.46659861,1.41418041,0.96904305,1.23239004,1.17857444,0.0537153
"12764",157,35,0.12050201,0,0,1.41563642,0.97004076,1.23365888,1.17978788,0.07745775
"12765",158,35,0.71561953,0,0.04935176,1.41563642,0.97004076,1.23365888,1.17978788,0.1023285
"12766",159,35,0.04744079,0,0.0469862,1.41563642,0.97004076,1.23365888,1.17978788,0.02954159
"12767",160,35,0,0,0,1.41563642,0.97004076,1.23365888,1.17978788,0.01682296
"12768",161,35,0.0216862,0,0.04657316,1.41563642,0.97004076,1.23365888,1.17978788,0.01401839
"12769",162,35,0.10145846,0,0.06634081,1.41563642,0.97004076,1.23365888,1.17978788,0.03050666
"12770",163,35,0.40769159,0,0.06630285,1.41563642,0.97004076,1.23365888,1.17978788,0.05509688
"12771",156,36,0.74744483,0.62044012,0.04600695,1.41215793,0.96765719,1.23062755,1.17688892,0.04133097
"12772",157,36,0.03030333,0,0,1.41215793,0.96765719,1.23062755,1.17688892,0.04048762
"12773",158,36,0.05545458,0,0.04687074,1.41215793,0.96765719,1.23062755,1.17688892,0.05155139
"12774",159,36,0,0,0,1.41215793,0.96765719,1.23062755,1.17688892,0.04742401
"12775",160,36,0.02177256,0,0.04643622,1.41215793,0.96765719,1.23062755,1.17688892,0.0166812
"12776",161,36,0.06320514,0,0.04628264,1.41215793,0.96765719,1.23062755,1.17688892,0.01315761
"12777",163,36,0.12214202,0,0.044746,1.41215793,0.96765719,1.23062755,1.17688892,0.13538091
"12778",157,37,0.34341112,0,0.40083932,1.40866698,0.96526507,1.22758535,1.17397957,0.06416523
"12779",158,37,0.3420321,0,0,1.40866698,0.96526507,1.22758535,1.17397957,0.0532254
"12780",159,37,0.44191183,0,0.44659607,1.40866698,0.96526507,1.22758535,1.17397957,0.02466386
"12781",160,37,1.30689621,0,0.4384346,1.40866698,0.96526507,1.22758535,1.17397957,0.04596578
"12782",158,38,1.27241141,0,0.06613834,1.40516356,0.96286441,1.22453229,1.17105983,0.05492667
"12783",159,38,1.27083478,0,0.06616994,1.40516356,0.96286441,1.22453229,1.17105983,0.02532061
"12784",158,19,0.1748638,0,0.21788286,0.67546493,0.46358321,0.58951133,0.56376875,0.04667606
"12785",159,19,0.18788768,0,0.23192955,0.71899582,0.49345921,0.62750287,0.60010128,0.01168133
"12786",160,19,0.11781303,0,0.14587534,0.45162595,0.30995867,0.39415609,0.37694421,0.01565961
"12787",157,20,0.09793517,0,0.12724507,0.39403294,0.27043159,0.34389184,0.32887489,0.19592976
"12788",158,20,0.04571015,0.29770525,0.04785099,1.46416138,1.00487916,1.27784535,1.22204483,0.03478159
"12789",159,20,0.08832837,0.39393571,0.03696696,1.46416138,1.00487916,1.27784535,1.22204483,0.00689347
"12790",160,20,0.42599961,0,0.44733528,1.38294961,0.94914213,1.20696787,1.1542624,0.05393456
"12791",158,21,0.26014954,0.26021987,0.33295721,0.95070753,0.65248694,0.82972903,0.7934967,0.04210256
"12792",159,21,0.04569607,0.29224812,0.04770107,1.46087318,1.00262241,1.27497558,1.21930037,0.06560017
"12793",160,21,0.44536093,0.48245859,0.52077585,1.46087318,1.00262241,1.27497558,1.21930037,0.01770321
"12794",161,21,0.32038959,0,0.33720861,1.04530808,0.71741293,0.91229156,0.87245392,0.11286689
"12795",159,22,0.35375448,0,0.03780861,1.15070367,0.78974774,1.00427546,0.96042109,0.22514555
"12796",160,22,0.044264,0.42609283,0.0545737,1.45757253,1.00035712,1.27209494,1.21654552,0.14860993
"12797",161,22,0.04558993,0.28621459,0.04759355,1.45757253,1.00035712,1.27209494,1.21654552,0.02566093
"12798",162,22,0.43974256,0.40599825,0.51420486,1.44244086,0.98997199,1.25888879,1.20391605,0.0440332
"12799",163,22,0.12982421,0,0.15987979,0.4956402,0.3401664,0.43256948,0.41368018,0.01028869
"12800",159,23,0.03328806,0.30002783,0.0410413,1.096145,0.75230318,0.95665943,0.91488435,0.1147038
"12801",160,23,0.04416337,0.43616593,0.05444963,1.45425889,0.99808291,1.26920296,1.21377983,0.16040222
"12802",161,23,0.04548538,0.2867726,0.04748543,1.45425889,0.99808291,1.26920296,1.21377983,0.0756468
"12803",162,23,0.06871466,0.38723868,0.03671694,1.45425889,0.99808291,1.26920296,1.21377983,0.02082126
"12804",163,23,0.16652733,0,0.20739672,0.64299592,0.44129917,0.56117403,0.53666887,0.04443436
"12805",160,24,0,0.14554589,0,0.53174869,0.36494828,0.46408312,0.4438177,0.13388602
"12806",161,24,0,0.39736336,0.04552521,1.31395859,0.9017924,1.14675602,1.09667986,0.07100317
"12807",162,24,0.0453808,0.2901618,0.0473769,1.45093334,0.99580053,1.2663006,1.21100421,0.08009459
"12808",163,24,0.18365138,0,0.22476224,0.69606557,0.47772178,0.60749051,0.58096282,0.13640864
"12809",161,25,0.03662356,0.32702297,0.0451537,1.20598007,0.82768488,1.05251787,1.00655688,0.24579727
"12810",162,25,0,0.40551149,0.05020438,1.4475948,0.99350924,1.26338689,1.20821774,0.11536424
"12811",163,25,0,0.45619485,0.04997176,1.4475948,0.99350924,1.26338689,1.20821774,0.17312686
"12812",164,25,0.32933421,0,0.34728531,1.0766453,0.7389202,0.93964109,0.89860916,0.07328704
"12813",165,25,0.20050706,0,0.20947122,0.6494094,0.44570085,0.56677139,0.54202181,0.04042255
"12814",166,25,0.19763771,0,0.2457855,0.7620098,0.52298044,0.66504328,0.63600239,0.07347346
"12815",160,26,0,0.2068626,0,0.7557679,0.51869652,0.65959567,0.63079267,0.06598356
"12816",161,26,0.44029113,0.39530673,0.51484808,1.44424436,0.99120977,1.26046279,1.20542133,0.04096491
"12817",162,26,0.08739047,0.39857685,0,1.44424436,0.99120977,1.26046279,1.20542133,0.08276228
"12818",163,26,0.04574213,0.01724596,0.05337101,1.44424436,0.99120977,1.26046279,1.20542133,0.03003586
"12819",164,26,0.04518583,0.29592202,0.04715718,1.44424436,0.99120977,1.26046279,1.20542133,0.06804466
"12820",165,26,0.44509076,0,0.46595477,1.44424436,0.99120977,1.26046279,1.20542133,0.06684994
"12821",166,26,0.37394742,0,0.39007345,1.20922713,0.8299134,1.05535175,1.009267,0.12449691
"12822",160,27,0.30959561,0.27796351,0.36201987,1.0155335,0.69697813,0.88630583,0.84760292,0.05798886
"12823",161,27,0.43925376,0.38880712,0.5136415,1.44088092,0.98890138,1.25752736,1.20261407,0.27750842
"12824",162,27,0.04563229,0.02372219,0.05324811,1.44088092,0.98890138,1.25752736,1.20261407,0.02103173
"12825",163,27,0.04567134,0,0.05323148,1.44088092,0.98890138,1.25752736,1.20261407,0.00875354
"12826",164,27,0.04512192,0.29687626,0.0470435,1.44088092,0.98890138,1.25752736,1.20261407,0.08622038
"12827",165,27,0.41997603,0,0.03825415,1.44088092,0.98890138,1.25752736,1.20261407,0.05309198
"12828",166,27,0.33678697,0,0.35383864,1.09692713,0.75283997,0.95734204,0.91553715,0.04706832
"12829",160,28,0.41551942,0.37306515,0.48588028,1.36298496,0.93544005,1.18954374,1.13759914,0.04294489
"12830",161,28,0.0436546,0.39022731,0.05382236,1.43750558,0.98658483,1.25458153,1.19979688,0.14530491
"12831",162,28,0.04552585,0.01716548,0.05312319,1.43750558,0.98658483,1.25458153,1.19979688,0.02933207
"12832",163,28,0.04558573,0.01939411,0.05309752,1.43750558,0.98658483,1.25458153,1.19979688,0.00395944
"12833",164,28,0.04496621,0.29471068,0.04693796,1.43750558,0.98658483,1.25458153,1.19979688,0.02822416
"12834",165,28,0.41247299,0,0.03785331,1.42913271,0.98083838,1.24727412,1.19280857,0.03625474
"12835",166,28,0.25440373,0,0.26808048,0.83108581,0.5703885,0.72532929,0.69365585,0.04718399
"12836",159,29,0,0.31401716,0.03959159,1.14725472,0.78738066,1.00126539,0.95754246,0.06107184
"12837",160,29,0.43720599,0.41119698,0.51123768,1.43411779,0.98425973,1.25162484,1.1969693,0.06294644
"12838",161,29,0.04355171,0.42158277,0.05369552,1.43411779,0.98425973,1.25162484,1.1969693,0.08024143
"12839",162,29,1.12385128,0,0.03798534,1.43411779,0.98425973,1.25162484,1.1969693,0.06655285
"12840",163,29,0.9637384,0,0.03266705,1.23332814,0.84645434,1.07638588,1.02938262,0.10840515
"12841",164,29,0.3071229,0,0.32310112,1.00164891,0.68744889,0.87418807,0.83601432,0.04518864
"12842",159,30,0,0.33688376,0,1.43071755,0.98192608,1.24865728,1.19413133,0.01435572
"12843",160,30,0,0.29242837,0.04847032,1.43071755,0.98192608,1.24865728,1.19413133,0.04343431
"12844",161,30,0.04344846,0.40401179,0.05356821,1.43071755,0.98192608,1.24865728,1.19413133,0.10327851
"12845",162,30,1.11049385,0,0.03726372,1.41624297,0.97199193,1.23602461,1.1820503,0.06965549
"12846",158,31,0.01165417,0,0.02733328,0.75164399,0.51586621,0.65599652,0.62735069,0.08104199
"12847",159,31,0,0.35061663,0,1.42730485,0.97958389,1.24567886,1.19128297,0.02813133
"12848",160,31,0,0.02091148,0.04835471,1.42942947,0.97949221,1.24567886,1.19128297,0.03232094
"12849",161,31,0,0,0,1.42730485,0.97958389,1.24567886,1.19128297,0.04349989
"12850",162,31,0.03609099,0,0.03960191,1.42730485,0.97958389,1.24567886,1.19128297,0.0125117
"12851",163,31,0.21549154,0,0.2457791,0.74309846,0.51000126,0.64853842,0.62021826,0.05304067
"12852",163,32,0.88239446,0,0.37465879,1.13275849,0.77743165,0.98861382,0.94544336,0.03724284
"12853",151,12,0.55678572,0,0.01415918,0.59469541,0.40814054,0.5190845,0.4964173,0.06068761
"12854",152,12,0.37583834,0,0.02608215,1.09973618,0.75475093,0.95991326,0.91799609,0.0817143
"12855",153,12,0.38380975,0,0.02670278,1.12590428,0.77271014,0.98275429,0.9398397,0.08713935
"12856",154,12,0.34826495,0,0.0245574,1.03544596,0.71062843,0.90379704,0.86433033,0.05657415
"12857",150,13,0.82058826,0,0.02069361,0.88413889,0.60678612,0.77172749,0.73802796,0.02362044
"12858",151,13,0.43560697,0,0,1.48664112,1.02028448,1.29762623,1.24096193,0.10585086
"12859",152,13,0.36344834,0,0.03326942,1.48664112,1.02028448,1.29762623,1.24096193,0.14580418
"12860",153,13,0.3634483,0,0.03326942,1.48664112,1.02028448,1.29762623,1.24096193,0
"12861",154,13,0.46487832,0,0.03233149,1.36645738,0.93780217,1.19272293,1.1406395,0.10130624
"12862",147,14,0.53317455,0,0.01322165,0.57989684,0.39798425,0.50616746,0.48406431,0.06085333
"12863",148,14,0.19397264,0,0.01365212,0.57774719,0.39650894,0.50429112,0.48226991,0.01029031
"12864",149,14,0.95277063,0,0.02355541,1.03313233,0.70904058,0.90177757,0.86239905,0.09268117
"12865",150,14,1.37620102,0,0.03441011,1.48273852,1.01760613,1.29421982,1.23770427,0.02391006
"12866",151,14,0.4284109,0,0,1.48344154,1.01808861,1.29483346,1.23829111,0.02221764
"12867",152,14,0.35673293,0.01934418,0.03319781,1.48344154,1.01808861,1.29483346,1.23829111,0.0330505
"12868",153,14,0.35385989,0,0.03319781,1.48344154,1.01808861,1.29483346,1.23829111,0.0386757
"12869",154,14,0.36266612,0,0,1.48344154,1.01808861,1.29483346,1.23829111,0.07079732
"12870",155,14,0.26945452,0,0.02592093,1.09293817,0.75008544,0.95397956,0.9123215,0.27616831
"12871",145,15,0.24658808,0,0,0.73620405,0.50525817,0.64260142,0.61454051,0.15526216
"12872",146,15,0.34622544,0.01887592,0,1.45249843,0.9968523,1.26782453,1.21246159,0.05417055
"12873",147,15,0.35160876,0.01922273,0,1.48022952,1.01588419,1.29202982,1.2356099,0.04630903
"12874",148,15,0.3542751,0.01925527,0,1.48022952,1.01588419,1.29202982,1.2356099,0.02705129
"12875",149,15,0.35306727,0.01927332,0,1.48022952,1.01588419,1.29202982,1.2356099,0.02876168
"12876",150,15,0.42960506,0.01930231,0,1.48022952,1.01588419,1.29202982,1.2356099,0.02289442
"12877",151,15,0.35388357,0.01922925,0,1.48022952,1.01588419,1.29202982,1.2356099,0.06256496
"12878",152,15,0.3461395,0.01921066,0.03312593,1.48022952,1.01588419,1.29202982,1.2356099,0.03625612
"12879",153,15,0.49459123,0,0.03450924,1.48022952,1.01588419,1.29202982,1.2356099,0.0572911
"12880",154,15,0.48004471,0,0.03332261,1.41091533,0.96831374,1.2315284,1.17775043,0.11866193
"12881",155,15,0.09572713,0,0.00920874,0.38828012,0.26647735,0.33891332,0.32411377,0.14948486
"12882",143,16,0.68358438,0,0.01689386,0.74095903,0.50852152,0.64675184,0.6185097,0.02476865
"12883",144,16,1.33305205,0,0.03452882,1.43756943,0.9866065,1.25479363,1.19999973,0.02949353
"12884",145,16,0.49195914,0,0.035476,1.47700451,1.01367086,1.28921485,1.23291784,0.08752962
"12885",146,16,0.35198871,0.01919866,0,1.47700451,1.01367086,1.28921485,1.23291784,0.06684884
"12886",147,16,0.35396144,0.01920173,0,1.47700451,1.01367086,1.28921485,1.23291784,0.07948089
"12887",148,16,0.35053732,0.01923049,0,1.47700451,1.01367086,1.28921485,1.23291784,0.06424145
"12888",149,16,0.35252594,0.01923929,0,1.47700451,1.01367086,1.28921485,1.23291784,0.01488954
"12889",150,16,0.35427104,0.01926024,0,1.47700451,1.01367086,1.28921485,1.23291784,0.02910056
"12890",151,16,0.42596342,0.0192407,0.0319769,1.47700451,1.01367086,1.28921485,1.23291784,0.02094576
"12891",152,16,1.3624206,0,0.0336757,1.47700451,1.01367086,1.28921485,1.23291784,0.01987483
"12892",153,16,1.36635575,0,0.0336757,1.47700451,1.01367086,1.28921485,1.23291784,0.06252579
"12893",154,16,0.79428722,0,0.01981436,0.85380464,0.58596766,0.74525,0.71270667,0.2237211
"12894",140,17,0.27739206,0,0.02007094,0.86604117,0.59436562,0.75593075,0.72292102,0.09544125
"12895",141,17,0.83587212,0,0.0209856,0.9016938,0.61883408,0.78705043,0.75268177,0.06515954
"12896",142,17,1.36121767,0,0.03459279,1.46923612,1.00833941,1.28243415,1.22643325,0.09551155
"12897",143,17,0.48014184,0,0.0351182,1.47376705,1.01144899,1.286389,1.2302154,0.04088882
"12898",144,17,0.34905925,0.01921802,0.03298131,1.47376705,1.01144899,1.286389,1.2302154,0.03869724
"12899",145,17,0.34906803,0.01921802,0.03298131,1.47376705,1.01144899,1.286389,1.2302154,0.05153137
"12900",146,17,0.35000104,0.01921802,0,1.47376705,1.01144899,1.286389,1.2302154,0.03243275
"12901",147,17,0.35016536,0.01919379,0,1.47376705,1.01144899,1.286389,1.2302154,0.00754785
"12902",148,17,0.34912151,0.01920606,0,1.47376705,1.01144899,1.286389,1.2302154,0.03571676
"12903",149,17,0.3491214,0.01917495,0,1.47376705,1.01144899,1.286389,1.2302154,0.07625647
"12904",150,17,0.42300135,0.01919545,0.0319068,1.47376705,1.01144899,1.286389,1.2302154,0.06657603
"12905",151,17,0.42018231,0.0191683,0.0319068,1.47376705,1.01144899,1.286389,1.2302154,0.04158135
"12906",152,17,0.41774171,0.01921247,0.0319068,1.47376705,1.01144899,1.286389,1.2302154,0.04398013
"12907",153,17,0.47467465,0,0.03412615,1.47376705,1.01144899,1.286389,1.2302154,0.20989408
"12908",154,17,0.33129144,0,0.03293851,1.36631126,0.93770188,1.19259538,1.14051753,0.60901128
"12909",138,18,0,0,0,0.37395185,0.25664383,0.32640678,0.31215336,0.15893608
"12910",139,18,1.36695202,0,0.03473368,1.46910299,1.00824803,1.28231794,1.22632211,0.16792839
"12911",140,18,1.37095828,0,0.03385338,1.47051715,1.00921857,1.2835523,1.22750257,0.04905579
"12912",141,18,0.48087919,0,0.03502021,1.47051715,1.00921857,1.2835523,1.22750257,0.09192262
"12913",142,18,0.47992846,0,0.03499455,1.47051715,1.00921857,1.2835523,1.22750257,0.03948898
"12914",143,18,0.35090426,0.01917564,0.03301448,1.47051715,1.00921857,1.2835523,1.22750257,0.0440259
"12915",144,18,0.35171529,0.01917564,0.03299477,1.47051715,1.00921857,1.2835523,1.22750257,0.03089234
"12916",145,18,0.34933777,0.01917564,0.03290858,1.47051715,1.00921857,1.2835523,1.22750257,0.03993981
"12917",146,18,0.35019191,0.01914044,0,1.47051715,1.00921857,1.2835523,1.22750257,0.01649534
"12918",147,18,0.35092593,0.01914768,0,1.47051715,1.00921857,1.2835523,1.22750257,0.02854342
"12919",148,18,0.45131573,0,0.03297674,1.47051715,1.00921857,1.2835523,1.22750257,0.05362595
"12920",149,18,0.44971777,0,0,1.47051715,1.00921857,1.2835523,1.22750257,0.02277541
"12921",150,18,0.45130849,0,0.03297674,1.47051715,1.00921857,1.2835523,1.22750257,0.03915575
"12922",151,18,0.34838142,0.01913133,0.03376653,1.47051715,1.00921857,1.2835523,1.22750257,0.03051646
"12923",152,18,0.42177212,0.01909653,0,1.47051715,1.00921857,1.2835523,1.22750257,0.02954893
"12924",153,18,0.46772411,0.3545086,0.51840786,1.47051715,1.00921857,1.2835523,1.22750257,0.03411858
"12925",154,18,0.42209142,0.35770978,0.03734561,1.47051715,1.00921857,1.2835523,1.22750257,0.09602837
"12926",155,18,0.18847872,0,0.19659519,0.60901069,0.41796514,0.53157971,0.50836686,0.1921341
"12927",138,19,0.39469471,0,0.00996771,0.4287175,0.2942296,0.3742094,0.35786855,0.11086321
"12928",139,19,1.36345918,0,0.03402561,1.46725425,1.00697924,1.28070426,1.22477889,0.10807778
"12929",140,19,0.47914886,0,0.03494251,1.46725425,1.00697924,1.28070426,1.22477889,0.04296431
"12930",141,19,0.4798943,0,0.03494251,1.46725425,1.00697924,1.28070426,1.22477889,0.08160578
"12931",142,19,0.4781585,0,0.0349094,1.46725425,1.00697924,1.28070426,1.22477889,0.02700701
"12932",143,19,0.36305945,0,0.0349094,1.46725425,1.00697924,1.28070426,1.22477889,0.05018192
"12933",144,19,0.34962305,0.0191331,0.03285113,1.46725425,1.00697924,1.28070426,1.22477889,0.0523007
"12934",145,19,0.47694362,0,0.03491318,1.46659723,1.00652833,1.28013077,1.22423045,0.04178234
"12935",146,19,0.4385846,0,0.03180934,1.3445626,0.92277574,1.17361189,1.122363,0.08318086
"12936",147,19,0.41712856,0.01898779,0.03343573,1.45611094,0.99933157,1.27097773,1.21547711,0.04871757
"12937",148,19,0.44334214,0,0.03298099,1.46725425,1.00697924,1.28070426,1.22477889,0.05192533
"12938",149,19,0.34721025,0.0191331,0,1.46725425,1.00697924,1.28070426,1.22477889,0.02620701
"12939",150,19,0.44701693,0,0,1.46725425,1.00697924,1.28070426,1.22477889,0.02284203
"12940",151,19,0,0.3868651,0.03883019,1.46725425,1.00697924,1.28070426,1.22477889,0
"12941",152,19,0,0.39198244,0.03808609,1.46725425,1.00697924,1.28070426,1.22477889,0.0250535
"12942",153,19,0.37590459,0.38044271,0.03720165,1.46725425,1.00697924,1.28070426,1.22477889,0.0375522
"12943",154,19,0.36944546,0.28220573,0.45935435,1.46725425,1.00697924,1.28070426,1.22477889,0.05641862
"12944",155,19,0.41574025,0,0.03394695,1.39483412,0.95727717,1.21749178,1.16432676,0.08086864
"12945",139,20,0.2056691,0,0.01461729,0.60857503,0.41766614,0.53119943,0.5080032,0.17080703
"12946",140,20,0.37355354,0,0.02742287,1.14843877,0.7881756,1.00242369,0.95865019,0.14380563
"12947",141,20,0.12888142,0,0.00917765,0.38839107,0.26655349,0.33901016,0.32420638,0.08453553
"12948",142,20,0.38679985,0,0.02716302,1.15292964,0.7912577,1.00634358,0.96239891,0.18535211
"12949",143,20,0.32435505,0,0.03485922,1.46397891,1.00473137,1.27784535,1.22204483,0.36284826
"12950",144,20,0.36251847,0,0.02563735,1.0807498,0.74172054,0.94334085,0.90214736,0.25808959
"12951",145,20,0.15862562,0,0.01130888,0.47318249,0.324746,0.41302101,0.39498535,0.1241604
"12952",151,20,0.19206964,0,0.01427156,0.59199374,0.40628637,0.51672633,0.4941621,0.05215221
"12953",152,20,0.42622337,0,0.03124122,1.31183515,0.90031483,1.14504549,1.09504403,0.15483335
"12954",153,20,0.42792969,0,0,1.44084045,0.9888514,1.25764876,1.20273018,0.08561422
"12955",154,20,0.32078235,0,0,1.27247205,0.87329987,1.11068711,1.06218599,0.11717342
"12956",155,20,0.43942161,0,0.03547,1.45741415,1.00022596,1.27211525,1.21656495,0.12679169
"12957",156,20,0.33247328,0,0.03213751,1.32048677,0.90625246,1.15259713,1.1022659,0.05787493
"12958",155,21,0.12228327,0,0.12825285,0.39672717,0.27227458,0.34628639,0.33116487,0.15269441
"12959",156,21,0.22145265,0,0.2251675,0.71223755,0.48880992,0.62168207,0.59453467,0.10625993
"12960",157,21,0.18414506,0,0.02131798,0.81025698,0.55608083,0.70723909,0.67635561,0.26943395
"12961",153,22,0.09833787,0,0.00985638,0.38024493,0.26096278,0.33189974,0.31740645,0.07073321
"12962",115,25,0.54909399,0,0.01220497,0.4629672,0.31707189,0.40325008,0.38564109,0.00094088
"12963",116,25,0.9666554,0,0.02219351,0.83945667,0.57491787,0.73117701,0.69924822,0.02712211
"12964",117,25,0.86658679,0,0.01969877,0.74509431,0.51029202,0.64898625,0.62064653,0.07982068
"12965",114,26,1.28982537,0,0.29732113,0.91631858,0.62755822,0.79812468,0.76327244,0.09896418
"12966",115,26,1.81821862,0,0.42640318,1.2809811,0.87730428,1.11575019,1.06702798,0.10628302
"12967",116,26,1.65817682,0,0.038259,1.44712413,0.99109049,1.26046279,1.20542133,0.02789909
"12968",117,26,1.69533886,0,0,1.44712413,0.99109049,1.26046279,1.20542133,0.06074575
"12969",114,27,1.23009405,0,0.29580029,0.89230076,0.61110915,0.77720486,0.74326614,0.18659964
"12970",115,27,1.68429451,0,0,1.44375399,0.98878239,1.25752736,1.20261407,0.16157331
"12971",116,27,1.69465323,0,0,1.44375399,0.98878239,1.25752736,1.20261407,0.03958585
"12972",117,27,2.10098157,0,0.03806095,1.44375399,0.98878239,1.25752736,1.20261407,0.18569926
"12973",118,27,1.91592029,0,0.03787289,1.2988037,0.88951043,1.13127389,1.0818738,0.37788008
"12974",119,27,1.56092863,0,0.02675278,1.08016694,0.73977288,0.9408386,0.89975437,0.28914744
"12975",120,27,1.47982205,0,0.03788797,1.43309037,0.9814792,1.24823921,1.19373152,0.03760481
"12976",121,27,1.16165679,0,0.02036258,0.82086231,0.56218317,0.7149811,0.68375955,0.04322288
"12977",114,28,1.2473822,0,0.32486433,0.97589265,0.66835865,0.85001442,0.81289628,0.05575755
"12978",115,28,0.06402318,0,0,1.44037191,0.98646611,1.25458153,1.19979688,0.02772862
"12979",116,28,1.69815481,0,0.03797179,1.44037191,0.98646611,1.25458153,1.19979688,0.0466228
"12980",117,28,2.10922121,0,0,1.44037191,0.98646611,1.25458153,1.19979688,0.12600099
"12981",118,28,2.12551094,0,0,1.44037191,0.98646611,1.25458153,1.19979688,0.15487687
"12982",119,28,0.06402318,0,0,1.44037191,0.98646611,1.25458153,1.19979688,0.04465422
"12983",120,28,1.49689664,0,0.03796583,1.44037191,0.98646611,1.25458153,1.19979688,0.01794387
"12984",121,28,1.64326161,0,0.02969449,1.12639169,0.77143078,0.98110092,0.93825853,0.05300536
"12985",114,29,0.49360324,0,0.01253781,0.47830042,0.32757314,0.41660551,0.39841332,0.00811874
"12986",115,29,1.68579075,0,0.03799074,1.43697736,0.98414129,1.25162484,1.1969693,0.11302227
"12987",116,29,2.07836337,0,0.44044777,1.43697736,0.98414129,1.25162484,1.1969693,0.062929
"12988",117,29,2.09292644,0,0.03797682,1.43697736,0.98414129,1.25162484,1.1969693,0.13746413
"12989",118,29,2.0816135,0,0.03797682,1.43697736,0.98414129,1.25162484,1.1969693,0.12197966
"12990",119,29,0.06385181,0,0.04476404,1.43697736,0.98414129,1.25162484,1.1969693,0.04734516
"12991",120,29,1.48553896,0,0,1.43697736,0.98414129,1.25162484,1.1969693,0.02553382
"12992",121,29,1.90764305,0,0.03532526,1.33615729,0.91509274,1.16380932,1.11298848,0.00386904
"12993",115,30,1.80144918,0,0.4290834,1.28973621,0.88330038,1.12337599,1.07432078,0.09308392
"12994",116,30,2.02792787,0,0.43940348,1.43357034,0.98180792,1.24865728,1.19413133,0.09742525
"12995",117,30,1.80343327,0,0.46529608,1.43357034,0.98180792,1.24865728,1.19413133,0.0902271
"12996",118,30,0.12587325,0,0.04465791,1.43357034,0.98180792,1.24865728,1.19413133,0.10266439
"12997",119,30,0.06372085,0,0.04465791,1.43357034,0.98180792,1.24865728,1.19413133,0.05744069
"12998",120,30,0.12309974,0,0,1.43357034,0.98180792,1.24865728,1.19413133,0.02485427
"12999",121,30,1.64071177,0,0.03779813,1.42969256,0.97915215,1.24527969,1.19090123,0.03230606
"13000",114,31,0.78455713,0,0.20492449,0.61595831,0.42185077,0.53650721,0.5130792,0.00620209
"13001",115,31,1.86492741,0,0.42985475,1.29269633,0.88532768,1.1259543,1.0767865,0.22556441
"13002",116,31,2.08554064,0,0,1.43015085,0.97946602,1.24567886,1.19128297,0.05335192
"13003",117,31,1.82262142,0,0,1.43015085,0.97946602,1.24567886,1.19128297,0.04202854
"13004",118,31,0,0.39067019,0.04925961,1.43015085,0.97946602,1.24567886,1.19128297,0.04615883
"13005",119,31,0,0.03292201,0.04275715,1.43015085,0.97946602,1.24567886,1.19128297,0.03258948
"13006",120,31,0.03254553,0,0.04275715,1.43015085,0.97946602,1.24567886,1.19128297,0.01611929
"13007",121,31,2.04926392,0,0.03781026,1.43015085,0.97946602,1.24567886,1.19128297,0.11338863
"13008",114,32,0.60160072,0,0.15721843,0.47256619,0.32364595,0.41161092,0.39363684,0.02749438
"13009",115,32,2.00061546,0,0.46286138,1.42671942,0.97711594,1.24269004,1.18842467,0.0738925
"13010",116,32,1.99783229,0,0.46283479,1.42671942,0.97711594,1.24269004,1.18842467,0.03528793
"13011",117,32,1.85992545,0,0.03711726,1.42671942,0.97711594,1.24269004,1.18842467,0.0725617
"13012",118,32,0,0.38973284,0,1.42671942,0.97711594,1.24269004,1.18842467,0.04549892
"13013",119,32,0.03246744,0.0341218,0.04265456,1.42671942,0.97711594,1.24269004,1.18842467,0.05166246
"13014",120,32,0.03246744,0.30229594,0.04265456,1.42671942,0.97711594,1.24269004,1.18842467,0
"13015",121,32,0.12614555,0,0.05137741,1.42002686,0.97253241,1.23686074,1.18284992,0.02763344
"13016",115,33,0.12064924,0,0.04401268,1.42327552,0.97475732,1.23969036,1.18555598,0.0602841
"13017",116,33,0,0,0,1.42327552,0.97475732,1.23969036,1.18555598,0.06533225
"13018",117,33,0.12135962,0,0.04406173,1.42327552,0.97475732,1.23969036,1.18555598,0.06675792
"13019",118,33,1.98709132,0,0.03762849,1.42327552,0.97475732,1.23969036,1.18555598,0.08944256
"13020",119,33,0.06326326,0,0,1.42327552,0.97475732,1.23969036,1.18555598,0.09529937
"13021",120,33,0.06326326,0,0,1.42327552,0.97475732,1.23969036,1.18555598,0.04485336
"13022",121,33,1.44111791,0,0.03275947,1.2391076,0.84862642,1.07927786,1.03214831,0.0319338
"13023",114,34,0,0,0.03148072,1.01916867,0.69799705,0.88770836,0.84894421,0.00967712
"13024",115,34,1.8442545,0,0.03693776,1.41981968,0.97239052,1.23668029,1.18267735,0.0368463
"13025",116,34,0.10816736,0,0.04409746,1.41981968,0.97239052,1.23668029,1.18267735,0.03326419
"13026",117,34,0,0.3436803,0.04782715,1.41981968,0.97239052,1.23668029,1.18267735,0.02595846
"13027",118,34,0.12535916,0,0,1.41981968,0.97239052,1.23668029,1.18267735,0.03940012
"13028",119,34,0.06310965,0,0,1.41981968,0.97239052,1.23668029,1.18267735,0.01407413
"13029",120,34,0.06310965,0,0,1.41981968,0.97239052,1.23668029,1.18267735,0.02940256
"13030",121,34,2.04173878,0,0.03753712,1.41981968,0.97239052,1.23668029,1.18267735,0.0465788
"13031",122,34,1.26613331,0,0.30347684,0.91148465,0.6242476,0.79391426,0.75924588,0.0455072
"13032",113,35,0.90522509,0,0,0.76319839,0.52269094,0.66475512,0.63572681,0.08926069
"13033",114,35,1.96932312,0,0.03739176,1.41635084,0.97001482,1.23365888,1.17978788,0.03674029
"13034",115,35,0.10779505,0,0.0441215,1.41635084,0.97001482,1.23365888,1.17978788,0.0479738
"13035",116,35,0.10779888,0,0.0441215,1.41635084,0.97001482,1.23365888,1.17978788,0.0944469
"13036",117,35,0.10779847,0,0.0441215,1.41635084,0.97001482,1.23365888,1.17978788,0.06238957
"13037",118,35,0.06295546,0,0,1.41635084,0.97001482,1.23365888,1.17978788,0.03009946
"13038",119,35,0.12000704,0,0,1.41635084,0.97001482,1.23365888,1.17978788,0.05857532
"13039",120,35,0.06295546,0,0,1.41635084,0.97001482,1.23365888,1.17978788,0
"13040",121,35,2.01416636,0,0.03744541,1.41635084,0.97001482,1.23365888,1.17978788,0.0269591
"13041",122,35,1.48530469,0,0.0265158,1.01921856,0.69803122,0.88775182,0.84898577,0.08797846
"13042",113,36,1.60359122,0,0,1.36600805,0.9355366,1.18980969,1.13785348,0.0375606
"13043",114,36,1.79376183,0,0,1.39107151,0.95270179,1.21164028,1.15873078,0.12748039
"13044",115,36,1.80888023,0,0.46616462,1.40027243,0.95900321,1.21965439,1.16639493,0.25479969
"13045",116,36,0.10753751,0,0.04401308,1.4128706,0.96763131,1.23062755,1.17688892,0.0394676
"13046",117,36,0.10639846,0,0.04401308,1.4128706,0.96763131,1.23062755,1.17688892,0.02784058
"13047",118,36,0.06280077,0,0,1.4128706,0.96763131,1.23062755,1.17688892,0.02229227
"13048",119,36,0.06280077,0,0,1.4128706,0.96763131,1.23062755,1.17688892,0.00863404
"13049",120,36,0.06280077,0,0,1.4128706,0.96763131,1.23062755,1.17688892,0.00461544
"13050",121,36,2.0093532,0,0.0373534,1.4128706,0.96763131,1.23062755,1.17688892,0.05610179
"13051",122,36,0.57598976,0,0.01068865,0.40429179,0.27688693,0.35214309,0.33676582,0.0813943
"13052",113,37,0.87301977,0,0.01590062,0.60143156,0.41190184,0.52385423,0.50097874,0.07069045
"13053",116,37,1.01626211,0,0.02036879,0.78293872,0.53621048,0.68194919,0.65217006,0.04608468
"13054",117,37,1.90010175,0,0.03629664,1.3728991,0.94025607,1.19581189,1.14359358,0.0757609
"13055",118,37,0.0628619,0,0,1.40937788,0.96523926,1.22758535,1.17397957,0.08344245
"13056",119,37,0.12402668,0,0,1.40937788,0.96523926,1.22758535,1.17397957,0.04830663
"13057",120,37,1.99027666,0,0,1.40937788,0.96523926,1.22758535,1.17397957,0.08826385
"13058",121,37,1.58003498,0,0.02908259,1.10003201,0.75337785,0.95814132,0.91630153,0.19972054
"13059",113,38,0.3808476,0,0.00969259,0.36772352,0.25184245,0.32029168,0.30630529,0.00593853
"13060",117,38,0.4380947,0,0.01114953,0.42299787,0.28969814,0.36843631,0.35234756,0.03064347
"13061",118,38,1.2599559,0,0.03231157,1.22216632,0.83702386,1.06452179,1.01803661,0.02947089
"13062",119,38,1.62163881,0,0,1.4058727,0.96283867,1.22453229,1.17105983,0.07825593
"13063",120,38,1.90339376,0,0,1.33418586,0.91374257,1.16209218,1.11134633,0.10720059
"13064",121,38,0.63437341,0,0,0.61251278,0.41949103,0.53350612,0.51020915,0.20783451
"13065",119,39,0.64628613,0,0.01655658,0.62624283,0.42889432,0.54546516,0.52164597,0.08398775
"13066",120,39,0.71308149,0,0,0.68850857,0.47153819,0.59969938,0.5735119,0.19007272
"13067",121,74,0.02414747,0.80304669,0.08312932,1.28891061,0.8712504,1.11768681,1.06192906,0.12655276
"13068",205,115,0.26652241,0.09710037,0.03444922,0.52322285,0.36113966,0.45823164,0.43519701,0.00139253
"13069",206,115,0.06267447,0.13404784,0.03220012,0.47350086,0.32682047,0.41468578,0.39384014,0
"13070",207,115,0.04419611,0.09910551,0.02285732,0.3361155,0.23199414,0.2943655,0.27956818,0.01386977
"13071",208,115,0.04993914,0.09989224,0,0.38528168,0.2659297,0.33742459,0.32046275,0.00098858
"13072",209,115,0.05162936,0.11591986,0.02111034,0.39538786,0.2729052,0.34627545,0.32886869,0.00715403
"13073",210,115,0.07843433,0.19036684,0.04022053,0.59144132,0.40822551,0.51797648,0.49193856,0
"13074",211,115,0.0126824,0.02966576,0.00705695,0.10384728,0.07167762,0.09094807,0.08637624,0
"13075",212,115,0.00185917,0.02424415,0.00584982,0.0861107,0.05943546,0.07541461,0.07162363,0.00147126
"13076",205,116,0.1753863,0.44007184,0.78196159,1.08976844,0.7521816,0.95440477,0.90642824,0.00960319
"13077",206,116,0.14378502,0.42170737,0.07410901,1.08976844,0.7521816,0.95440477,0.90642824,0.01733617
"13078",207,116,0.14399423,0.32521315,0.07410901,1.08976844,0.7521816,0.95440477,0.90642824,0.0516491
"13079",208,116,0.14405914,0.35464643,0.07410632,1.08976844,0.7521816,0.95440477,0.90642824,0.03487455
"13080",209,116,0.14358137,0.42170737,0.07410649,1.08976844,0.7521816,0.95440477,0.90642824,0.01101922
"13081",210,116,0.14301324,0.42170737,0.07410712,1.08976844,0.7521816,0.95440477,0.90642824,0.00492854
"13082",211,116,0.14219266,0.41485719,0.07290429,1.07206633,0.73996323,0.93890149,0.8917043,0.00370187
"13083",212,116,0.12527828,0.33023797,0.06486296,0.95380596,0.65833738,0.83533063,0.79333979,0.01486053
"13084",213,116,0.01065138,0.02349271,0.00562484,0.08271289,0.05709021,0.07243885,0.06879746,0
"13085",214,116,0.01327759,0.02928536,0.00699909,0.10310944,0.07116835,0.09030188,0.08576254,0.00259118
"13086",217,116,0.0148756,0.0297165,0.00842157,0.12416035,0.08569814,0.10873799,0.10327189,0.00401941
"13087",218,116,0.00571836,0.01160526,0.00329269,0.04848867,0.03346792,0.04246573,0.04033104,0
"13088",204,117,0.19388975,0.41060494,0.77987297,1.0854276,0.74918546,0.95060312,0.9028177,0.01890189
"13089",205,117,0.1337109,0.31158493,0.77863467,1.0854276,0.74918546,0.95060312,0.9028177,0.03391942
"13090",206,117,0.14082311,0.28537792,0.77872491,1.0854276,0.74918546,0.95060312,0.9028177,0.01390742
"13091",207,117,0.14304286,0.31131402,0.07360073,1.0854276,0.74918546,0.95060312,0.9028177,0.00991334
"13092",208,117,0.14195275,0.31856769,0.07355985,1.0854276,0.74918546,0.95060312,0.9028177,0.01262501
"13093",209,117,0.14237664,0.27133063,0.07348336,1.0854276,0.74918546,0.95060312,0.9028177,0.02239472
"13094",210,117,0.1438666,0.31928733,0.07349616,1.0854276,0.74918546,0.95060312,0.9028177,0.01984854
"13095",211,117,0.14404553,0.4200276,0.07381267,1.0854276,0.74918546,0.95060312,0.9028177,0.04239331
"13096",212,117,0.14257726,0.4200276,0.07381256,1.0854276,0.74918546,0.95060312,0.9028177,0.03709564
"13097",213,117,0.13981236,0.4400433,0.07365986,1.08316455,0.74762346,0.94862117,0.90093538,0.03727589
"13098",214,117,0.1361396,0.31380199,0.07149018,1.0512637,0.7256048,0.92068282,0.87440145,0.02824183
"13099",215,117,0.0723694,0.13276562,0.03765998,0.55460075,0.38279736,0.48571199,0.46129596,0.0048843
"13100",216,117,0.0399726,0.07422768,0.020977,0.31011948,0.21405113,0.27159853,0.25794567,0.02686671
"13101",217,117,0.09774833,0.17766723,0.05043981,0.74209048,0.5122068,0.64991301,0.61724284,0.01477061
"13102",218,117,0.06419768,0.11731776,0.03332949,0.49010969,0.33828424,0.42923157,0.40765473,0.00451191
"13103",200,118,0.11953928,0.16310504,0.04953091,0.68957819,0.47596169,0.60392344,0.5735651,0.0076103
"13104",201,118,0.19451354,0.27487804,0.07700989,1.08107707,0.74618263,0.94679298,0.89919909,0.01052382
"13105",202,118,0.14097117,0.36162999,0.775283,1.08107707,0.74618263,0.94679298,0.89919909,0.03156909
"13106",203,118,0.14559218,0.36045095,0.77565902,1.08107707,0.74618263,0.94679298,0.89919909,0.05697674
"13107",204,118,0.1454905,0.35796826,0.77554365,1.08107707,0.74618263,0.94679298,0.89919909,0.03822841
"13108",205,118,0.14588631,0.25874457,0.77572319,1.08107707,0.74618263,0.94679298,0.89919909,0.03160109
"13109",206,118,0.13525797,0.37616831,0.77343919,1.08107707,0.74618263,0.94679298,0.89919909,0.03118092
"13110",207,118,0.13394526,0.35406945,0.77398614,1.08107707,0.74618263,0.94679298,0.89919909,0.06172135
"13111",208,118,0.14304281,0.31211852,0.07328121,1.08107707,0.74618263,0.94679298,0.89919909,0.13307697
"13112",209,118,0.14066182,0.27031441,0.07294399,1.08107707,0.74618263,0.94679298,0.89919909,0.02444336
"13113",210,118,0.14166334,0.31129318,0.07295809,1.08107707,0.74618263,0.94679298,0.89919909,0.02954378
"13114",211,118,0.14080604,0.35308906,0.07337778,1.08107707,0.74618263,0.94679298,0.89919909,0.03479869
"13115",212,118,0.14162225,0.42111491,0.07351778,1.08107707,0.74618263,0.94679298,0.89919909,0.0183529
"13116",213,118,0.14254978,0.40993493,0.07351676,1.08107707,0.74618263,0.94679298,0.89919909,0.02297039
"13117",214,118,0.140517,0.45241532,0.07351631,1.08107707,0.74618263,0.94679298,0.89919909,0.01331409
"13118",215,118,0.1407603,0.45525703,0.07351427,1.08107707,0.74618263,0.94679298,0.89919909,0.02160132
"13119",216,118,0.13972087,0,0.07351076,1.08107707,0.74618263,0.94679298,0.89919909,0.02332512
"13120",217,118,0.08915088,0.16611058,0.04719743,0.69403697,0.47903924,0.60782839,0.57727375,0.01426667
"13121",200,119,0.10275993,0.2159008,0.56617372,0.78993933,0.54523311,0.6918184,0.65704171,0.04837291
"13122",201,119,0.1447983,0.3202099,0.77105375,1.07671738,0.74317348,0.94297482,0.89557286,0.04138667
"13123",202,119,0.1458854,0.30383182,0.77007816,1.07671738,0.74317348,0.94297482,0.89557286,0.09181631
"13124",203,119,0.14465748,0.4264728,0.7700825,1.07671738,0.74317348,0.94297482,0.89557286,0.06653446
"13125",204,119,0.13494104,0.347682,0.77021997,1.07671738,0.74317348,0.94297482,0.89557286,0.12917431
"13126",205,119,0.13506527,0.43271666,0.7718617,1.07671738,0.74317348,0.94297482,0.89557286,0.02004358
"13127",206,119,0.13295926,0.38394406,0.76897451,1.07671738,0.74317348,0.94297482,0.89557286,0.02346916
"13128",207,119,0.14257966,0.41961834,0.77004067,1.07671738,0.74317348,0.94297482,0.89557286,0.05766272
"13129",208,119,0.14292404,0.35173845,0.77172835,1.07671738,0.74317348,0.94297482,0.89557286,0.03613344
"13130",209,119,0.14235239,0.2849712,0.77077456,1.07671738,0.74317348,0.94297482,0.89557286,0.06357252
"13131",210,119,0.13793498,0.28431503,0.07288923,1.07671738,0.74317348,0.94297482,0.89557286,0.01296413
"13132",211,119,0.13789996,0.27705244,0.07281375,1.07671738,0.74317348,0.94297482,0.89557286,0.0192219
"13133",212,119,0.13840821,0.25770113,0.07322148,1.07671738,0.74317348,0.94297482,0.89557286,0.02693644
"13134",213,119,0.14025172,0,0.07322148,1.07671738,0.74317348,0.94297482,0.89557286,0.05225511
"13135",214,119,0.13995936,0.41665701,0.07322148,1.07671738,0.74317348,0.94297482,0.89557286,0.11912599
"13136",215,119,0.13984889,0.43230427,0.07322148,1.07671738,0.74317348,0.94297482,0.89557286,0.2397674
"13137",216,119,0.1390938,0,0.07322148,1.07671738,0.74317348,0.94297482,0.89557286,0.05645097
"13138",217,119,0.13931001,0,0.07255282,1.06688479,0.73638682,0.93436357,0.88739449,0.03117528
"13139",218,119,0.05132334,0.09363313,0.02647977,0.3911402,0.26997337,0.3425554,0.32533565,0.02261227
"13140",200,120,0.03813864,0.07292327,0.21809215,0.30478068,0.21036618,0.26692288,0.25350506,0.01497485
"13141",201,120,0.12303934,0.3386861,0.70354215,0.98565026,0.680317,0.86321945,0.81982667,0.06597032
"13142",202,120,0.14185846,0.41421832,0.76651748,1.072348,0.74015764,0.93914818,0.89193858,0.07038807
"13143",203,120,0.13904005,0.42117028,0.76796421,1.072348,0.74015764,0.93914818,0.89193858,0.07754461
"13144",204,120,0.1397459,0.45872101,0.76946159,1.072348,0.74015764,0.93914818,0.89193858,0.04898475
"13145",205,120,0.1406854,0.40307795,0.07254613,1.072348,0.74015764,0.93914818,0.89193858,0.04650458
"13146",206,120,0.13944038,0.39407234,0.76600596,1.072348,0.74015764,0.93914818,0.89193858,0.05258496
"13147",207,120,0.14248273,0.34281515,0.76742825,1.072348,0.74015764,0.93914818,0.89193858,0.08959184
"13148",208,120,0.13935741,0.43124705,0.76946159,1.072348,0.74015764,0.93914818,0.89193858,0.05532115
"13149",209,120,0.14131229,0.27878731,0.07214276,1.072348,0.74015764,0.93914818,0.89193858,0.06591313
"13150",210,120,0.13720842,0.28156421,0.0724372,1.072348,0.74015764,0.93914818,0.89193858,0.0500189
"13151",211,120,0.13737832,0.27824532,0.07256597,1.072348,0.74015764,0.93914818,0.89193858,0.08034982
"13152",212,120,0.13746134,0.27295403,0.07268928,1.072348,0.74015764,0.93914818,0.89193858,0.07049344
"13153",213,120,0.13961613,0.25665536,0.07292434,1.072348,0.74015764,0.93914818,0.89193858,0.02987259
"13154",214,120,0.14015684,0.29692263,0.07272529,1.072348,0.74015764,0.93914818,0.89193858,0.06919219
"13155",215,120,0.13734943,0.25665536,0.07292434,1.072348,0.74015764,0.93914818,0.89193858,0.38303306
"13156",216,120,0.14035985,0.34862854,0.07292434,1.072348,0.74015764,0.93914818,0.89193858,0.09772324
"13157",217,120,0.14021881,0.43884527,0.07292434,1.072348,0.74015764,0.93914818,0.89193858,0.04450026
"13158",218,120,0.06662311,0.13949722,0.03434264,0.50592197,0.34919822,0.44307976,0.42080679,0.0020589
"13159",199,121,0.00438631,0.00823594,0.00233816,0.0344111,0.02375128,0.03013679,0.02862186,0
"13160",200,121,0.04755333,0.09837899,0.26338055,0.36872187,0.25449976,0.32292173,0.30668893,0.00644197
"13161",201,121,0.12598995,0.34797593,0.72046687,1.00920927,0.69657793,0.88385211,0.83942217,0.02657174
"13162",202,121,0.13368405,0.40955089,0.76234956,1.06796892,0.73713511,0.93531304,0.88829623,0.0778962
"13163",203,121,0.14042961,0.42024504,0.76540406,1.06796892,0.73713511,0.93531304,0.88829623,0.03942548
"13164",204,121,0.13809014,0.42948593,0.07262654,1.06796892,0.73713511,0.93531304,0.88829623,0.00905148
"13165",205,121,0.13948976,0.44246254,0.07262604,1.06796892,0.73713511,0.93531304,0.88829623,0.04273408
"13166",206,121,0.13949958,0.37741383,0.76484234,1.06796892,0.73713511,0.93531304,0.88829623,0.11454219
"13167",207,121,0.14214292,0.41516265,0.76420399,1.06796892,0.73713511,0.93531304,0.88829623,0.42348455
"13168",208,121,0.13852013,0,0.76630808,1.06796892,0.73713511,0.93531304,0.88829623,0.18831783
"13169",209,121,0.13691258,0.36227168,0.76435271,1.06796892,0.73713511,0.93531304,0.88829623,0.06207695
"13170",210,121,0.13703364,0.27549609,0.07226202,1.06796892,0.73713511,0.93531304,0.88829623,0.10654126
"13171",211,121,0.1387189,0.34108066,0.76545685,1.06796892,0.73713511,0.93531304,0.88829623,0.05825922
"13172",212,121,0.14059543,0.4111177,0.76359284,1.06796892,0.73713511,0.93531304,0.88829623,0.0235977
"13173",213,121,0.13989543,0.39379839,0.76376397,1.06796892,0.73713511,0.93531304,0.88829623,0.01995812
"13174",214,121,0.13918014,0.28005697,0.76607818,1.06796892,0.73713511,0.93531304,0.88829623,0.02667196
"13175",215,121,0.13739037,0.31054466,0.0720601,1.06796892,0.73713511,0.93531304,0.88829623,0.01780644
"13176",216,121,0.14020301,0.2985609,0.0723638,1.06796892,0.73713511,0.93531304,0.88829623,0.029987
"13177",217,121,0.14030705,0.29913615,0.072479,1.06796892,0.73713511,0.93531304,0.88829623,0.0171364
"13178",218,121,0.13150726,0.30973001,0.067792,0.99858661,0.68924594,0.87454892,0.83058664,0.0574308
"13179",219,121,0.05550062,0.11917982,0.02851717,0.41934326,0.28943973,0.36725527,0.34879389,0.0098421
"13180",220,121,0.03065974,0.05558802,0.01579323,0.23225583,0.16030797,0.20340658,0.19318163,0
"13181",221,121,0.00085842,0.00168614,0.00047895,0.00704498,0.00486259,0.0061699,0.00585974,0
"13182",194,122,0.0239467,0.04297579,0.01395092,0.20533564,0.14172707,0.17983023,0.17079043,0.00527095
"13183",195,122,0.06399474,0.10919944,0.03415201,0.50063703,0.34555044,0.43845128,0.41641097,0.04469357
"13184",196,122,0.10015205,0.17831404,0.05300618,0.78223623,0.53991626,0.68507213,0.65063456,0.02358634
"13185",197,122,0.08767963,0.20928095,0.04570885,0.6722143,0.46397676,0.58871638,0.55912247,0.01143051
"13186",198,122,0.09049124,0.29401392,0.03753686,0.71881637,0.49614251,0.62952986,0.59788432,0.0169896
"13187",199,122,0.10470142,0.3163885,0.57927323,0.80950434,0.5587373,0.70895318,0.67331514,0.02835557
"13188",200,122,0.13973495,0.40025085,0.75966395,1.06358069,0.73410626,0.93146988,0.88464626,0.07970094
"13189",201,122,0.13289563,0.40742952,0.75920225,1.06358069,0.73410626,0.93146988,0.88464626,0.05032698
"13190",202,122,0.13329545,0.41017781,0.75967329,1.06358069,0.73410626,0.93146988,0.88464626,0.02917026
"13191",203,122,0.13327177,0.41415748,0.76096401,1.06358069,0.73410626,0.93146988,0.88464626,0.0156065
"13192",204,122,0.14137633,0.41821164,0.7620231,1.06358069,0.73410626,0.93146988,0.88464626,0.04120217
"13193",205,122,0.1430586,0.41795221,0.76251534,1.06358069,0.73410626,0.93146988,0.88464626,0.07048443
"13194",206,122,0.13317184,0.39075834,0.76163879,1.06358069,0.73410626,0.93146988,0.88464626,0.04278514
"13195",207,122,0.13314614,0.41769052,0.76149726,1.06358069,0.73410626,0.93146988,0.88464626,0.01142371
"13196",208,122,0.1432695,0,0.76314997,1.06358069,0.73410626,0.93146988,0.88464626,0.03545035
"13197",209,122,0.13940409,0.42772126,0.76317062,1.06358069,0.73410626,0.93146988,0.88464626,0.11223157
"13198",210,122,0.13831558,0.42772126,0.05524473,1.06358069,0.73410626,0.93146988,0.88464626,0.04369822
"13199",211,122,0.13802201,0.4045567,0.76047068,1.06358069,0.73410626,0.93146988,0.88464626,0.05229411
"13200",212,122,0.13223741,0.39145528,0.76136584,1.06358069,0.73410626,0.93146988,0.88464626,0.02506234
"13201",213,122,0.13845596,0.38702951,0.76088475,1.06358069,0.73410626,0.93146988,0.88464626,0.05074676
"13202",214,122,0.1373834,0.36716104,0.76154568,1.06358069,0.73410626,0.93146988,0.88464626,0.02102163
"13203",215,122,0.13639586,0.36367215,0.07210234,1.06358069,0.73410626,0.93146988,0.88464626,0.027605
"13204",216,122,0.14000498,0.29725088,0.07198772,1.06358069,0.73410626,0.93146988,0.88464626,0.01803064
"13205",217,122,0.14061769,0.31245645,0.072063,1.06358069,0.73410626,0.93146988,0.88464626,0.01557423
"13206",218,122,0.14096111,0.3702964,0.07205543,1.06358069,0.73410626,0.93146988,0.88464626,0.01088116
"13207",219,122,0.14091199,0.41157351,0.07232812,1.06358069,0.73410626,0.93146988,0.88464626,0.01012259
"13208",220,122,0.13798451,0.254557,0.07232612,1.06358069,0.73410626,0.93146988,0.88464626,0.05338117
"13209",221,122,0.07811971,0.14262576,0.04052207,0.59591357,0.41131236,0.52189321,0.49565841,0.01007907
"13210",222,122,0.001974,0.03854448,0.01094913,0.16104509,0.11115678,0.14104115,0.13395122,0
"13211",223,122,0.0011298,0.02197747,0.00624374,0.09182542,0.06337988,0.08041948,0.07637692,0.00861821
"13212",224,122,2.975e-05,0.00058263,0.0001655,0.00243432,0.00168022,0.00213194,0.00202477,0
"13213",191,123,0,0,0,0.50315105,0.34728567,0.44065302,0.41850204,0
"13214",192,123,0,0.13573035,0,0.51496179,0.3554377,0.45099671,0.42832577,0.0246964
"13215",193,123,0.11813827,0.23118468,0.06271458,0.92243937,0.63668748,0.80786018,0.76725024,0.01703795
"13216",194,123,0.13541166,0.32785612,0.0718263,1.05643177,0.72917192,0.92520896,0.87870006,0.05564893
"13217",195,123,0.13579838,0.29365162,0.0718568,1.05918277,0.73107071,0.92761824,0.88098823,0.02337635
"13218",196,123,0.13567375,0.26517973,0.07183644,1.05918277,0.73107071,0.92761824,0.88098823,0.03494144
"13219",197,123,0.13759294,0.29098821,0.07200802,1.05918277,0.73107071,0.92761824,0.88098823,0.12218432
"13220",198,123,0.13713318,0.34808039,0.0719892,1.05918277,0.73107071,0.92761824,0.88098823,0.0240072
"13221",199,123,0.1347686,0.3218412,0.75775052,1.05918277,0.73107071,0.92761824,0.88098823,0.01213077
"13222",200,123,0.14206478,0.37874719,0.75615283,1.05918277,0.73107071,0.92761824,0.88098823,0.01762485
"13223",201,123,0.13225585,0.39202418,0.75620879,1.05918277,0.73107071,0.92761824,0.88098823,0.02039586
"13224",202,123,0.14322908,0.29120102,0.7586455,1.05918277,0.73107071,0.92761824,0.88098823,0.02370211
"13225",203,123,0.13715225,0.38184982,0.75792817,1.05918277,0.73107071,0.92761824,0.88098823,0.04578588
"13226",204,123,0.14069547,0.39092372,0.75852303,1.05918277,0.73107071,0.92761824,0.88098823,0.04630626
"13227",205,123,0.13255147,0.41572623,0.75813776,1.05918277,0.73107071,0.92761824,0.88098823,0.03800284
"13228",206,123,0.14349304,0.22014574,0.75994886,1.05918277,0.73107071,0.92761824,0.88098823,0.03812752
"13229",207,123,0.13900363,0.37755292,0.75910851,1.05918277,0.73107071,0.92761824,0.88098823,0.12087712
"13230",208,123,0.13256238,0.41628941,0.75869458,1.05918277,0.73107071,0.92761824,0.88098823,0.07555889
"13231",209,123,0.13266971,0.41742928,0.75940447,1.05918277,0.73107071,0.92761824,0.88098823,0.04605996
"13232",210,123,0.14172303,0.41582824,0.75841105,1.05918277,0.73107071,0.92761824,0.88098823,0.03160333
"13233",211,123,0.1323496,0.4156725,0.75808365,1.05918277,0.73107071,0.92761824,0.88098823,0.02780016
"13234",212,123,0.13647107,0.41552973,0.75868689,1.05918277,0.73107071,0.92761824,0.88098823,0.11729154
"13235",213,123,0.13654206,0.4154319,0.75833486,1.05918277,0.73107071,0.92761824,0.88098823,0.05326768
"13236",214,123,0.01293894,0.38571327,0.07074816,1.05918277,0.73107071,0.92761824,0.88098823,0.02837349
"13237",215,123,0.13568486,0.29578922,0.07171314,1.05918277,0.73107071,0.92761824,0.88098823,0.00896265
"13238",216,123,0.13732412,0.29466341,0.07181374,1.05918277,0.73107071,0.92761824,0.88098823,0.04059408
"13239",217,123,0.13933948,0.31844625,0.07187262,1.05918277,0.73107071,0.92761824,0.88098823,0.01048006
"13240",218,123,0.13478288,0,0.05701728,1.05918277,0.73107071,0.92761824,0.88098823,0.00244622
"13241",219,123,0.13973183,0.27801877,0.07202905,1.05918277,0.73107071,0.92761824,0.88098823,0.02173326
"13242",220,123,0.13966368,0.36074368,0.07202805,1.05918277,0.73107071,0.92761824,0.88098823,0.03882515
"13243",221,123,0.13973942,0.26497565,0.07158423,1.05918277,0.73107071,0.92761824,0.88098823,0.02528829
"13244",222,123,0.01296961,0.2695186,0.07122765,1.05918277,0.73107071,0.92761824,0.88098823,0.02314559
"13245",223,123,0.12664578,0.29564862,0.73410862,1.0262888,0.70836659,0.89881014,0.85362828,0.01206821
"13246",224,123,0.06649796,0.21556334,0.38471846,0.53760039,0.37106335,0.4708233,0.44715571,0.01112255
"13247",225,123,3.131e-05,0.00062602,0.00016711,0.00246878,0.00170401,0.00216213,0.00205344,0
"13248",190,124,0.10083954,0,0.04182011,0.79805875,0.5508373,0.69892928,0.66379513,0.0113467
"13249",191,124,0,0.22942295,0.05555184,1.05477569,0.72802885,0.92375857,0.87732259,0.03755611
"13250",192,124,0.11100971,0.35654626,0.05570922,1.05477569,0.72802885,0.92375857,0.87732259,0.06684358
"13251",193,124,0.13520464,0.35894379,0.07171227,1.05477569,0.72802885,0.92375857,0.87732259,0.04759703
"13252",194,124,0.01310924,0.25244961,0.07169453,1.05477569,0.72802885,0.92375857,0.87732259,0.02127473
"13253",195,124,0.01310981,0.25244967,0.07172382,1.05477569,0.72802885,0.92375857,0.87732259,0.03488335
"13254",196,124,0.13506599,0.25244961,0.07170089,1.05477569,0.72802885,0.92375857,0.87732259,0.02955655
"13255",197,124,0.1350412,0.28759367,0.07127804,1.05477569,0.72802885,0.92375857,0.87732259,0.05179189
"13256",198,124,0.1353656,0.29864389,0.07113464,1.05477569,0.72802885,0.92375857,0.87732259,0.01563844
"13257",199,124,0.13029196,0.32441365,0.75491417,1.05477569,0.72802885,0.92375857,0.87732259,0.06391954
"13258",200,124,0.13510301,0.27510846,0.07112917,1.05477569,0.72802885,0.92375857,0.87732259,0.06700154
"13259",201,124,0.1358925,0.28469927,0.75647219,1.05477569,0.72802885,0.92375857,0.87732259,0.06909597
"13260",202,124,0.14050255,0.28940113,0.7559816,1.05477569,0.72802885,0.92375857,0.87732259,0.07954954
"13261",203,124,0.14021977,0.30986061,0.75590219,1.05477569,0.72802885,0.92375857,0.87732259,0.01739357
"13262",204,124,0.14190646,0.44320479,0.75614096,1.05477569,0.72802885,0.92375857,0.87732259,0.01576484
"13263",205,124,0.13234566,0.41462808,0.75571972,1.05477569,0.72802885,0.92375857,0.87732259,0.0292903
"13264",206,124,0.14342271,0,0.7568526,1.05477569,0.72802885,0.92375857,0.87732259,0.02881205
"13265",207,124,0.14132787,0.41945815,0.75652524,1.05477569,0.72802885,0.92375857,0.87732259,0.07193779
"13266",208,124,0.14251776,0.34286927,0.75620797,1.05477569,0.72802885,0.92375857,0.87732259,0.04869008
"13267",209,124,0.14187108,0.40531798,0.75679262,1.05477569,0.72802885,0.92375857,0.87732259,0.03093158
"13268",210,124,0.13227045,0,0.75681201,1.05477569,0.72802885,0.92375857,0.87732259,0.02806205
"13269",211,124,0.13218323,0.41569243,0.75560063,1.05477569,0.72802885,0.92375857,0.87732259,0.01346074
"13270",212,124,0.14150826,0.38131104,0.7552042,1.05477569,0.72802885,0.92375857,0.87732259,0.02322757
"13271",213,124,0.14057354,0.28097601,0.7561403,1.05477569,0.72802885,0.92375857,0.87732259,0.04206882
"13272",214,124,0.13854583,0.3192482,0.07144349,1.05477569,0.72802885,0.92375857,0.87732259,0.03899445
"13273",215,124,0.13495541,0.27330088,0.07132694,1.05477569,0.72802885,0.92375857,0.87732259,0.02882785
"13274",216,124,0.13019204,0.35271549,0.7552207,1.05477569,0.72802885,0.92375857,0.87732259,0.03036929
"13275",217,124,0.1357218,0.30185119,0.75632614,1.05477569,0.72802885,0.92375857,0.87732259,0.0738442
"13276",218,124,0.13778683,0.30737364,0.07150013,1.05477569,0.72802885,0.92375857,0.87732259,0.037863
"13277",219,124,0.13872631,0.26905658,0.07149029,1.05477569,0.72802885,0.92375857,0.87732259,0.01356117
"13278",220,124,0.13866492,0.29893215,0.07157136,1.05477569,0.72802885,0.92375857,0.87732259,0.03106859
"13279",221,124,0.13919674,0.31208999,0.07149493,1.05477569,0.72802885,0.92375857,0.87732259,0.03437368
"13280",222,124,0.13446002,0.27069207,0.06920355,1.01985995,0.70392926,0.89317983,0.848281,0.01544729
"13281",223,124,0.00268317,0.05288068,0.01483765,0.21889295,0.15108462,0.19170354,0.18206689,0.00250787
"13282",224,124,3.62e-06,7.012e-05,1.992e-05,0.00029298,0.00020222,0.00025659,0.00024369,0
"13283",191,125,0.12590178,0.4224043,0.07136888,1.05035945,0.72498067,0.91989089,0.87364933,0.10854569
"13284",192,125,0.13460048,0.39590068,0.07141928,1.05035945,0.72498067,0.91989089,0.87364933,0.07160214
"13285",193,125,0.13465661,0.28570999,0.07140778,1.05035945,0.72498067,0.91989089,0.87364933,0.03914508
"13286",194,125,0.13505347,0.26986859,0.07130224,1.05035945,0.72498067,0.91989089,0.87364933,0.0140527
"13287",195,125,0.13537329,0.25139263,0.07139232,1.05035945,0.72498067,0.91989089,0.87364933,0.04085387
"13288",196,125,0.01303361,0.27098881,0.0712274,1.05035945,0.72498067,0.91989089,0.87364933,0.02274422
"13289",197,125,0.01297787,0.26766021,0.07113044,1.05035945,0.72498067,0.91989089,0.87364933,0.04956653
"13290",198,125,0.1344081,0.27313097,0.07108779,1.05035945,0.72498067,0.91989089,0.87364933,0.02202401
"13291",199,125,0.13442552,0.30869533,0.07113853,1.05035945,0.72498067,0.91989089,0.87364933,0.02732243
"13292",200,125,0.13443079,0.31493327,0.07117336,1.05035945,0.72498067,0.91989089,0.87364933,0.05354772
"13293",201,125,0.13438163,0.2719909,0.07082778,1.05035945,0.72498067,0.91989089,0.87364933,0.09543959
"13294",202,125,0.13022236,0.24649641,0.75364802,1.05035945,0.72498067,0.91989089,0.87364933,0.03406253
"13295",203,125,0.13789183,0.37685331,0.75318892,1.05035945,0.72498067,0.91989089,0.87364933,0.03744741
"13296",204,125,0.13541505,0.41942201,0.75308679,1.05035945,0.72498067,0.91989089,0.87364933,0.01737438
"13297",205,125,0.13172895,0.41395197,0.75285226,1.05035945,0.72498067,0.91989089,0.87364933,0.06319799
"13298",206,125,0.13190846,0,0.75367361,1.05035945,0.72498067,0.91989089,0.87364933,0.07718146
"13299",207,125,0.13146294,0.41172507,0.75247487,1.05035945,0.72498067,0.91989089,0.87364933,0.05830016
"13300",208,125,0.13156941,0.35139713,0.75262692,1.05035945,0.72498067,0.91989089,0.87364933,0.01641387
"13301",209,125,0.13971282,0.43214844,0.75333461,1.05035945,0.72498067,0.91989089,0.87364933,0.02988834
"13302",210,125,0.1317275,0,0.75365798,1.05035945,0.72498067,0.91989089,0.87364933,0.04108377
"13303",211,125,0.13829174,0.41395197,0.75255183,1.05035945,0.72498067,0.91989089,0.87364933,0.0255914
"13304",212,125,0.13635631,0.32295667,0.75329386,1.05035945,0.72498067,0.91989089,0.87364933,0.01299623
"13305",213,125,0.13162889,0.34496204,0.75263979,1.05035945,0.72498067,0.91989089,0.87364933,0.03666047
"13306",214,125,0.13628033,0.29978916,0.75368219,1.05035945,0.72498067,0.91989089,0.87364933,0.08342978
"13307",215,125,0.13867419,0.26259421,0.75348591,1.05035945,0.72498067,0.91989089,0.87364933,0.03732185
"13308",216,125,0.13700572,0.28740722,0.75327878,1.05035945,0.72498067,0.91989089,0.87364933,0.02133997
"13309",217,125,0.13861854,0.27766398,0.75325413,1.05035945,0.72498067,0.91989089,0.87364933,0.06322544
"13310",218,125,0.01290444,0.26250598,0.07097526,1.05035945,0.72498067,0.91989089,0.87364933,0.02167665
"13311",219,125,0.13908937,0.26253274,0.07103661,1.05035945,0.72498067,0.91989089,0.87364933,0.01440373
"13312",220,125,0.13792145,0.27269559,0.07109797,1.05035945,0.72498067,0.91989089,0.87364933,0.01474131
"13313",221,125,0.13902599,0.26942203,0.07115724,1.05035945,0.72498067,0.91989089,0.87364933,0.01894367
"13314",222,125,0.13900501,0.31916461,0.07110804,1.05035945,0.72498067,0.91989089,0.87364933,0.06402717
"13315",223,125,0.0896414,0.16678783,0.04582113,0.67687882,0.46719631,0.5928015,0.56300224,0.03744366
"13316",190,126,0.07727641,0.19194276,0.03965983,0.58339138,0.40266927,0.51092645,0.48524293,0.15765613
"13317",191,126,0.13627362,0.38225233,0.74932513,1.04593352,0.7219258,0.91601472,0.86996801,0.08013571
"13318",192,126,0.13535561,0.30125155,0.7496275,1.04593352,0.7219258,0.91601472,0.86996801,0.0983847
"13319",193,126,0.01297815,0.25033333,0.07106519,1.04593352,0.7219258,0.91601472,0.86996801,0.03432911
"13320",194,126,0.13477016,0.27263556,0.07093253,1.04593352,0.7219258,0.91601472,0.86996801,0.0156003
"13321",195,126,0.01301623,0.25033333,0.07105039,1.04593352,0.7219258,0.91601472,0.86996801,0.06335678
"13322",196,126,0.01300184,0.27502035,0.07090343,1.04593352,0.7219258,0.91601472,0.86996801,0.02961485
"13323",197,126,0.13685262,0.35983943,0.07112163,1.04593352,0.7219258,0.91601472,0.86996801,0.00172141
"13324",198,126,0.13382645,0.31601893,0.07092957,1.04593352,0.7219258,0.91601472,0.86996801,0.03041854
"13325",199,126,0.01285914,0.2653741,0.07069465,1.04593352,0.7219258,0.91601472,0.86996801,0.02791772
"13326",200,126,0.13820704,0.32267957,0.74312488,1.04593352,0.7219258,0.91601472,0.86996801,0.02487614
"13327",201,126,0.13385315,0.27190586,0.06983797,1.04593352,0.7219258,0.91601472,0.86996801,0.03163203
"13328",202,126,0.13402037,0.29952482,0.07085954,1.04593352,0.7219258,0.91601472,0.86996801,0.03618191
"13329",203,126,0.14043679,0.41329186,0.74811336,1.04593352,0.7219258,0.91601472,0.86996801,0.01593898
"13330",204,126,0.14062532,0.42409631,0.74905625,1.04593352,0.7219258,0.91601472,0.86996801,0.04684567
"13331",205,126,0.13120521,0.41220769,0.74978877,1.04593352,0.7219258,0.91601472,0.86996801,0.095438
"13332",206,126,0.13115701,0,0.75044819,1.04593352,0.7219258,0.91601472,0.86996801,0.08338575
"13333",207,126,0.12946901,0,0.75025539,1.04593352,0.7219258,0.91601472,0.86996801,0.04594729
"13334",208,126,0.13098547,0.40999017,0.74924373,1.04593352,0.7219258,0.91601472,0.86996801,0.04442151
"13335",209,126,0.13751135,0.42062435,0.75038076,1.04593352,0.7219258,0.91601472,0.86996801,0.08973156
"13336",210,126,0.13619188,0.42062435,0.75048975,1.04593352,0.7219258,0.91601472,0.86996801,0.170781
"13337",211,126,0.13329093,0.41858823,0.07060342,1.04593352,0.7219258,0.91601472,0.86996801,0.01097372
"13338",212,126,0.13493233,0.41557861,0.74963912,1.04593352,0.7219258,0.91601472,0.86996801,0.04047335
"13339",213,126,0.13101176,0.32342453,0.74914874,1.04593352,0.7219258,0.91601472,0.86996801,0.05296415
"13340",214,126,0.13588231,0.32764002,0.74981797,1.04593352,0.7219258,0.91601472,0.86996801,0.03104219
"13341",215,126,0.13908833,0.4046063,0.74926425,1.04593352,0.7219258,0.91601472,0.86996801,0.01479756
"13342",216,126,0.13744537,0.26498925,0.07096743,1.04593352,0.7219258,0.91601472,0.86996801,0.04101941
"13343",217,126,0.13386502,0.26140662,0.07076841,1.04593352,0.7219258,0.91601472,0.86996801,0.02000877
"13344",218,126,0.13748816,0.31078119,0.07094381,1.04593352,0.7219258,0.91601472,0.86996801,0.01800558
"13345",219,126,0.1379719,0.29832494,0.0703382,1.04593352,0.7219258,0.91601472,0.86996801,0.02023172
"13346",220,126,0.13781781,0.31624525,0.07100573,1.04593352,0.7219258,0.91601472,0.86996801,0.01459733
"13347",221,126,0.16356669,0.30452276,0.83807734,1.04593352,0.7219258,0.91601472,0.86996801,0.04709838
"13348",190,127,0.09404271,0.23934227,0.04875376,0.71692116,0.49483439,0.62787006,0.59630795,0.10016281
"13349",191,127,0.1352701,0.33055729,0.74637737,1.04149843,0.7188646,0.91213053,0.86627907,0.12874482
"13350",192,127,0.1303675,0.29354653,0.74653806,1.04149843,0.7188646,0.91213053,0.86627907,0.05533279
"13351",193,127,0.0128996,0.24927184,0.0707549,1.04149843,0.7188646,0.91213053,0.86627907,0.03718415
"13352",194,127,0.01285626,0.26375642,0.0705254,1.04149843,0.7188646,0.91213053,0.86627907,0.0755671
"13353",195,127,0.1370925,0.27198151,0.07051656,1.04149843,0.7188646,0.91213053,0.86627907,0.07371609
"13354",196,127,0.13524574,0.26119497,0.0705917,1.04149843,0.7188646,0.91213053,0.86627907,0.02082404
"13355",197,127,0.13746944,0.30085067,0.07054739,1.04149843,0.7188646,0.91213053,0.86627907,0.09960812
"13356",198,127,0.13444316,0.2594854,0.0706102,1.04149843,0.7188646,0.91213053,0.86627907,0.02819155
"13357",199,127,0.13408284,0.27402038,0.74639286,1.04149843,0.7188646,0.91213053,0.86627907,0.03973056
"13358",200,127,0.13038955,0.259702,0.7469409,1.04149843,0.7188646,0.91213053,0.86627907,0.01302653
"13359",201,127,0.13504686,0.31892637,0.74649784,1.04149843,0.7188646,0.91213053,0.86627907,0.0607288
"13360",202,127,0.14003903,0.4104598,0.7468225,1.04149843,0.7188646,0.91213053,0.86627907,0.05034578
"13361",203,127,0.13055814,0.36794267,0.74730725,1.04149843,0.7188646,0.91213053,0.86627907,0.17624798
"13362",204,127,0.13066583,0.40825174,0.74667758,1.04149843,0.7188646,0.91213053,0.86627907,0.14832451
"13363",205,127,0.13053664,0,0.74728509,1.04149843,0.7188646,0.91213053,0.86627907,0.05173914
"13364",206,127,0.12893243,0,0.74708896,1.04149843,0.7188646,0.91213053,0.86627907,0.03179571
"13365",207,127,0.1304033,0,0.74724092,1.04149843,0.7188646,0.91213053,0.86627907,0.08087174
"13366",208,127,0.12960582,0,0.74713188,1.04149843,0.7188646,0.91213053,0.86627907,0.0202455
"13367",209,127,0.14070095,0.39666036,0.74603729,1.04149843,0.7188646,0.91213053,0.86627907,0.04591003
"13368",210,127,0.13500041,0.39458845,0.74490528,1.04149843,0.7188646,0.91213053,0.86627907,0.03804
"13369",211,127,0.13415726,0.41884083,0.7473246,1.04149843,0.7188646,0.91213053,0.86627907,0.02073564
"13370",212,127,0.1356036,0.41635016,0.74685731,1.04149843,0.7188646,0.91213053,0.86627907,0.05002343
"13371",213,127,0.12805377,0.4104598,0.74619649,1.04149843,0.7188646,0.91213053,0.86627907,0.07068208
"13372",214,127,0.13059728,0.4104598,0.74564228,1.04149843,0.7188646,0.91213053,0.86627907,0.03589699
"13373",215,127,0.1304477,0.4396337,0.74556763,1.04149843,0.7188646,0.91213053,0.86627907,0.02522609
"13374",216,127,0.13045317,0.41150258,0.74622049,1.04149843,0.7188646,0.91213053,0.86627907,0.02179388
"13375",217,127,0.13426279,0.25898142,0.74714426,1.04149843,0.7188646,0.91213053,0.86627907,0.08656536
"13376",218,127,0.13328204,0.30259262,0.0705941,1.04149843,0.7188646,0.91213053,0.86627907,0.03567227
"13377",219,127,0.16198163,0.26027628,0.92090873,1.04149843,0.7188646,0.91213053,0.86627907,0.00766934
"13378",220,127,0.14624531,0.31086833,0.8532184,1.04150568,0.71865329,0.91368894,0.86649093,0.01857468
"13379",191,128,0.13626972,0.41625673,0.06992173,1.03705419,0.71579709,0.90823832,0.86258252,0.05314655
"13380",192,128,0.12805192,0.38549472,0.7387491,1.03705419,0.71579709,0.90823832,0.86258252,0.03331979
"13381",193,128,0.13023266,0.29167191,0.74015085,1.03705419,0.71579709,0.90823832,0.86258252,0.08807775
"13382",194,128,0.13274636,0.27855373,0.07023582,1.03705419,0.71579709,0.90823832,0.86258252,0.05138897
"13383",195,128,0.13599618,0.28345045,0.07040348,1.03705419,0.71579709,0.90823832,0.86258252,0.02159124
"13384",196,128,0.13503714,0.25931243,0.07019403,1.03705419,0.71579709,0.90823832,0.86258252,0.04304216
"13385",197,128,0.13282383,0.27553671,0.06992634,1.03705419,0.71579709,0.90823832,0.86258252,0.03418583
"13386",198,128,0.13414289,0.28173179,0.74347704,1.03705419,0.71579709,0.90823832,0.86258252,0.02647585
"13387",199,128,0.13880749,0.38080464,0.742426,1.03705419,0.71579709,0.90823832,0.86258252,0.03369899
"13388",200,128,0.13005172,0.4087083,0.74194788,1.03705419,0.71579709,0.90823832,0.86258252,0.03600833
"13389",201,128,0.13006037,0.4087083,0.74279771,1.03705419,0.71579709,0.90823832,0.86258252,0.04457389
"13390",202,128,0.13013452,0,0.74365769,1.03705419,0.71579709,0.90823832,0.86258252,0.01864236
"13391",203,128,0.13010019,0,0.74410196,1.03705419,0.71579709,0.90823832,0.86258252,0.03608103
"13392",204,128,0.12832105,0.4065096,0.74327495,1.03705419,0.71579709,0.90823832,0.86258252,0.03646946
"13393",205,128,0.12828725,0.4065096,0.74317966,1.03705419,0.71579709,0.90823832,0.86258252,0.06132063
"13394",206,128,0.12825961,0.37016567,0.74314005,1.03705419,0.71579709,0.90823832,0.86258252,0.02600262
"13395",207,128,0.1298306,0.23016451,0.74407058,1.03705419,0.71579709,0.90823832,0.86258252,0.0749119
"13396",208,128,0.13002129,0.23016445,0.74411573,1.03705419,0.71579709,0.90823832,0.86258252,0.06402916
"13397",209,128,0.12983595,0.32973782,0.73994211,1.03705419,0.71579709,0.90823832,0.86258252,0.04968552
"13398",210,128,0.12921103,0.37194585,0.74005553,1.03705419,0.71579709,0.90823832,0.86258252,0.10455128
"13399",211,128,0.12776337,0.40017699,0.74132805,1.03705419,0.71579709,0.90823832,0.86258252,0.03131029
"13400",212,128,0.12981348,0,0.74405428,1.03705419,0.71579709,0.90823832,0.86258252,0.02827247
"13401",213,128,0.12503963,0.4087083,0.743306,1.03705419,0.71579709,0.90823832,0.86258252,0.01213646
"13402",214,128,0.12993431,0.4087083,0.74276492,1.03705419,0.71579709,0.90823832,0.86258252,0.01662756
"13403",215,128,0.13530421,0.41850804,0.74332551,1.03705419,0.71579709,0.90823832,0.86258252,0.02068884
"13404",216,128,0.15428036,0.31703917,0.84183993,1.03705419,0.71579709,0.90823832,0.86258252,0.01775402
"13405",217,128,0.13391553,0.24820821,0.07036301,1.03705419,0.71579709,0.90823832,0.86258252,0.01622652
"13406",193,129,0.13655514,0.28448575,0.07019977,1.03260079,0.71272326,0.90433809,0.85887835,0.06957787
"13407",194,129,0.13705083,0.27124517,0.70342189,1.03260079,0.71272326,0.90433809,0.85887835,0.04016853
"13408",195,129,0.01277001,0.26831448,0.0698853,1.03260079,0.71272326,0.90433809,0.85887835,0.03327632
"13409",196,129,0.01268238,0.26422173,0.06932804,1.03260079,0.71272326,0.90433809,0.85887835,0.04545398
"13410",197,129,0.12925709,0.3332916,0.73973741,1.03260079,0.71272326,0.90433809,0.85887835,0.09333968
"13411",198,129,0.13220976,0.29203542,0.0697374,1.03260079,0.71272326,0.90433809,0.85887835,0.05945654
"13412",199,129,0.13572889,0.43171433,0.73805951,1.03260079,0.71272326,0.90433809,0.85887835,0.03816826
"13413",200,129,0.12964276,0,0.74091101,1.03260079,0.71272326,0.90433809,0.85887835,0.0627955
"13414",201,129,0.12966048,0,0.67071968,1.03260079,0.71272326,0.90433809,0.85887835,0.10054699
"13415",202,129,0.15092019,0.41615844,0.79661374,1.03260079,0.71272326,0.90433809,0.85887835,0.02503513
"13416",203,129,0.1293753,0.40476394,0.74044964,1.03260079,0.71272326,0.90433809,0.85887835,0.01057307
"13417",204,129,0.12777683,0.40476394,0.7400339,1.03260079,0.71272326,0.90433809,0.85887835,0.07026465
"13418",205,129,0.12782717,0,0.7407065,1.03260079,0.71272326,0.90433809,0.85887835,0.08821819
"13419",206,129,0.1278231,0,0.7407065,1.03260079,0.71272326,0.90433809,0.85887835,0.05781383
"13420",207,129,0.12782439,0,0.7407065,1.03260079,0.71272326,0.90433809,0.85887835,0.04675524
"13421",208,129,0.27647663,0,0.86446901,1.03260079,0.71272326,0.90433809,0.85887835,0.0204828
"13422",209,129,0.27231526,0,0.852574,1.03260079,0.71272326,0.90433809,0.85887835,0.03277451
"13423",210,129,0.27351334,0.41734639,0.853501,1.03260079,0.71272326,0.90433809,0.85887835,0.02792144
"13424",211,129,0.24795676,0.40476394,0.82233363,1.03260079,0.71272326,0.90433809,0.85887835,0.04429607
"13425",212,129,0.12728833,0.40136503,0.73837628,1.03260079,0.71272326,0.90433809,0.85887835,0.08213447
"13426",213,129,0.12874538,0.40695325,0.7396607,1.03260079,0.71272326,0.90433809,0.85887835,0.00808395
"13427",196,130,0.15197273,0.30101177,0.87168738,1.02813824,0.70964311,0.90042985,0.85516656,0.0488006
"13428",99,89,0.61522749,0,0.84161672,1.23463941,0.83105308,1.06718641,1.01850916,0.43270989
"13429",100,89,0.58060024,0,0.84803804,1.23463941,0.83105308,1.06718641,1.01850916,0.49037298
"13430",101,89,0.63661772,0,0.84127868,1.23463941,0.83105308,1.06718641,1.01850916,0.3676878
"13431",99,90,0.5735447,0.26319492,0.84104422,1.23046429,0.82824275,1.06357756,1.01506492,0.2976909
"13432",100,90,0.61153394,0.26319492,0.83311778,1.23046429,0.82824275,1.06357756,1.01506492,0.28843777
"13433",101,90,0.64000872,0,0.83363704,1.23046429,0.82824275,1.06357756,1.01506492,0.18407894
"13434",102,90,0.61207728,0.26319492,0.82029145,1.23046429,0.82824275,1.06357756,1.01506492,0.22204235
"13435",99,91,0.0516185,0.33885834,0.0574736,1.22627812,0.82542498,1.05995916,1.01161156,0.13748953
"13436",100,91,0.51999225,0,0.05388297,1.22627812,0.82542498,1.05995916,1.01161156,0.15359239
"13437",99,92,0.05120558,0.33777853,0.05727691,1.22208145,0.82260014,1.05633168,1.00814954,0.14664697
"13438",100,92,0.05294703,0.33949417,0.05727691,1.22208145,0.82260014,1.05633168,1.00814954,0.15345056
"13439",222,126,0.16636436,0.34821905,0.8422493,1.04594079,0.72171359,0.91757977,0.87018077,0.01728839
"13440",223,126,0.16129243,0.34579219,0.80666344,1.00451836,0.69313153,0.88124081,0.83571896,0.00662539
"13441",224,126,0.13334072,0.34501811,0.6852883,0.86744979,0.59855233,0.76099372,0.72168342,0.01363106
"13442",225,126,0.06433798,0.16635447,0.33047136,0.41862718,0.28885854,0.36725198,0.34828102,0.00837164
"13443",226,126,0.00023779,0,0.00054575,0.01082309,0.00746808,0.00949485,0.00900437,0
"13444",227,126,0.02442284,0.06262692,0.13195988,0.15573053,0.10745622,0.13661881,0.12956155,0
"13445",228,126,0.03336306,0.08175164,0.17692014,0.20977649,0.14474868,0.18403208,0.17452562,0.00521981
"13446",229,126,0.03470414,0.07912554,0.18686195,0.22397425,0.15454533,0.19648745,0.18633759,0
"13447",221,127,0.28592362,0.39351364,0.85384921,1.04150568,0.71865329,0.91368894,0.86649093,0.01573643
"13448",222,127,0.16283981,0.41381649,0.83545335,1.04150568,0.71865329,0.91368894,0.86649093,0.07813488
"13449",223,127,0.16042253,0.4150021,0.84754705,1.04150568,0.71865329,0.91368894,0.86649093,0.16487482
"13450",224,127,0.16576251,0.40386174,0.83094002,1.04150568,0.71865329,0.91368894,0.86649093,0.03157524
"13451",225,127,0.1646916,0.40926876,0.82978231,1.04150568,0.71865329,0.91368894,0.86649093,0
"13452",226,127,0.15934923,0.39126303,0.79696441,0.99759451,0.68835398,0.87516668,0.8299586,0.03567297
"13453",227,127,0.16508242,0.40932539,0.82865932,1.03400018,0.71347439,0.90710454,0.86024665,0.02429099
"13454",228,127,0.16586482,0.40583037,0.83163274,1.04150568,0.71865329,0.91368894,0.86649093,0.0075546
"13455",229,127,0.13051637,0.33200347,0.75187501,0.93977533,0.64845795,0.82444325,0.78185536,0.0275401
"13456",230,127,0.02692754,0,0.15808022,0.19149422,0.13213366,0.16799347,0.15931551,0
"13457",190,128,0.10074417,0.3047266,0.0506799,0.75774485,0.52285441,0.6647521,0.63041331,0.02572039
"13458",218,128,0.28251171,0.33046589,0.86856571,1.0370614,0.71558668,0.90979008,0.86279347,0.01492121
"13459",219,128,0.26846805,0.3722658,0.87028647,1.0370614,0.71558668,0.90979008,0.86279347,0.00851023
"13460",220,128,0.29058157,0.41746347,0.87550694,1.0370614,0.71558668,0.90979008,0.86279347,0.00471608
"13461",221,128,0.28202212,0.40883258,0.86769796,1.0370614,0.71558668,0.90979008,0.86279347,0.00694193
"13462",222,128,0.28633276,0.40705353,0.8610248,1.0370614,0.71558668,0.90979008,0.86279347,0.00879961
"13463",223,128,0.29063955,0.4070869,0.87204115,1.0370614,0.71558668,0.90979008,0.86279347,0.01028853
"13464",224,128,0.14474729,0.36637266,0.83744602,1.0370614,0.71558668,0.90979008,0.86279347,0.03613105
"13465",225,128,0.16567148,0.40013151,0.82886135,1.0370614,0.71558668,0.90979008,0.86279347,0.01579623
"13466",226,128,0.16552349,0.39939691,0.82587367,1.0370614,0.71558668,0.90979008,0.86279347,0.01574396
"13467",227,128,0.16439968,0.40806966,0.83411937,1.0370614,0.71558668,0.90979008,0.86279347,0.00432334
"13468",228,128,0.15392729,0.3882776,0.83446815,1.0370614,0.71558668,0.90979008,0.86279347,0.0023235
"13469",229,128,0.14437083,0.36637266,0.83380283,1.0370614,0.71558668,0.90979008,0.86279347,0.01380272
"13470",230,128,0.14174946,0.35955373,0.81868664,1.01775962,0.70226819,0.89285707,0.84673516,0.00324297
"13471",231,128,0.08481956,0.21772887,0.46048587,0.57162986,0.39443249,0.50147771,0.4755731,0.00178598
"13472",232,128,0.0182366,0.0563767,0.00900373,0.1401885,0.096732,0.12298414,0.1166312,0.00086068
"13473",190,129,0.13686238,0.40505829,0.06229134,1.03053502,0.71108339,0.90406464,0.85736378,0.00338436
"13474",191,129,0.13761539,0.41030326,0.06284142,1.03260797,0.71251376,0.90588319,0.8590884,0.02280393
"13475",192,129,0.13860825,0.40431216,0.06690396,1.03260797,0.71251376,0.90588319,0.8590884,0.02638758
"13476",214,129,0.12089078,0.38507615,0.69670795,1.03260797,0.71251376,0.90588319,0.8590884,0
"13477",215,129,0.14124583,0.391006,0.78766986,1.03260797,0.71251376,0.90588319,0.8590884,0.0070432
"13478",216,129,0.26235617,0.39854686,0.85332226,1.03260797,0.71251376,0.90588319,0.8590884,0
"13479",217,129,0.14328172,0.36479936,0.8304928,1.03260797,0.71251376,0.90588319,0.8590884,0.001984
"13480",218,129,0.12002359,0.3647993,0.69238842,1.03260797,0.71251376,0.90588319,0.8590884,0.00226394
"13481",219,129,0.14180009,0.36479936,0.82357234,1.03260797,0.71251376,0.90588319,0.8590884,0.00435473
"13482",220,129,0.27867097,0.39410307,0.86687259,1.03260797,0.71251376,0.90588319,0.8590884,0
"13483",221,129,0.27526686,0.40323554,0.85963982,1.03260797,0.71251376,0.90588319,0.8590884,0
"13484",222,129,0.27158643,0.38479856,0.86928657,1.03260797,0.71251376,0.90588319,0.8590884,0
"13485",223,129,0.2680464,0.37551521,0.86344396,1.03260797,0.71251376,0.90588319,0.8590884,0.00278737
"13486",224,129,0.14384971,0.36479936,0.83120938,1.03260797,0.71251376,0.90588319,0.8590884,0.03449888
"13487",225,129,0.15887418,0.41172417,0.8169016,1.03260797,0.71251376,0.90588319,0.8590884,0.00422177
"13488",226,129,0.13556718,0.41002661,0.69569989,1.03260797,0.71251376,0.90588319,0.8590884,0.00286901
"13489",227,129,0.15588084,0.4085069,0.81232685,1.03260797,0.71251376,0.90588319,0.8590884,0
"13490",228,129,0.16472062,0.39601101,0.82491911,1.03260797,0.71251376,0.90588319,0.8590884,0.00440801
"13491",229,129,0.14363913,0.36479936,0.8260794,1.03260797,0.71251376,0.90588319,0.8590884,0.00670517
"13492",230,129,0.15340977,0.37979621,0.83318279,1.03260797,0.71251376,0.90588319,0.8590884,0.00326281
"13493",231,129,0.15940114,0.41056566,0.84857305,1.03260797,0.71251376,0.90588319,0.8590884,0.00223506
"13494",232,129,0.15827113,0.40730788,0.84589786,1.02472871,0.70707695,0.89897089,0.85253316,0.00233886
"13495",233,129,0.0313684,0.09862232,0,0.24523805,0.16921764,0.21514169,0.20402821,0
"13496",190,130,0.11418868,0.413468,0.04827776,1.02814539,0.70943451,0.90196827,0.85537571,0.0304747
"13497",191,130,0.13877642,0.40596774,0.69270171,1.02814539,0.70943451,0.90196827,0.85537571,0.01275245
"13498",192,130,0.14187034,0.40116592,0.69270171,1.02814539,0.70943451,0.90196827,0.85537571,0.01832237
"13499",193,130,0.16265823,0.38377998,0.75192297,1.02814539,0.70943451,0.90196827,0.85537571,0.02064486
"13500",194,130,0.12038677,0.36974076,0.69270171,1.02814539,0.70943451,0.90196827,0.85537571,0
"13501",195,130,0.14210773,0.32343772,0.81747602,1.02814539,0.70943451,0.90196827,0.85537571,0.03458312
"13502",197,130,0.1579234,0.38727541,0.85233998,1.02814539,0.70943451,0.90196827,0.85537571,0.05447231
"13503",198,130,0.13252109,0.40284967,0.71965374,1.02814539,0.70943451,0.90196827,0.85537571,0.02122088
"13504",199,130,0.13263973,0.40110799,0.71740265,1.02814539,0.70943451,0.90196827,0.85537571,0.0157214
"13505",200,130,0.13296653,0.40248132,0.71190707,1.02814539,0.70943451,0.90196827,0.85537571,0.00924312
"13506",201,130,0.13255422,0.4019297,0.71956626,1.02814539,0.70943451,0.90196827,0.85537571,0.02231852
"13507",202,130,0.26842703,0.40492991,0.87157523,1.02814539,0.70943451,0.90196827,0.85537571,0.00773271
"13508",203,130,0.26744086,0.4046083,0.86734509,1.02814539,0.70943451,0.90196827,0.85537571,0.04285889
"13509",204,130,0.28256741,0.40665599,0.86531777,1.02814539,0.70943451,0.90196827,0.85537571,0.01934469
"13510",205,130,0.27944456,0.40704406,0.86441514,1.02814539,0.70943451,0.90196827,0.85537571,0.01478224
"13511",206,130,0.28609354,0.413468,0.86751831,1.02814539,0.70943451,0.90196827,0.85537571,0.03604887
"13512",207,130,0.26850997,0,0.86814314,1.02814539,0.70943451,0.90196827,0.85537571,0.00865992
"13513",208,130,0.26837118,0.42072388,0.86817039,1.02814539,0.70943451,0.90196827,0.85537571,0.01073011
"13514",209,130,0.27955301,0.41075578,0.8678767,1.02814539,0.70943451,0.90196827,0.85537571,0.0284304
"13515",210,130,0.27189047,0.36322282,0.85620748,1.02814539,0.70943451,0.90196827,0.85537571,0.00282286
"13516",211,130,0.25277488,0.41073741,0.84735522,1.02814539,0.70943451,0.90196827,0.85537571,0.01849239
"13517",212,130,0.13425174,0.43949416,0.71845303,1.02814539,0.70943451,0.90196827,0.85537571,0.01684169
"13518",213,130,0.13884436,0.39349058,0.69410191,1.02814539,0.70943451,0.90196827,0.85537571,0.00274496
"13519",214,130,0.14058255,0.40368145,0.69197627,1.02814539,0.70943451,0.90196827,0.85537571,0.00226039
"13520",215,130,0.15804696,0.40602049,0.80323231,1.02814539,0.70943451,0.90196827,0.85537571,0.00242136
"13521",216,130,0.28164269,0.40484655,0.86496014,1.02814539,0.70943451,0.90196827,0.85537571,0.00261129
"13522",217,130,0.15524343,0.36801009,0.84399272,1.02814539,0.70943451,0.90196827,0.85537571,0.00749304
"13523",218,130,0.26751975,0.36987881,0.85941315,1.02814539,0.70943451,0.90196827,0.85537571,0.0106798
"13524",219,130,0.26952751,0,0.86913176,1.02814539,0.70943451,0.90196827,0.85537571,0.03536276
"13525",220,130,0.26803786,0.37306217,0.86168924,1.02814539,0.70943451,0.90196827,0.85537571,0.01092427
"13526",221,130,0.14510522,0,0.85499858,1.02814539,0.70943451,0.90196827,0.85537571,0.02165003
"13527",222,130,0.26893845,0.37172611,0.86175748,1.02814539,0.70943451,0.90196827,0.85537571,0
"13528",223,130,0.26424099,0.36819341,0.8521285,1.02814539,0.70943451,0.90196827,0.85537571,0.00511558
"13529",224,130,0.1427667,0.36322282,0.82137094,1.02814539,0.70943451,0.90196827,0.85537571,0.01692535
"13530",225,130,0.14283665,0.36322282,0.82232326,1.02814539,0.70943451,0.90196827,0.85537571,0.00214631
"13531",226,130,0.14274845,0.36322282,0.8215352,1.02814539,0.70943451,0.90196827,0.85537571,0.01378498
"13532",227,130,0.15231591,0.38519958,0.82489388,1.02814539,0.70943451,0.90196827,0.85537571,0.02926308
"13533",228,130,0.16388604,0.40115391,0.827306,1.02814539,0.70943451,0.90196827,0.85537571,0.00778992
"13534",229,130,0.1638491,0.40260607,0.83064291,1.02814539,0.70943451,0.90196827,0.85537571,0.0023205
"13535",230,130,0.16440815,0.39755593,0.82677996,1.02814539,0.70943451,0.90196827,0.85537571,0
"13536",231,130,0.15247478,0.37760896,0.82424665,1.02814539,0.70943451,0.90196827,0.85537571,0.00329903
"13537",232,130,0.15641147,0.38706812,0.81029594,0.99680605,0.68780993,0.87447498,0.82930263,0.01519629
"13538",233,130,0.00190042,0.03821279,0,0.09502139,0.06556607,0.08336007,0.07905398,0
"13539",190,131,0.12843321,0.38385927,0.63522007,0.9545192,0.65863143,0.83737771,0.79412167,0.1267319
"13540",191,131,0.1436329,0.36164304,0.69040542,1.02367365,0.70634895,0.89804531,0.8516554,0.0121284
"13541",192,131,0.12024287,0.36164304,0.6905167,1.02367365,0.70634895,0.89804531,0.8516554,0.00472968
"13542",193,131,0.14227117,0.38759774,0.82126048,1.02367365,0.70634895,0.89804531,0.8516554,0.00325106
"13543",194,131,0.01126565,0.40284853,0.05161869,1.02367365,0.70634895,0.89804531,0.8516554,0
"13544",195,131,0.16084072,0.40481234,0.87047907,1.02367365,0.70634895,0.89804531,0.8516554,0.00673732
"13545",196,131,0.28998752,0.40941784,0.8684628,1.02367365,0.70634895,0.89804531,0.8516554,0.00696985
"13546",197,131,0.15193828,0.40284853,0.86818597,1.02367365,0.70634895,0.89804531,0.8516554,0.00353701
"13547",198,131,0.26782088,0.39783613,0.84865194,1.02367365,0.70634895,0.89804531,0.8516554,0.03095661
"13548",199,131,0.24630611,0.40284853,0.83065009,1.02367365,0.70634895,0.89804531,0.8516554,0.00071296
"13549",200,131,0.01003441,0.26608559,0.06793973,1.02367365,0.70634895,0.89804531,0.8516554,0
"13550",201,131,0.01003441,0.28779473,0.06793973,1.02367365,0.70634895,0.89804531,0.8516554,0.00366932
"13551",202,131,0.15169376,0.39719003,0.83266614,1.02367365,0.70634895,0.89804531,0.8516554,0.00312657
"13552",203,131,0.26748107,0.41889402,0.86104847,1.02367365,0.70634895,0.89804531,0.8516554,0.04346153
"13553",204,131,0.27727124,0.41889402,0.86376809,1.02367365,0.70634895,0.89804531,0.8516554,0.01490453
"13554",205,131,0.27611666,0.41362184,0.86372851,1.02367365,0.70634895,0.89804531,0.8516554,0.00915584
"13555",206,131,0.27689252,0.40276747,0.86119024,1.02367365,0.70634895,0.89804531,0.8516554,0.10767636
"13556",207,131,0.27656168,0.41005123,0.86245242,1.02367365,0.70634895,0.89804531,0.8516554,0.00638724
"13557",208,131,0.27299404,0.40948695,0.86105917,1.02367365,0.70634895,0.89804531,0.8516554,0.00462109
"13558",209,131,0.27333223,0.41166969,0.85814223,1.02367365,0.70634895,0.89804531,0.8516554,0.03053325
"13559",210,131,0.25495802,0.40703787,0.83382323,1.02367365,0.70634895,0.89804531,0.8516554,0.00446116
"13560",211,131,0.1372383,0.41166963,0.06574637,1.02367365,0.70634895,0.89804531,0.8516554,0.01475056
"13561",212,131,0.13581072,0.41005035,0.06392928,1.02367365,0.70634895,0.89804531,0.8516554,0
"13562",213,131,0.13496066,0.4075372,0.69127763,1.02367365,0.70634895,0.89804531,0.8516554,0.00938824
"13563",214,131,0.13753809,0.40565733,0.69133351,1.02367365,0.70634895,0.89804531,0.8516554,0.03828803
"13564",215,131,0.15804036,0.39109871,0.77167079,1.02367365,0.70634895,0.89804531,0.8516554,0.03142444
"13565",216,131,0.1526685,0.36164304,0.81577709,1.02367365,0.70634895,0.89804531,0.8516554,0.02681647
"13566",217,131,0.15362837,0.36164304,0.81836613,1.02367365,0.70634895,0.89804531,0.8516554,0.01519228
"13567",218,131,0.14128255,0.36164304,0.80715254,1.02367365,0.70634895,0.89804531,0.8516554,0.0355905
"13568",219,131,0.11945621,0.36164298,0.68365572,1.02367365,0.70634895,0.89804531,0.8516554,0.07681458
"13569",220,131,0.13473796,0.40080365,0.68344635,1.02367365,0.70634895,0.89804531,0.8516554,0.00235172
"13570",221,131,0.13480281,0.41166969,0.6872367,1.02367365,0.70634895,0.89804531,0.8516554,0.00306278
"13571",222,131,0.11965102,0.36164298,0.68463742,1.02367365,0.70634895,0.89804531,0.8516554,0.00349132
"13572",223,131,0.26907532,0.36882341,0.86047417,1.02367365,0.70634895,0.89804531,0.8516554,0
"13573",224,131,0.28531951,0.38806026,0.85584277,1.02367365,0.70634895,0.89804531,0.8516554,0.01130817
"13574",225,131,0.13713351,0.40004208,0.68666433,1.02367365,0.70634895,0.89804531,0.8516554,0.03566045
"13575",226,131,0.14232589,0.36164304,0.82151308,1.02367365,0.70634895,0.89804531,0.8516554,0.00336186
"13576",227,131,0.14245827,0.36164304,0.82186894,1.02367365,0.70634895,0.89804531,0.8516554,0.03064627
"13577",228,131,0.14231453,0.36164304,0.82040184,1.02367365,0.70634895,0.89804531,0.8516554,0.03384448
"13578",229,131,0.14214321,0.39642013,0.82080827,1.02367365,0.70634895,0.89804531,0.8516554,0
"13579",230,131,0.15190896,0.38957369,0.82255508,1.02367365,0.70634895,0.89804531,0.8516554,0.04652217
"13580",231,131,0.14902746,0.36750341,0.77922768,1.02367365,0.70634895,0.89804531,0.8516554,0.00760874
"13581",232,131,0.0603501,0.17002514,0.02789637,0.45883299,0.3166011,0.40252362,0.38173064,0
"13582",190,132,0.09732181,0.28843071,0.48892553,0.72568975,0.50073594,0.6366309,0.60374475,0
"13583",191,132,0.13829511,0.40445494,0.68667033,1.01919329,0.70325744,0.8941148,0.84792792,0.00779906
"13584",192,132,0.14028014,0.3994573,0.68667033,1.01919329,0.70325744,0.8941148,0.84792792,0.0030432
"13585",193,132,0.16680265,0.38509896,0.84251984,1.01919329,0.70325744,0.8941148,0.84792792,0.02592798
"13586",194,132,0.15125374,0.39417044,0.85917162,1.01919329,0.70325744,0.8941148,0.84792792,0.01033048
"13587",195,132,0.16085545,0.39871412,0.85500898,1.01919329,0.70325744,0.8941148,0.84792792,0.02361148
"13588",196,132,0.25211263,0.40560908,0.83886684,1.01919329,0.70325744,0.8941148,0.84792792,0.01756105
"13589",197,132,0.15137888,0,0.85402699,1.01919329,0.70325744,0.8941148,0.84792792,0.01117735
"13590",198,132,0.00991021,0.25713563,0.06769417,1.01919329,0.70325744,0.8941148,0.84792792,0.02409817
"13591",199,132,0.00975955,0.27160179,0.06780138,1.01919329,0.70325744,0.8941148,0.84792792,0.01721661
"13592",200,132,0.00978109,0.25543758,0.06778515,1.01919329,0.70325744,0.8941148,0.84792792,0
"13593",201,132,0.00978058,0.25273103,0.06778553,1.01919329,0.70325744,0.8941148,0.84792792,0.00143251
"13594",202,132,0.24183887,0.40166643,0.84083271,1.01919329,0.70325744,0.8941148,0.84792792,0.00582871
"13595",203,132,0.26602777,0.40166643,0.8590538,1.01919329,0.70325744,0.8941148,0.84792792,0
"13596",204,132,0.27471616,0.40542625,0.85604143,1.01919329,0.70325744,0.8941148,0.84792792,0.01406674
"13597",205,132,0.13318779,0.40681686,0.05068578,1.01919329,0.70325744,0.8941148,0.84792792,0.00610577
"13598",206,132,0.13604686,0.403224,0.06140784,1.01919329,0.70325744,0.8941148,0.84792792,0.04580148
"13599",207,132,0.13402729,0.41048382,0,1.01919329,0.70325744,0.8941148,0.84792792,0.04830143
"13600",208,132,0.13419967,0.40626847,0.06140784,1.01919329,0.70325744,0.8941148,0.84792792,0.00440062
"13601",209,132,0.13545359,0.40510411,0.06140784,1.01919329,0.70325744,0.8941148,0.84792792,0.02003347
"13602",210,132,0.1359946,0.40393124,0.06140784,1.01919329,0.70325744,0.8941148,0.84792792,0.02307705
"13603",211,132,0.13607859,0.40329771,0.06140784,1.01919329,0.70325744,0.8941148,0.84792792,0.05695146
"13604",212,132,0.1376664,0.39935255,0.68838595,1.01919329,0.70325744,0.8941148,0.84792792,0.036845
"13605",213,132,0.1285616,0.36006016,0.6885386,1.01919329,0.70325744,0.8941148,0.84792792,0.03426235
"13606",214,132,0.12853536,0.36006022,0.68853786,1.01919329,0.70325744,0.8941148,0.84792792,0
"13607",215,132,0.1380429,0.37888958,0.68855799,1.01919329,0.70325744,0.8941148,0.84792792,0
"13608",216,132,0.15843984,0.38666931,0.81002344,1.01919329,0.70325744,0.8941148,0.84792792,0.01730334
"13609",217,132,0.00972226,0.26729977,0.06783022,1.01919329,0.70325744,0.8941148,0.84792792,0.00312517
"13610",218,132,0.00972226,0.24084047,0.06783022,1.01919329,0.70325744,0.8941148,0.84792792,0.0110296
"13611",219,132,0.00972226,0.2168317,0.06783022,1.01919329,0.70325744,0.8941148,0.84792792,0.00688653
"13612",220,132,0,0.19636886,0.05426415,1.01919329,0.70325744,0.8941148,0.84792792,0.01466103
"13613",221,132,0.13858763,0.39114751,0.68092512,1.01919329,0.70325744,0.8941148,0.84792792,0.01225016
"13614",222,132,0.26382285,0.36427091,0.84810327,1.01919329,0.70325744,0.8941148,0.84792792,0
"13615",223,132,0.28865017,0.39778903,0.85892576,1.01919329,0.70325744,0.8941148,0.84792792,0.00632405
"13616",224,132,0.28851139,0.3870365,0.85717365,1.01919329,0.70325744,0.8941148,0.84792792,0
"13617",225,132,0.11205013,0.40281363,0.05042004,1.01919329,0.70325744,0.8941148,0.84792792,0.00198604
"13618",226,132,0.2650814,0.36551264,0.85097786,1.01919329,0.70325744,0.8941148,0.84792792,0
"13619",227,132,0.28013151,0.38233823,0.84089898,1.01919329,0.70325744,0.8941148,0.84792792,0.0045718
"13620",228,132,0.16198961,0.37753807,0.82222,1.01919329,0.70325744,0.8941148,0.84792792,0.00271013
"13621",229,132,0.1606647,0.38167349,0.79808294,1.01851793,0.70279143,0.89352231,0.84736604,0.0014534
"13622",230,132,0.13321934,0.40437483,0.68030058,1.01883676,0.70301143,0.89380202,0.8476313,0.01433459
"13623",231,132,0.09048514,0.28420683,0.03182925,0.70671972,0.48764636,0.61998893,0.58796245,0
"13624",232,132,5.416e-05,0,0.00027801,0.00427786,0.00295178,0.00375286,0.003559,0
"13625",191,133,0.08252295,0.24577972,0.03726586,0.61850585,0.42677757,0.54260093,0.51457205,0.01104354
"13626",192,133,0.13292705,0.40252669,0.06119238,1.00716973,0.69496102,0.88356681,0.8379248,0.01119582
"13627",193,133,0.16483677,0.40149013,0.85311209,1.01470324,0.70015924,0.89017578,0.84419238,0.01505287
"13628",194,133,0.16966571,0.3983911,0.85731019,1.01470324,0.70015924,0.89017578,0.84419238,0.00449013
"13629",195,133,0.16155892,0.4016839,0.8587471,1.01470324,0.70015924,0.89017578,0.84419238,0.04347814
"13630",196,133,0,0.24830011,0,1.01470324,0.70015924,0.89017578,0.84419238,0
"13631",197,133,0,0.21784193,0,1.01470324,0.70015924,0.89017578,0.84419238,0.01016836
"13632",198,133,0.00994648,0.25585428,0.06734438,1.01470324,0.70015924,0.89017578,0.84419238,0.00350335
"13633",199,133,0.00975405,0.26364224,0.06747467,1.01470324,0.70015924,0.89017578,0.84419238,0
"13634",200,133,0.00969413,0.23347652,0.06751991,1.01470324,0.70015924,0.89017578,0.84419238,0
"13635",201,133,0.00970417,0.24746487,0.06751215,1.01470324,0.70015924,0.89017578,0.84419238,0.00261745
"13636",202,133,0.00994648,0.2556213,0.06734438,1.01470324,0.70015924,0.89017578,0.84419238,0.05109678
"13637",203,133,0.27463394,0.39832603,0.84385705,1.01470324,0.70015924,0.89017578,0.84419238,0.06725374
"13638",204,133,0.13179304,0.40614916,0.04570021,1.01470324,0.70015924,0.89017578,0.84419238,0.01347255
"13639",205,133,0.11331593,0.35955743,0.05809878,0.9046003,0.62418669,0.793585,0.75259115,0.0858675
"13640",206,133,0.11486658,0.34733132,0.0524552,0.87060527,0.60072965,0.76376195,0.72430865,0.09550649
"13641",207,133,0.13345034,0.39856878,0.06051259,1.0043347,0.69300481,0.8810797,0.83556617,0.11342083
"13642",208,133,0.13437485,0.39741292,0.06113731,1.01470324,0.70015924,0.89017578,0.84419238,0.35819514
"13643",209,133,0.13509401,0.40092382,0.06113731,1.01470324,0.70015924,0.89017578,0.84419238,0.28155739
"13644",210,133,0.134532,0.40449022,0.06113731,1.01470324,0.70015924,0.89017578,0.84419238,0.07463429
"13645",211,133,0.13433344,0.40198009,0.06113731,1.01470324,0.70015924,0.89017578,0.84419238,0.02199417
"13646",212,133,0,0.1932724,0,1.01470324,0.70015924,0.89017578,0.84419238,0.0085876
"13647",213,133,0,0.28764955,0,1.01470324,0.70015924,0.89017578,0.84419238,0.00471428
"13648",214,133,0,0.31642001,0,1.01470324,0.70015924,0.89017578,0.84419238,0.00971221
"13649",215,133,0.00967943,0.27022902,0.06753139,1.01470324,0.70015924,0.89017578,0.84419238,0.00817481
"13650",216,133,0.00967943,0.25501986,0.06753139,1.01470324,0.70015924,0.89017578,0.84419238,0.00018794
"13651",217,133,0.00967943,0.23174474,0.06753139,1.01470324,0.70015924,0.89017578,0.84419238,0.01941143
"13652",218,133,0,0.23452673,0.05402509,1.01470324,0.70015924,0.89017578,0.84419238,0
"13653",219,133,0,0.26574632,0.05402509,1.01470324,0.70015924,0.89017578,0.84419238,0.0041074
"13654",220,133,0.00967943,0.25986848,0.06753139,1.01470324,0.70015924,0.89017578,0.84419238,0.0034318
"13655",221,133,0.00967943,0.23513352,0.06753139,1.01470324,0.70015924,0.89017578,0.84419238,0.03868101
"13656",222,133,0.15644625,0.39603529,0.78672396,1.01470324,0.70015924,0.89017578,0.84419238,0.00511341
"13657",223,133,0.13277626,0.40108627,0.06163085,1.01470324,0.70015924,0.89017578,0.84419238,0
"13658",224,133,0.27976981,0.39935813,0.85121688,1.01470324,0.70015924,0.89017578,0.84419238,0.00651795
"13659",225,133,0.15539218,0.40017235,0.84675288,1.01470324,0.70015924,0.89017578,0.84419238,0
"13660",226,133,0.28200751,0.394532,0.84940256,1.01470324,0.70015924,0.89017578,0.84419238,0.00259081
"13661",227,133,0.28350477,0.38883685,0.84935211,1.01470324,0.70015924,0.89017578,0.84419238,0.00192147
"13662",228,133,0.2789307,0.38564823,0.84088288,1.01470324,0.70015924,0.89017578,0.84419238,0.00858865
"13663",229,133,0.27898738,0.38227621,0.83789713,1.00867827,0.69600193,0.88489021,0.83917984,0.00519944
"13664",230,133,0.11411734,0.16063583,0.34293244,0.40828504,0.28172231,0.35817906,0.33967677,0
"13665",231,133,0.0102784,0.03226861,0,0.08024036,0.05536695,0.07039302,0.06675676,0
"13666",192,134,0.08353222,0.25113917,0.04000923,0.62586917,0.43185837,0.5490606,0.52069803,0.00404828
"13667",193,134,0.13425436,0.39888141,0.06111109,1.01020457,0.6970551,0.8862292,0.84044966,0.00998285
"13668",194,134,0.15440598,0.39965784,0.842489,1.01020457,0.6970551,0.8862292,0.84044966,0.00629197
"13669",195,134,0.15801552,0.40625311,0.85902567,1.01020457,0.6970551,0.8862292,0.84044966,0
"13670",196,134,0,0.1540696,0,1.01020457,0.6970551,0.8862292,0.84044966,0
"13671",197,134,0,0.16413287,0,1.01020457,0.6970551,0.8862292,0.84044966,0.01119271
"13672",198,134,0.00990238,0.18901561,0.06704586,1.01020457,0.6970551,0.8862292,0.84044966,0
"13673",199,134,0.00990238,0.25321019,0.06704581,1.01020457,0.6970551,0.8862292,0.84044966,0.03407658
"13674",200,134,0.00969063,0.25288301,0.0671905,1.01020457,0.6970551,0.8862292,0.84044966,0.01523973
"13675",201,134,0.00984162,0.25437828,0.06708471,1.01020457,0.6970551,0.8862292,0.84044966,0.00324566
"13676",202,134,0.00990238,0.2479375,0.06704581,1.01020457,0.6970551,0.8862292,0.84044966,0.00520263
"13677",203,134,0.10020291,0.2933184,0.55546786,0.74144128,0.51160472,0.65044936,0.61684939,0.0246018
"13678",204,134,0.03368537,0.10861688,0.0165473,0.27463746,0.18950364,0.24093312,0.22848735,0.01908026
"13679",208,134,0.05641707,0.20104506,0.02364209,0.49992637,0.34495609,0.43857388,0.41591867,0.16476696
"13680",209,134,0.12211647,0.36114226,0.05453785,0.90517118,0.62458061,0.79408583,0.7530661,0.06298408
"13681",210,134,0.13388482,0.40625311,0.0454976,1.01020457,0.6970551,0.8862292,0.84044966,0.06488509
"13682",211,134,0.13419734,0.39819707,0.06086626,1.01020457,0.6970551,0.8862292,0.84044966,0.01421896
"13683",212,134,0,0.19771417,0,1.01020457,0.6970551,0.8862292,0.84044966,0.04101138
"13684",213,134,0,0.33478628,0,1.01020457,0.6970551,0.8862292,0.84044966,0.05186753
"13685",214,134,0,0.29562307,0,1.01020457,0.6970551,0.8862292,0.84044966,0
"13686",215,134,0.00963652,0.26422439,0.06723199,1.01020457,0.6970551,0.8862292,0.84044966,0
"13687",216,134,0.00963652,0.25101587,0.06723199,1.01020457,0.6970551,0.8862292,0.84044966,0
"13688",217,134,0.00963652,0.23467769,0.06723199,1.01020457,0.6970551,0.8862292,0.84044966,0.00613051
"13689",218,134,0.00963652,0.26403289,0.06723199,1.01020457,0.6970551,0.8862292,0.84044966,0.01245298
"13690",219,134,0.00963652,0.2650664,0.06723199,1.01020457,0.6970551,0.8862292,0.84044966,0.00202365
"13691",220,134,0.00963652,0.26039352,0.06723199,1.01020457,0.6970551,0.8862292,0.84044966,0.00798616
"13692",221,134,0.00963652,0.26459097,0.06723199,1.01020457,0.6970551,0.8862292,0.84044966,0.00343205
"13693",222,134,0.00963652,0.2627029,0.06723199,1.01020457,0.6970551,0.8862292,0.84044966,0.00132703
"13694",223,134,0.00963652,0.24238931,0.06723199,1.01020457,0.6970551,0.8862292,0.84044966,0.00497736
"13695",224,134,0.00963652,0.20935078,0.06723199,1.01020457,0.6970551,0.8862292,0.84044966,0.01617041
"13696",225,134,0.13414297,0.39558783,0.67943026,1.01020457,0.6970551,0.8862292,0.84044966,0
"13697",226,134,0.13361999,0.38656206,0.67439748,1.01020457,0.6970551,0.8862292,0.84044966,0.00341383
"13698",227,134,0.13555057,0.38998671,0.67457144,1.01020457,0.6970551,0.8862292,0.84044966,0.02705867
"13699",228,134,0,0.19791353,0,1.01020457,0.6970551,0.8862292,0.84044966,0
"13700",229,134,0.26187107,0.36279145,0.84267804,1.01020457,0.6970551,0.8862292,0.84044966,0.0032012
"13701",230,134,0.14106547,0.19848339,0.45218801,0.53804145,0.37125603,0.47201137,0.4476289,0
"13702",192,135,0.07195583,0.21191022,0.03222916,0.53491129,0.36909617,0.46926535,0.44502472,0.00419664
"13703",193,135,0.13529368,0.40382902,0.06429004,1.00569675,0.69394464,0.88227459,0.83669934,0.04025502
"13704",194,135,0.13319298,0.40444029,0,1.00569675,0.69394464,0.88227459,0.83669934,0.00638039
"13705",195,135,0.13407728,0.40444029,0,1.00569675,0.69394464,0.88227459,0.83669934,0.00017488
"13706",196,135,0,0.18313011,0,1.00569675,0.69394464,0.88227459,0.83669934,0.0191257
"13707",197,135,0,0.18529602,0,1.00569675,0.69394464,0.88227459,0.83669934,0.0071596
"13708",198,135,0.00959352,0.18796265,0.06693198,1.00569675,0.69394464,0.88227459,0.83669934,0.00011252
"13709",199,135,0.00969505,0.24373541,0.06685575,1.00569675,0.69394464,0.88227459,0.83669934,0.04974697
"13710",200,135,0.0098582,0.25212275,0.06674663,1.00569675,0.69394464,0.88227459,0.83669934,0.00957763
"13711",201,135,0.0098582,0.19552224,0.06674663,1.00569675,0.69394464,0.88227459,0.83669934,0
"13712",202,135,0,0.15233906,0,0.99890108,0.68925553,0.87631291,0.83104561,0.01086209
"13713",210,135,0.10055752,0.29977999,0.50975093,0.75503262,0.52098293,0.66237272,0.62815684,0.03494258
"13714",211,135,0,0.29253816,0,1.00569675,0.69394464,0.88227459,0.83669934,0.00328726
"13715",212,135,0,0.31477979,0,1.00569675,0.69394464,0.88227459,0.83669934,0.00713904
"13716",213,135,0,0.2000337,0,1.00569675,0.69394464,0.88227459,0.83669934,0.01092382
"13717",214,135,0,0.21607432,0,1.00569675,0.69394464,0.88227459,0.83669934,0.02780445
"13718",215,135,0,0.22657829,0,1.00569675,0.69394464,0.88227459,0.83669934,0.05728264
"13719",216,135,0,0.24713368,0.05354557,1.00569675,0.69394464,0.88227459,0.83669934,0.00368605
"13720",217,135,0.00959352,0.26233518,0.06693198,1.00569675,0.69394464,0.88227459,0.83669934,0.01042158
"13721",218,135,0.00959352,0.2472353,0.06693198,1.00569675,0.69394464,0.88227459,0.83669934,0.00776715
"13722",219,135,0.00959352,0.24142369,0.06693198,1.00569675,0.69394464,0.88227459,0.83669934,0.00938447
"13723",220,135,0,0.24458739,0,1.00569675,0.69394464,0.88227459,0.83669934,0.01463704
"13724",221,135,0.00959352,0.24796126,0.06693198,1.00569675,0.69394464,0.88227459,0.83669934,0.0065768
"13725",222,135,0.00961719,0.25524721,0.06691354,1.00569675,0.69394464,0.88227459,0.83669934,0.01057554
"13726",223,135,0.00959352,0.26697867,0.06693198,1.00569675,0.69394464,0.88227459,0.83669934,0.00785469
"13727",224,135,0.00959352,0.26354508,0.06693198,1.00569675,0.69394464,0.88227459,0.83669934,0.03389406
"13728",225,135,0.00959352,0.24903358,0.06693198,1.00569675,0.69394464,0.88227459,0.83669934,0
"13729",226,135,0.00959352,0.21263182,0.06693198,1.00569675,0.69394464,0.88227459,0.83669934,0.00324042
"13730",227,135,0,0.19173474,0,1.00569675,0.69394464,0.88227459,0.83669934,0
"13731",228,135,0,0.18763658,0,1.00569675,0.69394464,0.88227459,0.83669934,0.00833025
"13732",229,135,0,0.1844166,0,1.00569675,0.69394464,0.88227459,0.83669934,0.01123558
"13733",230,135,0.27402845,0.37872714,0.82244625,0.98111698,0.67698426,0.86071133,0.81624996,0.00762352
"13734",231,135,0.01340817,0,0.07634447,0.09041501,0.0623876,0.079319,0.07522166,0
"13735",193,136,0.08810035,0.26096221,0.03954362,0.65631018,0.45286308,0.5757658,0.54602373,0.116476
"13736",194,136,0.1320404,0.39667286,0.0603225,1.00117977,0.69082786,0.87831195,0.83294139,0
"13737",195,136,0.13340503,0.39687631,0.0603225,1.00117977,0.69082786,0.87831195,0.83294139,0.0164434
"13738",196,136,0,0.15268657,0,1.00117977,0.69082786,0.87831195,0.83294139,0.00941646
"13739",197,136,0,0.16155734,0,1.00117977,0.69082786,0.87831195,0.83294139,0
"13740",198,136,0.00955043,0.20321295,0.06663137,1.00117977,0.69082786,0.87831195,0.83294139,0.00743085
"13741",199,136,0.00973546,0.23439244,0.06649746,1.00117977,0.69082786,0.87831195,0.83294139,0.02098868
"13742",200,136,0.00981392,0.20032528,0.06644684,1.00117977,0.69082786,0.87831195,0.83294139,0.00956564
"13743",201,136,0,0.10587991,0,0.69426423,0.4790519,0.60906202,0.57759998,0.0012492
"13744",210,136,0,0.13546697,0,0.70049225,0.48334932,0.61452571,0.58278144,0.01677997
"13745",211,136,0,0.32324986,0,1.00117977,0.69082786,0.87831195,0.83294139,0.00286022
"13746",212,136,0,0.34141164,0,1.00117977,0.69082786,0.87831195,0.83294139,0.00448052
"13747",213,136,0,0.24810351,0,1.00117977,0.69082786,0.87831195,0.83294139,0
"13748",214,136,0,0.31550066,0,1.00117977,0.69082786,0.87831195,0.83294139,0
"13749",215,136,0,0.26557174,0,1.00117977,0.69082786,0.87831195,0.83294139,0
"13750",216,136,0,0.19918897,0,1.00117977,0.69082786,0.87831195,0.83294139,0.01243564
"13751",217,136,0,0.24163555,0,1.00117977,0.69082786,0.87831195,0.83294139,0.00416077
"13752",218,136,0,0.29213053,0,1.00117977,0.69082786,0.87831195,0.83294139,0.00394686
"13753",219,136,0,0.26926661,0,1.00117977,0.69082786,0.87831195,0.83294139,0.03461668
"13754",220,136,0,0.24493451,0,1.00117977,0.69082786,0.87831195,0.83294139,0.0006587
"13755",221,136,0.00957932,0.23972361,0.06660892,1.00117977,0.69082786,0.87831195,0.83294139,0.00847209
"13756",222,136,0.00957946,0.17727493,0.06660887,1.00117977,0.69082786,0.87831195,0.83294139,0.00528427
"13757",223,136,0.00956873,0.27387146,0.0666171,1.00117977,0.69082786,0.87831195,0.83294139,0
"13758",224,136,0.00955043,0.27030099,0.06663137,1.00117977,0.69082786,0.87831195,0.83294139,0
"13759",225,136,0.00955043,0.26236617,0.06663137,1.00117977,0.69082786,0.87831195,0.83294139,0.00247639
"13760",226,136,0.00955043,0.26185144,0.06663137,1.00117977,0.69082786,0.87831195,0.83294139,0.03917534
"13761",227,136,0.00955043,0.22057242,0.06663137,1.00117977,0.69082786,0.87831195,0.83294139,0
"13762",228,136,0.00955043,0.21978295,0.06663137,1.00117977,0.69082786,0.87831195,0.83294139,0.0026473
"13763",229,136,0,0.11452432,0,0.57648452,0.39778228,0.50573659,0.47961199,0
"13764",230,136,0,0.02890917,0,0.12366358,0.08532958,0.10848721,0.10288313,0
"13765",194,137,0.06796759,0.20086975,0.03080943,0.5113478,0.35283704,0.44859365,0.42542085,0
"13766",195,137,0.08417013,0.25069535,0.03815899,0.62663448,0.43238644,0.54973199,0.52133474,0.00554307
"13767",196,137,0.10608847,0.31890631,0.04800069,0.79667317,0.54971549,0.69890302,0.66280011,0.00355229
"13768",197,137,0,0.19706407,0,0.98747587,0.68137198,0.86628984,0.8215403,0.00313123
"13769",198,137,0.00950726,0.21726885,0.06633018,0.99665417,0.68770513,0.87434174,0.82917627,0.01946793
"13770",199,137,0.11116004,0.3308289,0.05019707,0.83312677,0.57486897,0.73088293,0.69312804,0.00695728
"13771",210,137,0,0.1570729,0,0.82455921,0.56895724,0.7233668,0.68600018,0
"13772",211,137,0,0.27863841,0,0.99665417,0.68770513,0.87434174,0.82917627,0.00358984
"13773",212,137,0,0.27637521,0,0.99665417,0.68770513,0.87434174,0.82917627,0.02358183
"13774",213,137,0,0.33010707,0,0.99665417,0.68770513,0.87434174,0.82917627,0
"13775",214,137,0,0.31842611,0,0.99665417,0.68770513,0.87434174,0.82917627,0
"13776",215,137,0,0.28566261,0,0.99665417,0.68770513,0.87434174,0.82917627,0.00395176
"13777",216,137,0,0.2939819,0,0.99665417,0.68770513,0.87434174,0.82917627,0.07574086
"13778",217,137,0,0.25391425,0,0.99665417,0.68770513,0.87434174,0.82917627,0.00189875
"13779",218,137,0,0.23251961,0,0.99665417,0.68770513,0.87434174,0.82917627,0.02706231
"13780",219,137,0,0.25175195,0,0.99665417,0.68770513,0.87434174,0.82917627,0
"13781",220,137,0,0.19453432,0,0.99665417,0.68770513,0.87434174,0.82917627,0
"13782",221,137,0,0.19587873,0.05306412,0.99665417,0.68770513,0.87434174,0.82917627,0.00237142
"13783",225,137,0,0.23524809,0.05306412,0.99665417,0.68770513,0.87434174,0.82917627,0
"13784",228,137,0.00328104,0.08443468,0.02289112,0.34439917,0.23748528,0.30263227,0.28675065,0.00296235
"13785",229,137,0.00079916,0.02039356,0.00557557,0.0837766,0.05780701,0.07349528,0.06969877,0
"13786",198,138,0.04373454,0.14257462,0.01752655,0.35453152,0.24463164,0.31102233,0.294956,0.00255451
"13787",199,138,0.03981485,0.1219061,0,0.30313639,0.2091683,0.26593458,0.25219732,0.00547531
"13788",210,138,0,0.15811131,0,0.96434217,0.66540941,0.84599517,0.80229399,0.0229374
"13789",211,138,0,0.26407776,0,0.99211995,0.68457646,0.87036398,0.82540399,0.00389144
"13790",212,138,0,0.31398332,0,0.99211995,0.68457646,0.87036398,0.82540399,0.00885971
"13791",213,138,0,0.29587509,0,0.99211995,0.68457646,0.87036398,0.82540399,0.0036701
"13792",214,138,0,0.28211582,0,0.99211995,0.68457646,0.87036398,0.82540399,0.00432236
"13793",215,138,0,0.27893197,0,0.99211995,0.68457646,0.87036398,0.82540399,0.00220399
"13794",216,138,0,0.25919108,0,0.99211995,0.68457646,0.87036398,0.82540399,0.00316258
"13795",217,138,0,0.25478839,0,0.99211995,0.68457646,0.87036398,0.82540399,0.00432741
"13796",218,138,0,0.20304042,0,0.99211995,0.68457646,0.87036398,0.82540399,0.00529104
"13797",219,138,0,0.18370841,0,0.99211995,0.68457646,0.87036398,0.82540399,0.02634011
"13798",220,138,0,0.2093323,0,0.99211995,0.68457646,0.87036398,0.82540399,0.05221184
"13799",211,139,0,0.28754001,0,0.98757658,0.68144148,0.86637819,0.82162409,0
"13800",212,139,0,0.30366009,0,0.98757658,0.68144148,0.86637819,0.82162409,0.01175097
"13801",213,139,0,0.31631746,0,0.98757658,0.68144148,0.86637819,0.82162409,0
"13802",214,139,0,0.30785227,0,0.98757658,0.68144148,0.86637819,0.82162409,0.01087861
"13803",215,139,0,0.24239137,0,0.98757658,0.68144148,0.86637819,0.82162409,0.01270741
"13804",216,139,0,0.24537158,0,0.98757658,0.68144148,0.86637819,0.82162409,0.01273861
"13805",217,139,0,0.25355034,0,0.98757658,0.68144148,0.86637819,0.82162409,0
"13806",106,109,1.0168929,0,0.92880769,1.1364879,0.77342128,0.99757529,0.94136631,0.10210241
"13807",105,110,1.05114108,0,0.91337086,1.13215156,0.77047025,0.99376898,0.93777447,0.21464017
"13808",106,110,1.03560561,0,0.90797377,1.13215156,0.77047025,0.99376898,0.93777447,0.16174491
"13809",101,111,0.96931105,0,1.00252216,1.12780593,0.76751289,0.98995451,0.93417493,0.08399598
"13810",102,111,0.37550633,0,0.93812985,1.12780593,0.76751289,0.98995451,0.93417493,0.08867269
"13811",103,111,0.29116052,0,0.92957461,1.12780593,0.76751289,0.98995451,0.93417493,0.27164591
"13812",104,111,1.04643533,0,0.91551965,1.12780593,0.76751289,0.98995451,0.93417493,0.08484158
"13813",105,111,0.29241726,0,0.9159369,1.12780593,0.76751289,0.98995451,0.93417493,0.18740362
"13814",106,111,0.28895813,0,0.91320295,1.12780593,0.76751289,0.98995451,0.93417493,0.10042284
"13815",101,112,0.99791726,0,1.08382609,1.12344992,0.76454846,0.98613093,0.93056679,0.02454656
"13816",102,112,0.29017042,0,0.99816709,1.12344992,0.76454846,0.98613093,0.93056679,0.05552344
"13817",103,112,0.29638595,0,0.95375459,1.12344992,0.76454846,0.98613093,0.93056679,0.10294598
"13818",104,112,0.26922253,0,0.86701368,1.03564699,0.70479538,0.90906014,0.8578386,0.08063548
"13819",105,112,0.22389926,0,0.74272358,0.86575151,0.58917534,0.75993094,0.71711217,0.17355614
"13820",96,109,0.26843174,0,0.60595181,0.64656747,0.4394811,0.56709443,0.53514115,0.06483813
"13821",97,109,0.83953173,0,0.98397079,1.0486771,0.71280073,0.91977863,0.86795315,0.05352858
"13822",98,109,0.46482762,0,1.01613973,1.11663699,0.75899404,0.97938522,0.92420117,0.11576698
"13823",99,109,0.78335102,0,1.00423811,1.13737623,0.77309079,0.99757529,0.94136631,0.13695616
"13824",100,109,0.82350847,0,1.02820505,1.13737623,0.77309079,0.99757529,0.94136631,0.05438329
"13825",101,109,0.7955112,0,0.06210261,1.13754766,0.7730185,0.99757529,0.94136631,0.05341035
"13826",96,110,0.19478345,0,0.88900936,0.90955584,0.61823803,0.79775751,0.75280738,0.06199342
"13827",97,110,0.23903727,0,1.08978821,1.1330365,0.77014102,0.99376898,0.93777447,0.12559127
"13828",98,110,0.23995557,0,1.08208139,1.1330365,0.77014102,0.99376898,0.93777447,0.08352196
"13829",99,110,0.78300382,0,1.05055526,1.1330365,0.77014102,0.99376898,0.93777447,0.07532292
"13830",100,110,0.83540117,0,0.98318295,1.1330365,0.77014102,0.99376898,0.93777447,0.17170645
"13831",101,110,0.85078077,0,0.06470454,1.1330365,0.77014102,0.99376898,0.93777447,0.06699414
"13832",97,111,0.24082671,0,1.1109202,1.12868748,0.76718492,0.98995451,0.93417493,0.15013751
"13833",98,111,0.23828537,0,1.09388451,1.12868748,0.76718492,0.98995451,0.93417493,0.19916806
"13834",99,111,0.78027272,0,1.05683208,1.12868748,0.76718492,0.98995451,0.93417493,0.1661315
"13835",100,111,0.83342931,0,1.08912977,1.12868748,0.76718492,0.98995451,0.93417493,0.16812038
"13836",99,112,0.77472993,0,0.99182937,0.9667419,0.65710821,0.84791453,0.80013827,0.03294935
"13837",100,112,0.81582696,0,1.014713,1.02833278,0.69897241,0.90193494,0.85111488,0.02471809
"13838",101,108,0.82916776,0,1.0556388,1.14187765,0.77596093,1.00137248,0.94494955,0.19101381
"13839",102,108,0.78876662,0,0.06120565,1.14187765,0.77596093,1.00137248,0.94494955,0.14640579
"13840",103,108,0.81852634,0,0.94745421,1.14187765,0.77596093,1.00137248,0.94494955,0.10249599
"13841",104,108,0.83015997,0,1.03432347,1.14187765,0.77596093,1.00137248,0.94494955,0.14161781
"13842",105,108,0.85161772,0,0.98014517,1.14187765,0.77596093,1.00137248,0.94494955,0.27997259
"13843",102,109,0.81056688,0,0.94386147,1.13754766,0.7730185,0.99757529,0.94136631,0.09405571
"13844",103,109,0.79974855,0,0.06097356,1.13754766,0.7730185,0.99757529,0.94136631,0.15967626
"13845",104,109,0.83761563,0,1.0090731,1.13754766,0.7730185,0.99757529,0.94136631,0.10493265
"13846",105,109,0.87147272,0,0.9941195,1.13754766,0.7730185,0.99757529,0.94136631,0.23651617
"13847",102,110,0.84143883,0,0.93326993,1.13320728,0.770069,0.99376898,0.93777447,0.10450821
"13848",103,110,0.84769787,0,1.00948811,1.13320728,0.770069,0.99376898,0.93777447,0.19216439
"13849",104,110,0.94280642,0,0.96673622,1.13320728,0.770069,0.99376898,0.93777447,0.13947066
"13850",101,105,0.46222929,0,1.05295693,1.15427743,0.78487316,1.01271129,0.95564946,0.12109212
"13851",102,105,0.79863124,0,1.04019393,1.15427743,0.78487316,1.01271129,0.95564946,0.10219824
"13852",103,105,0.79840151,0,1.04960887,1.15427743,0.78487316,1.01271129,0.95564946,0.12409408
"13853",104,105,0.42603879,0,0.0618987,1.15427743,0.78487316,1.01271129,0.95564946,0.27285534
"13854",105,105,0.46312027,0,0.0618987,1.15427743,0.78487316,1.01271129,0.95564946,0.34600904
"13855",101,106,0.46586609,0,1.10317278,1.1499795,0.7819507,1.00894048,0.95209112,0.0726003
"13856",102,106,0.76779629,0,0.06166822,1.1499795,0.7819507,1.00894048,0.95209112,0.12859234
"13857",103,106,0.46292668,0,0.95461471,1.1499795,0.7819507,1.00894048,0.95209112,0.23641971
"13858",104,106,0.50365632,0,0.95231918,1.1499795,0.7819507,1.00894048,0.95209112,0.10899284
"13859",105,106,0.83675541,0,0.06166822,1.1499795,0.7819507,1.00894048,0.95209112,0.08572984
"13860",99,107,0.91543853,0,1.09642718,1.14567173,0.77902155,1.00516104,0.94852463,0.09375827
"13861",100,107,0.46843036,0,1.08039899,1.14567173,0.77902155,1.00516104,0.94852463,0.22553153
"13862",101,107,0.46869907,0,1.05963267,1.14567173,0.77902155,1.00516104,0.94852463,0.1360773
"13863",102,107,0.8241463,0,0.95103883,1.14567173,0.77902155,1.00516104,0.94852463,0.12201639
"13864",103,107,0.76290954,0,0.95103877,1.14567173,0.77902155,1.00516104,0.94852463,0.19381537
"13865",99,108,0.91104917,0.2872628,1.06008671,1.14162734,0.77613717,1.00137248,0.94494955,0.05723453
"13866",100,108,0.46360485,0,0.97075918,1.14135357,0.77608534,1.00137248,0.94494955,0.14360716
"13867",95,102,1.58531628,0,1.1170615,1.16890109,0.79376813,1.0239695,0.96627332,0.41238377
"13868",99,102,0.90246762,0.36222328,1.00004655,1.16898108,0.7934925,1.0239695,0.96627332,0.34069645
"13869",95,103,0.53378941,0,1.09049132,1.16462723,0.79086588,1.02022556,0.96274034,0.26419203
"13870",96,103,0.53187083,0,1.07741265,1.16462723,0.79086588,1.02022556,0.96274034,0.23774251
"13871",97,103,0.88257801,0,1.07849153,1.16462723,0.79086588,1.02022556,0.96274034,0.33207127
"13872",98,103,0.84923726,0,1.07897111,1.16462723,0.79086588,1.02022556,0.96274034,0.30826992
"13873",99,103,0.85311484,0,1.06725751,1.16462723,0.79086588,1.02022556,0.96274034,0.45618601
"13874",100,103,0.49014463,0.32396715,1.06536295,1.16462723,0.79086588,1.02022556,0.96274034,0.2581436
"13875",101,103,0.86062047,0.40178134,1.07380771,1.16462723,0.79086588,1.02022556,0.96274034,0.23514803
"13876",102,103,0.85808537,0,1.08790009,1.16462723,0.79086588,1.02022556,0.96274034,0.17591678
"13877",103,103,0.47139749,0,1.05937824,1.16462723,0.79086588,1.02022556,0.96274034,0.16825392
"13878",97,104,0.78634901,0,0.06212862,1.16034352,0.78795693,1.01647298,0.9591992,0.29891408
"13879",98,104,0.79260866,0,0.06365491,1.16034352,0.78795693,1.01647298,0.9591992,0.117827
"13880",99,104,0,0,0,1.16034352,0.78795693,1.01647298,0.9591992,0.16796841
"13881",100,104,0.78106743,0,0.07455385,1.16034352,0.78795693,1.01647298,0.9591992,0.21169827
"13882",101,104,0.81688111,0,1.06983423,1.16034352,0.78795693,1.01647298,0.9591992,0.15370369
"13883",102,104,0.80549691,0,1.05883315,1.16034352,0.78795693,1.01647298,0.9591992,0.08856492
"13884",103,104,0.46298707,0,1.05925175,1.16034352,0.78795693,1.01647298,0.9591992,0.13008233
"13885",97,105,0.80989804,0,0.06208667,1.1560494,0.78504091,1.01271129,0.95564946,0.24539659
"13886",98,105,0.74243463,0,0.07090769,1.1560494,0.78504091,1.01271129,0.95564946,0.0809243
"13887",99,105,0.43822641,0,0.06360083,1.1560494,0.78504091,1.01271129,0.95564946,0.23772597
"13888",100,105,0.80823388,0,1.07168904,1.1560494,0.78504091,1.01271129,0.95564946,0.24699459
"13889",99,106,0.78296366,0,0.06886397,1.15174488,0.78211783,1.00894048,0.95209112,0.17965557
"13890",100,106,0.81767778,0,1.05567572,1.15174488,0.78211783,1.00894048,0.95209112,0.23370558
"13891",96,105,0.88303972,0,1.06573316,1.1560494,0.78504091,1.01271129,0.95564946,0.21611068
"13892",95,106,0.48600531,0,0.03740447,0.69219329,0.47058872,0.60715374,0.5729433,0.24857355
"13893",96,106,0.85096018,0,0.90480459,1.09644126,0.74541734,0.96173774,0.90754805,0.06597948
"13894",97,106,0.90317638,0,1.01556116,1.15025534,0.78200293,1.00894048,0.95209112,0.12609548
"13895",98,106,0.8721736,0,1.19002813,1.15025534,0.78200293,1.00894048,0.95209112,0.17978057
"13896",97,107,0.58903728,0,0,0.74543855,0.50678759,0.65385755,0.61701555,0.08862928
"13897",98,107,0.91732219,0,1.02039453,1.14594654,0.77907358,1.00516104,0.94852463,0.10631906
"13898",97,108,0.30477228,0,0,0.39260578,0.26691367,0.34437212,0.32496826,0.02511187
"13899",98,108,0.89539017,0.28601991,0.98668984,1.13668792,0.7727791,0.99703989,0.94086108,0.10206942
"13900",93,104,0.974883,0,0.94432943,1.16235234,0.78839891,1.01647298,0.9591992,0.28586188
"13901",94,104,0.52032455,0,0.08146149,1.16235234,0.78839891,1.01647298,0.9591992,0.61131571
"13902",95,104,0.86434444,0,0.08146149,1.16235234,0.78839891,1.01647298,0.9591992,0.48004936
"13903",96,104,0.81411605,0,0.08146149,1.16235234,0.78839891,1.01647298,0.9591992,0.31695383
"13904",93,105,0.95260295,0.29051555,0.91818694,1.15805079,0.78548126,1.01271129,0.95564946,0.32661439
"13905",95,105,0.96409747,0,0.95032375,1.15805079,0.78548126,1.01271129,0.95564946,0.33105477
"13906",92,105,0.95342574,0,0.95140255,1.15737839,0.78536593,1.01271129,0.95564946,0.28165266
"13907",94,105,1.00408213,0.25183273,0.92197946,1.15394013,0.78303282,1.0097028,0.95281049,0.25151121
"13908",91,106,0.74792891,0,0.04909272,0.89364198,0.60640148,0.78194075,0.73788182,0.33130541
"13909",92,106,0.9479746,0,0.92897277,1.15306891,0.78244164,1.00894048,0.95209112,0.46801477
"13910",93,106,0.89289661,0,0.8862199,1.12614129,0.76416928,0.98537869,0.92985694,0.43406742
"13911",94,106,0.34498415,0,0.38060769,0.42302185,0.28705128,0.37014602,0.34928992,0.04987796
"13912",91,107,0.37497724,0,0.02421808,0.44462458,0.30171032,0.38904851,0.36712734,0.07817896
"13913",92,107,0.9761753,0,0.9268597,1.14874957,0.77951065,1.00516104,0.94852463,0.30073771
"13914",93,107,0.90888071,0,0.90707906,1.14874957,0.77951065,1.00516104,0.94852463,0.15908762
"13915",94,107,0.33798306,0,0.02473512,0.46176867,0.31393416,0.40503798,0.38221587,0.13010885
"13916",92,108,0.98812723,0,0.97297503,1.13449268,0.7698363,0.99268619,0.93675269,0.2201259
"13917",93,108,0.98008302,0,1.01424727,1.14441981,0.77657259,1.00137248,0.94494955,0.10602681
"13918",94,108,0.76251678,0,0,0.9499579,0.64461595,0.83121743,0.78438198,0.15386471
"13919",95,108,0,0,0,0.38118817,0.25866407,0.33354136,0.31474777,0.10763255
"13920",92,109,0.69895985,0,0.04655245,0.83429463,0.56612996,0.73001155,0.68887861,0.21359998
"13921",93,109,0.88315209,0,0.06519931,1.1087137,0.75234338,0.97012947,0.91546694,0.05537745
"13922",94,109,0.36321848,0,0,0.44842196,0.30428712,0.39237123,0.37026284,0.03462463
"13923",92,110,0.75793323,0,0.03371765,0.62926463,0.4270021,0.55060938,0.51958496,0.10521746
"13924",93,110,0.84401376,0,0.80842283,0.96998159,0.65820349,0.84873825,0.80091558,0.10206971
"13925",88,102,1.13040045,0,0.05151836,0.77905948,0.52866428,0.68194622,0.64352155,0.08712947
"13926",89,102,0.76817096,0,0.05638525,0.95845714,0.65040227,0.83898117,0.79170827,0.06659659
"13927",90,102,0.81634144,0,0.90943202,0.98538195,0.66867326,0.86254967,0.81394879,0.1501602
"13928",91,102,0.85102515,0,0.91207395,1.01997583,0.69214842,0.89283127,0.84252416,0.2510763
"13929",88,103,0.85804583,0,0.91478443,1.01618376,0.68957515,0.88951191,0.83939182,0.28308927
"13930",89,103,1.01433276,0,1.02702076,1.16551183,0.79090813,1.02022556,0.96274034,0.37424898
"13931",90,103,0.96413317,0,0.99180499,1.16551183,0.79090813,1.02022556,0.96274034,0.55552084
"13932",91,103,0.96572508,0,0.97275389,1.16551183,0.79090813,1.02022556,0.96274034,0.5072464
"13933",92,103,0.97276924,0,0.93735406,1.16551183,0.79090813,1.02022556,0.96274034,0.21290364
"13934",93,103,0.97132918,0,0.94502857,1.16551183,0.79090813,1.02022556,0.96274034,0.30449723
"13935",94,103,0.96060861,0,1.02982304,1.16551183,0.79090813,1.02022556,0.96274034,0.19081964
"13936",89,104,0.6050728,0,0.64348649,0.71712317,0.48663473,0.62773055,0.5923607,0.37110579
"13937",90,104,0.999046,0,0.97819459,1.16020053,0.78730392,1.01557634,0.95835308,0.51400076
"13938",91,104,0.94029744,0,0.94964107,1.16122486,0.78799902,1.01647298,0.9591992,0.3299109
"13939",92,104,0.95820596,0,0.928348,1.16122486,0.78799902,1.01647298,0.9591992,0.24826474
"13940",90,105,0.48267272,0,0.46200091,0.56678611,0.38461707,0.49613369,0.46817873,0.23591994
"13941",91,105,0.99888334,0,0.93088666,1.15737839,0.78536593,1.01271129,0.95564946,0.23650442
"13942",84,99,1.75728557,0,1.08449321,1.1817578,0.80259363,1.03038974,0.97569174,0.25133152
"13943",87,99,1.04221334,0,1.04484564,1.18094922,0.80222926,1.03514711,0.97682113,0.27562895
"13944",84,100,0.62269051,0,0.38291898,0.41170909,0.27967763,0.36087875,0.34054482,0.07011569
"13945",85,100,1.58620318,0,0.06471581,1.06605589,0.72418121,0.93443873,0.88178722,0.26062093
"13946",86,100,1.73290693,0,0,1.17670913,0.79934893,1.03143052,0.97331394,0.22426143
"13947",87,100,0.99209386,0,0.06354786,1.17670913,0.79934893,1.03143052,0.97331394,0.12943431
"13948",88,100,0.94275925,0,0.06047615,1.11983059,0.76071083,0.9815743,0.92626691,0.15435409
"13949",89,100,0.97256708,0,0.99533771,1.17123594,0.79563094,1.02663305,0.9687868,0.26776316
"13950",85,101,0.98591765,0,0.55989801,0.6414109,0.4357161,0.56222117,0.53054248,0.14077118
"13951",86,101,1.26383681,0,0.05212989,0.8587296,0.58334262,0.75270931,0.71029745,0.11460057
"13952",87,101,1.28442167,0,0.7301663,0.85741604,0.58245031,0.75155792,0.70921094,0.17824923
"13953",88,101,1.63785033,0,1.00909315,1.08494389,0.73701199,0.95099478,0.89741041,0.14302987
"13954",86,102,0.75171919,0,0.02885832,0.48173918,0.32724969,0.4222628,0.39847015,0.17870949
"13955",87,102,1.10926927,0,0.04547536,0.74911025,0.50887723,0.65662376,0.6196259,0.07677115
"13956",97,99,0.91457695,0,0.06038593,1.1814748,0.80234714,1.03514711,0.97682113,0.34017
"13957",94,100,0.91159082,0,0.05429982,1.17697501,0.79974403,1.02669022,0.97218861,0.25552887
"13958",95,100,0.89860229,0,0.05403673,1.17723283,0.79946639,1.03143052,0.97331394,0.26552066
"13959",96,100,1.66508667,0,0.89944862,1.17723283,0.79946639,1.03143052,0.97331394,0.57485148
"13960",97,100,1.65706365,0,0.89944862,1.17723283,0.79946639,1.03143052,0.97331394,0.32301913
"13961",98,100,0.89805944,0,0,1.17723283,0.79946639,1.03143052,0.97331394,0.28347911
"13962",89,101,1.00708979,0,0.99657685,1.1729799,0.79657821,1.02770433,0.96979771,0.15832977
"13963",90,101,0.93499724,0,0.97789266,1.1729799,0.79657821,1.02770433,0.96979771,0.26505489
"13964",91,101,0.93717294,0,0.97564461,1.1729799,0.79657821,1.02770433,0.96979771,0.29256962
"13965",92,101,0.93532012,0,0.96953879,1.1729799,0.79657821,1.02770433,0.96979771,0.32805668
"13966",93,101,0.92406332,0,0.92862657,1.1729799,0.79657821,1.02770433,0.96979771,0.36196804
"13967",94,101,0.89272149,0,0.05384152,1.1729799,0.79657821,1.02770433,0.96979771,0.4236493
"13968",95,101,1.64462621,0,0.89619923,1.1729799,0.79657821,1.02770433,0.96979771,0.23227697
"13969",96,101,1.6589443,0,0.82963035,1.1729799,0.79657821,1.02770433,0.96979771,0.31383281
"13970",97,101,0.89505454,0,0,1.1729799,0.79657821,1.02770433,0.96979771,0.27078106
"13971",98,101,0.89081145,0,0,1.1729799,0.79657821,1.02770433,0.96979771,0.19943723
"13972",99,101,0.92600758,0,0.93905266,1.1729799,0.79657821,1.02770433,0.96979771,0.22118649
"13973",92,102,0.89688742,0,0.92387784,1.05191643,0.71436322,0.92163477,0.86970471,0.18434735
"13974",93,102,0.92866879,0,0.96566376,1.16871712,0.79368332,1.0239695,0.96627332,0.28822738
"13975",94,102,0.89249928,0,0.99974814,1.16871712,0.79368332,1.0239695,0.96627332,0.34279798
"13976",96,102,1.62566503,0,1.04309654,1.16871712,0.79368332,1.0239695,0.96627332,0.28063624
"13977",97,102,0.92399743,0,0.9512427,1.16871712,0.79368332,1.0239695,0.96627332,0.29364653
"13978",98,102,0.92570561,0,1.00403623,1.16871712,0.79368332,1.0239695,0.96627332,0.26273135
"13979",98,97,0.94380675,0,0.95496469,1.19019682,0.80789354,1.04255344,0.98381014,0.64360049
"13980",99,97,0.60427514,0,1.14506507,1.19019682,0.80789354,1.04255344,0.98381014,0.49392017
"13981",99,98,0.96465717,0.41257794,0.94901245,1.18597415,0.80502723,1.0388546,0.98031971,0.35233511
"13982",98,99,0.89929801,0,0.05423145,1.18174163,0.80215424,1.03514711,0.97682113,0.20190472
"13983",99,99,0.93323724,0,0.94297566,1.18174163,0.80215424,1.03514711,0.97682113,0.29083449
"13984",100,99,0.9389577,0.35616889,0.91906429,1.18174163,0.80215424,1.03514711,0.97682113,0.32790949
"13985",99,100,0.92076869,0,0.07702885,1.1774987,0.79927418,1.03143052,0.97331394,0.12298353
"13986",100,100,0.93444119,0,0.94272906,1.1774987,0.79927418,1.03143052,0.97331394,0.33008967
"13987",100,101,0.95767036,0.35345891,0.93961097,1.17324482,0.79638669,1.02770433,0.96979771,0.23476954
"13988",104,140,0,0,0.03343057,0.51745527,0.34613563,0.44621906,0.42361682,0.04672858
"13989",105,140,0,0,0.02882422,0.47522823,0.31788916,0.40980527,0.38904749,0
"13990",106,140,0,0,0.04821969,0.77526239,0.5185877,0.66853481,0.63467166,0.05916637
"13991",107,140,0,0,0.04699059,0.77473917,0.51823771,0.66808362,0.63424332,0.03041683
"13992",108,140,0,0,0.05394907,0.88946456,0.59497969,0.76701518,0.72816372,0.04065472
"13993",109,140,0,0,0.05494909,0.90595192,0.6060084,0.78123279,0.74166116,0.00359897
"13994",110,140,0,0,0.03896931,0.62496396,0.41805023,0.53892742,0.51162924,0.06605022
"13995",111,140,0,0,0.03118982,0.50382422,0.33701757,0.43446456,0.41245772,0.17463795
"13996",102,141,0,0,0.01486701,0.36709789,0.24555873,0.31656085,0.30052616,0.01362243
"13997",103,141,0,0,0.04001652,0.65077926,0.43531857,0.56118882,0.53276304,0.03937184
"13998",104,141,0,0,0.05066914,0.83538799,0.55880685,0.72038314,0.68389372,0.01073219
"13999",105,141,0,0,0.05953134,0.98150009,0.656544,0.84638051,0.80350897,0.03994373
"14000",106,141,0,0,0.06127108,1.01018338,0.6757308,0.87111508,0.82699067,0.00769644
"14001",107,141,0,0,0.06127108,1.01018338,0.6757308,0.87111508,0.82699067,0
"14002",108,141,0,0,0.04100822,1.01018338,0.6757308,0.87111508,0.82699067,0
"14003",109,141,0,0,0.04104878,1.01018338,0.6757308,0.87111508,0.82699067,0
"14004",110,141,0,0,0.04101842,1.01018338,0.6757308,0.87111508,0.82699067,0.03262753
"14005",111,141,0,0,0.04111373,1.01018338,0.6757308,0.87111508,0.82699067,0.12748881
"14006",112,141,0,0,0.05865841,0.938429,0.62773293,0.80923886,0.76824865,0.10624868
"14007",113,141,0,0,0.03791051,0.92981055,0.62196789,0.80180689,0.76119313,0.03372155
"14008",114,141,0,0.20604249,0,0.53908756,0.36060588,0.46487332,0.44132619,0.05368617
"14009",99,142,0,0.08379819,0,0.30105559,0.20138179,0.25961035,0.24646036,0.05167724
"14010",100,142,0,0,0,0.76766204,0.51350368,0.66198077,0.6284496,0.0178839
"14011",101,142,0,0,0,0.99855571,0.66795283,0.86108815,0.81747163,0.03362739
"14012",102,142,0,0,0,1.00546604,0.67257528,0.86704715,0.82312879,0.01881852
"14013",103,142,0,0,0.06332279,1.00546604,0.67257528,0.86704715,0.82312879,0.03783362
"14014",104,142,0,0,0.06098496,1.00546604,0.67257528,0.86704715,0.82312879,0.00395074
"14015",105,142,0,0,0.06098496,1.00546604,0.67257528,0.86704715,0.82312879,0.00765462
"14016",106,142,0,0.24942967,0,1.00546604,0.67257528,0.86704715,0.82312879,0
"14017",107,142,0,0,0.06098496,1.00546604,0.67257528,0.86704715,0.82312879,0.00438228
"14018",108,142,0,0,0.04081042,1.00546604,0.67257528,0.86704715,0.82312879,0
"14019",109,142,0,0,0.04058597,1.00546604,0.67257528,0.86704715,0.82312879,0
"14020",110,142,0,0,0.0405732,1.00546604,0.67257528,0.86704715,0.82312879,0
"14021",111,142,0,0,0.04071376,1.00546604,0.67257528,0.86704715,0.82312879,0
"14022",112,142,0,0,0.04069279,1.00546604,0.67257528,0.86704715,0.82312879,0
"14023",113,142,0,0,0.04082489,1.00546604,0.67257528,0.86704715,0.82312879,0.00739594
"14024",114,142,0,0.29740789,0.0414953,1.00546604,0.67257528,0.86704715,0.82312879,0
"14025",115,142,0,0.37671348,0,0.98564806,0.65931866,0.84995745,0.80690473,0.07687925
"14026",116,142,0,0.19629929,0,0.51363479,0.34358004,0.44292454,0.42048918,0.19879581
"14027",98,143,0,0.39204635,0,0.84077814,0.56241242,0.72503124,0.68830638,0.0467686
"14028",99,143,0,0,0,1.00073924,0.66941343,0.86297107,0.81925918,0
"14029",100,143,0,0,0,1.00073924,0.66941343,0.86297107,0.81925918,0.02638278
"14030",101,143,0,0,0,1.00073924,0.66941343,0.86297107,0.81925918,0.00378381
"14031",102,143,0,0,0,1.00073924,0.66941343,0.86297107,0.81925918,0.01129916
"14032",103,143,0,0,0.04420641,1.00073924,0.66941343,0.86297107,0.81925918,0
"14033",104,143,0,0,0.04420641,1.00073924,0.66941343,0.86297107,0.81925918,0.00397435
"14034",105,143,0,0.23560833,0,1.00073924,0.66941343,0.86297107,0.81925918,0
"14035",106,143,0,0.22832515,0,1.00073924,0.66941343,0.86297107,0.81925918,0.00784611
"14036",107,143,0,0.23082982,0,1.00073924,0.66941343,0.86297107,0.81925918,0
"14037",108,143,0,0.22862602,0,1.00073924,0.66941343,0.86297107,0.81925918,0
"14038",109,143,0,0.22841091,0,1.00073924,0.66941343,0.86297107,0.81925918,0
"14039",110,143,0,0,0.04024357,1.00073924,0.66941343,0.86297107,0.81925918,0.06261497
"14040",111,143,0,0.30177701,0,1.00073924,0.66941343,0.86297107,0.81925918,0.01111897
"14041",112,143,0,0.29779447,0,1.00073924,0.66941343,0.86297107,0.81925918,0
"14042",113,143,0,0.2960098,0.04130022,1.00073924,0.66941343,0.86297107,0.81925918,0
"14043",114,143,0,0.29600975,0.04130022,1.00073924,0.66941343,0.86297107,0.81925918,0
"14044",115,143,0,0.29601954,0.04130022,1.00073924,0.66941343,0.86297107,0.81925918,0.02186578
"14045",116,143,0,0.38248235,0,1.00073924,0.66941343,0.86297107,0.81925918,0
"14046",117,143,0,0.3216668,0,0.84207924,0.56328276,0.72615323,0.68937154,0.05820233
"14047",118,143,0,0.10391838,0,0.2721649,0.18205626,0.23469694,0.22280888,0.00768149
"14048",97,144,0,0.44371874,0.03190687,0.80005793,0.53517391,0.68991684,0.65497063,0.07843805
"14049",98,144,0,0.50065108,0.03972133,0.9960041,0.66624601,0.8588878,0.81538274,0.12851386
"14050",99,144,0,0,0,0.9960041,0.66624601,0.8588878,0.81538274,0.02012353
"14051",100,144,0,0,0,0.9960041,0.66624601,0.8588878,0.81538274,0.01498609
"14052",101,144,0,0,0,0.9960041,0.66624601,0.8588878,0.81538274,0
"14053",102,144,0,0.25545499,0,0.9960041,0.66624601,0.8588878,0.81538274,0.00753536
"14054",103,144,0,0,0,0.9960041,0.66624601,0.8588878,0.81538274,0
"14055",104,144,0,0,0,0.9960041,0.66624601,0.8588878,0.81538274,0.02223282
"14056",105,144,0,0.23632781,0,0.9960041,0.66624601,0.8588878,0.81538274,0
"14057",106,144,0,0.32187957,0,0.9960041,0.66624601,0.8588878,0.81538274,0.00736501
"14058",107,144,0,0,0,0.9960041,0.66624601,0.8588878,0.81538274,0
"14059",108,144,0,0.31671805,0,0.9960041,0.66624601,0.8588878,0.81538274,0.02766995
"14060",109,144,0,0.31685772,0,0.9960041,0.66624601,0.8588878,0.81538274,0
"14061",110,144,0,0.28707656,0,0.9960041,0.66624601,0.8588878,0.81538274,0.00018889
"14062",111,144,0,0.22768845,0,0.9960041,0.66624601,0.8588878,0.81538274,0
"14063",112,144,0,0.29715374,0,0.9960041,0.66624601,0.8588878,0.81538274,0
"14064",113,144,0,0.2946092,0,0.9960041,0.66624601,0.8588878,0.81538274,0
"14065",114,144,0,0.29460087,0.04110481,0.9960041,0.66624601,0.8588878,0.81538274,0.0081184
"14066",115,144,0,0.29461871,0.04110481,0.9960041,0.66624601,0.8588878,0.81538274,0.01126776
"14067",116,144,0,0.29460914,0.04110481,0.9960041,0.66624601,0.8588878,0.81538274,0
"14068",117,144,0,0.29401456,0.04102261,0.9940124,0.66491372,0.8571703,0.81375223,0.01185991
"14069",118,144,0,0.34521906,0,0.90332802,0.60425322,0.77897011,0.7395131,0.01398658
"14070",119,144,0,0.25058318,0,0.65589695,0.43874189,0.56560198,0.53695266,0.0306357
"14071",97,145,0,0.29943819,0.02153196,0.53990937,0.3611556,0.46558199,0.44199897,0.18639234
"14072",98,145,0,0.37301144,0.02889608,0.72456315,0.48467401,0.62481515,0.59316652,0.31355763
"14073",99,145,0,0.25936705,0,0.74422932,0.49782909,0.64177395,0.60926631,0.06590801
"14074",100,145,0,0,0.03329875,0.76327998,0.51057243,0.65820197,0.6248622,0.0074831
"14075",101,145,0,0,0,0.89827539,0.60087342,0.77461305,0.73537674,0
"14076",102,145,0,0.25423809,0,0.9912595,0.66307226,0.85479638,0.81149856,0
"14077",103,145,0,0,0,0.9912595,0.66307226,0.85479638,0.81149856,0.02250469
"14078",104,145,0,0.25423809,0,0.9912595,0.66307226,0.85479638,0.81149856,0
"14079",105,145,0,0.3170981,0,0.9912595,0.66307226,0.85479638,0.81149856,0.04877552
"14080",106,145,0,0,0,0.9912595,0.66307226,0.85479638,0.81149856,0
"14081",107,145,0,0,0,0.9912595,0.66307226,0.85479638,0.81149856,0
"14082",108,145,0,0.31774387,0,0.9912595,0.66307226,0.85479638,0.81149856,0
"14083",109,145,0,0.31209308,0,0.9912595,0.66307226,0.85479638,0.81149856,0
"14084",110,145,0,0.31364944,0,0.9912595,0.66307226,0.85479638,0.81149856,0
"14085",111,145,0,0.31318287,0,0.9912595,0.66307226,0.85479638,0.81149856,0
"14086",112,145,0,0.3147472,0,0.9912595,0.66307226,0.85479638,0.81149856,0
"14087",113,145,0,0.17657788,0,0.9912595,0.66307226,0.85479638,0.81149856,0
"14088",114,145,0,0.29560362,0,0.99052462,0.66297486,0.85479638,0.81149856,0
"14089",115,145,0,0.29320573,0.040909,0.9912595,0.66307226,0.85479638,0.81149856,0
"14090",116,145,0,0.29438451,0,0.99052462,0.66297486,0.85479638,0.81149856,0
"14091",117,145,0,0.29320578,0.040909,0.9912595,0.66307226,0.85479638,0.81149856,0
"14092",118,145,0,0.29320024,0.040909,0.99052462,0.66297486,0.85479638,0.81149856,0.00821541
"14093",119,145,0,0.27973875,0.03903022,0.94503408,0.63252727,0.81553926,0.77422991,0.01830078
"14094",120,145,0,0.29810838,0,0.77960374,0.52180195,0.67277727,0.63869922,0.04373359
"14095",121,145,0,0.17973035,0.01926494,0.46994315,0.31454089,0.40554843,0.38500627,0.0524115
"14096",133,145,0,0.30615623,0,0.99052462,0.66297486,0.85479638,0.81149856,0
"14097",98,146,0,0.11398852,0,0.31397047,0.21002079,0.27074729,0.25703318,0.020921
"14098",99,146,0,0.12222092,0,0.36511732,0.24423389,0.31485293,0.29890475,0.03434193
"14099",100,146,0,0,0.03632724,0.82126765,0.54936149,0.70820669,0.67233404,0.02631089
"14100",101,146,0,0,0.04212989,0.94484279,0.63202324,0.81476969,0.77349933,0
"14101",102,146,0,0.21485081,0,0.90367498,0.60448531,0.77926931,0.73979714,0
"14102",103,146,0,0.24344964,0,0.94919594,0.63493514,0.81852355,0.77706305,0
"14103",104,146,0,0.25301906,0,0.98650657,0.65989293,0.85069777,0.80760755,0
"14104",105,146,0,0.31881031,0,0.98650657,0.65989293,0.85069777,0.80760755,0
"14105",106,146,0,0,0,0.98650657,0.65989293,0.85069777,0.80760755,0
"14106",107,146,0,0,0,0.98650657,0.65989293,0.85069777,0.80760755,0
"14107",108,146,0,0.31053264,0,0.98650657,0.65989293,0.85069777,0.80760755,0
"14108",109,146,0,0.31020616,0,0.98650657,0.65989293,0.85069777,0.80760755,0.01507269
"14109",110,146,0,0.31177538,0,0.98650657,0.65989293,0.85069777,0.80760755,0
"14110",111,146,0,0.3136259,0,0.98577521,0.659796,0.85069777,0.80760755,0
"14111",112,146,0,0.31303213,0,0.98577521,0.659796,0.85069777,0.80760755,0
"14112",113,146,0,0.31318809,0,0.98577521,0.659796,0.85069777,0.80760755,0
"14113",114,146,0,0.31343213,0,0.98577521,0.659796,0.85069777,0.80760755,0
"14114",115,146,0,0.17506727,0,0.98577521,0.659796,0.85069777,0.80760755,0.02449251
"14115",116,146,0,0.1753682,0,0.98577521,0.659796,0.85069777,0.80760755,0.0515402
"14116",117,146,0,0.29179985,0.04071285,0.98577521,0.659796,0.85069777,0.80760755,0
"14117",118,146,0,0.29180127,0.04071285,0.98577521,0.659796,0.85069777,0.80760755,0.02628531
"14118",119,146,0,0.29179985,0.04071285,0.98577521,0.659796,0.85069777,0.80760755,0
"14119",120,146,0,0.29179985,0.04071285,0.98577521,0.659796,0.85069777,0.80760755,0
"14120",121,146,0,0.33402705,0,0.873279,0.58450038,0.75361653,0.71544375,0.13626524
"14121",122,146,0,0.28456755,0,0.7439815,0.49795938,0.64203623,0.6095153,0.18540671
"14122",123,146,0,0.36952264,0.0396035,0.96607583,0.64661087,0.83369773,0.79146861,0.0608454
"14123",124,146,0,0.32704097,0.03516412,0.8551209,0.57234686,0.73794657,0.70056752,0.15291394
"14124",125,146,0,0,0.0228841,0.5569799,0.37279606,0.48065883,0.45631212,0.25461373
"14125",129,146,0,0,0.0108995,0.26587913,0.17795739,0.22944661,0.2178245,0.07723566
"14126",130,146,0,0.09199778,0.01555913,0.37717298,0.25244825,0.32549025,0.30900326,0.04090314
"14127",132,146,0,0.30695727,0.04041106,0.98577521,0.659796,0.85069777,0.80760755,0.12582109
"14128",133,146,0,0.37680581,0,0.98577521,0.659796,0.85069777,0.80760755,0
"14129",134,146,0,0.28897208,0,0.98577521,0.659796,0.85069777,0.80760755,0
"14130",95,147,0,0.28048443,0,0.77808869,0.52047826,0.67097202,0.63698541,0.1157841
"14131",96,147,0,0.20490452,0,0.47807176,0.31979125,0.41225734,0.39137536,0.00358965
"14132",99,147,0,0,0.01203311,0.27240399,0.18221619,0.23490312,0.22300462,0.00696314
"14133",100,147,0,0,0.02441918,0.55423934,0.37074119,0.47793921,0.45373025,0.00752029
"14134",101,147,0,0,0.03672104,0.8312011,0.55600616,0.71677264,0.6804661,0.00755504
"14135",102,147,0,0.19976108,0,0.91273714,0.61054716,0.78708391,0.74721591,0
"14136",103,147,0,0.25000671,0,0.97476158,0.65203648,0.84056966,0.79799246,0
"14137",104,147,0,0,0,0.98174474,0.65670765,0.84659148,0.80370926,0
"14138",105,147,0,0,0,0.98174474,0.65670765,0.84659148,0.80370926,0.01542017
"14139",106,147,0,0.31727142,0,0.98174474,0.65670765,0.84659148,0.80370926,0
"14140",107,147,0,0.30996449,0,0.98174474,0.65670765,0.84659148,0.80370926,0
"14141",108,147,0,0.30968669,0,0.98174474,0.65670765,0.84659148,0.80370926,0.10195883
"14142",109,147,0,0.31008426,0,0.98174474,0.65670765,0.84659148,0.80370926,0
"14143",110,147,0,0.3118838,0,0.98101691,0.65661119,0.84659148,0.80370926,0
"14144",111,147,0,0.31149243,0,0.98101691,0.65661119,0.84659148,0.80370926,0
"14145",112,147,0,0,0,0.98101691,0.65661119,0.84659148,0.80370926,0.01158207
"14146",113,147,0,0.31380027,0,0.98101691,0.65661119,0.84659148,0.80370926,0
"14147",114,147,0,0.31165277,0,0.98101691,0.65661119,0.84659148,0.80370926,0
"14148",115,147,0,0.31116976,0,0.98101691,0.65661119,0.84659148,0.80370926,0
"14149",116,147,0,0.31154152,0,0.98101691,0.65661119,0.84659148,0.80370926,0
"14150",117,147,0,0.17312308,0,0.98101691,0.65661119,0.84659148,0.80370926,0
"14151",118,147,0,0.29039397,0.04051633,0.98101691,0.65661119,0.84659148,0.80370926,0.01477817
"14152",119,147,0,0.28774294,0.04051633,0.98101691,0.65661119,0.84659148,0.80370926,0.03259482
"14153",120,147,0,0.26536632,0.04051633,0.98101691,0.65661119,0.84659148,0.80370926,0.00013964
"14154",121,147,0,0.25320645,0,0.98101691,0.65661119,0.84659148,0.80370926,0.21741066
"14155",122,147,0,0.24948081,0,0.98101691,0.65661119,0.84659148,0.80370926,0.01049954
"14156",123,147,0,0.27430112,0.04191175,0.98101691,0.65661119,0.84659148,0.80370926,0.02333306
"14157",124,147,0,0.3748511,0,0.98101691,0.65661119,0.84659148,0.80370926,0.0384939
"14158",125,147,0,0.37514548,0.04042245,0.98091412,0.65654239,0.84650278,0.80362505,0.12053597
"14159",126,147,0,0,0.03120064,0.75864533,0.50777413,0.65469072,0.62152881,0.30486164
"14160",128,147,0,0,0.01760901,0.42764407,0.2862294,0.36904545,0.35035227,0.13175769
"14161",129,147,0,0,0.03866982,0.94082529,0.62971025,0.81190718,0.77078181,0.26066954
"14162",130,147,0,0.36516438,0.03939455,0.9556658,0.63964326,0.82471415,0.78294007,0.23324848
"14163",131,147,0,0.36899129,0.0397043,0.96466679,0.64566777,0.83248176,0.79031423,0.07060785
"14164",132,147,0,0.37521117,0.04061992,0.98101691,0.65661119,0.84659148,0.80370926,0
"14165",133,147,0,0.37509316,0,0.98101691,0.65661119,0.84659148,0.80370926,0
"14166",134,147,0,0.34549978,0,0.98101691,0.65661119,0.84659148,0.80370926,0.00798545
"14167",95,148,0,0,0.02534117,0.57367032,0.38373894,0.49469519,0.4696375,0.1781121
"14168",96,148,0,0,0.03964254,0.897423,0.60030324,0.77387801,0.73467893,0.05292943
"14169",97,148,0,0,0.04022992,0.91071987,0.60919777,0.78534434,0.74556446,0
"14170",98,148,0,0,0.03816029,0.86386778,0.57785752,0.74494222,0.70720881,0.00372561
"14171",99,148,0,0,0.02149137,0.48651894,0.32544174,0.41954163,0.39829068,0.01960903
"14172",100,148,0,0,0.03212325,0.72720206,0.48643923,0.62709077,0.59532687,0
"14173",101,148,0,0,0.03550252,0.82235858,0.55009123,0.70914743,0.67322714,0.01868582
"14174",102,148,0,0.21375587,0,0.97697402,0.65351642,0.84247752,0.79980368,0.01010704
"14175",103,148,0,0.20794423,0,0.97697402,0.65351642,0.84247752,0.79980368,0
"14176",104,148,0,0.25057421,0,0.97697402,0.65351642,0.84247752,0.79980368,0
"14177",105,148,0,0,0,0.97697402,0.65351642,0.84247752,0.79980368,0
"14178",106,148,0,0,0,0.97697402,0.65351642,0.84247752,0.79980368,0
"14179",107,148,0,0.31141451,0,0.97697402,0.65351642,0.84247752,0.79980368,0
"14180",108,148,0,0.30936209,0,0.97697402,0.65351642,0.84247752,0.79980368,0.0077103
"14181",109,148,0,0,0,0.97624972,0.65342043,0.84247752,0.79980368,0
"14182",110,148,0,0.31010414,0,0.97624972,0.65342043,0.84247752,0.79980368,0
"14183",111,148,0,0,0,0.97624972,0.65342043,0.84247752,0.79980368,0.03107364
"14184",112,148,0,0,0,0.97624972,0.65342043,0.84247752,0.79980368,0.00467197
"14185",113,148,0,0,0,0.97624972,0.65342043,0.84247752,0.79980368,0
"14186",114,148,0,0,0,0.97624972,0.65342043,0.84247752,0.79980368,0.0193342
"14187",115,148,0,0,0,0.97624972,0.65342043,0.84247752,0.79980368,0.02337978
"14188",116,148,0,0,0,0.97624972,0.65342043,0.84247752,0.79980368,0
"14189",117,148,0,0,0,0.97624972,0.65342043,0.84247752,0.79980368,0.00044997
"14190",118,148,0,0.17222221,0,0.97624972,0.65342043,0.84247752,0.79980368,0.06617177
"14191",119,148,0,0.17386792,0,0.97624972,0.65342043,0.84247752,0.79980368,0.03103456
"14192",120,148,0,0.18266357,0,0.97624972,0.65342043,0.84247752,0.79980368,0
"14193",121,148,0,0.18120693,0,0.97624972,0.65342043,0.84247752,0.79980368,0
"14194",122,148,0,0.18127357,0,0.97624972,0.65342043,0.84247752,0.79980368,0.01838252
"14195",123,148,0,0.22612799,0.04248737,0.97624972,0.65342043,0.84247752,0.79980368,0.01225501
"14196",124,148,0,0.28894187,0.04248348,0.97624972,0.65342043,0.84247752,0.79980368,0.01103083
"14197",125,148,0,0.37154849,0.04028742,0.97130862,0.65011327,0.83821349,0.79575563,0.08178254
"14198",126,148,0,0.23998056,0.02597541,0.62737317,0.41991146,0.54140635,0.5139826,0.13493405
"14199",128,148,0,0.35887157,0.03850184,0.9382839,0.62800926,0.80971403,0.76869975,0.1569427
"14200",129,148,0,0.37340639,0.04002057,0.97624972,0.65342043,0.84247752,0.79980368,0.04254998
"14201",130,148,0,0.37339483,0.04049237,0.97624972,0.65342043,0.84247752,0.79980368,0.05016281
"14202",131,148,0,0.37334439,0.04049237,0.97624972,0.65342043,0.84247752,0.79980368,0.02186141
"14203",132,148,0,0.37317436,0.04049237,0.97624972,0.65342043,0.84247752,0.79980368,0.03308501
"14204",133,148,0,0.37322992,0.04049237,0.97624972,0.65342043,0.84247752,0.79980368,0.01633977
"14205",134,148,0,0.30434331,0,0.97624972,0.65342043,0.84247752,0.79980368,0.00717012
"14206",95,149,0,0,0.02020656,0.45710685,0.30605141,0.3944604,0.37447988,0.00901898
"14207",96,149,0,0,0.03575696,0.80888321,0.54157981,0.69802584,0.66266889,0.0260311
"14208",97,149,0,0,0.03506866,0.7938799,0.5310413,0.68458932,0.64991295,0.01469903
"14209",98,149,0,0,0.03947643,0.89238871,0.59693571,0.76953678,0.73055759,0.00839132
"14210",99,149,0,0,0.03927297,0.88793103,0.59395389,0.76569277,0.72690829,0.00781229
"14211",100,149,0,0,0,0.97219439,0.65031924,0.83835589,0.79589083,0
"14212",101,149,0,0,0.0354785,0.80315779,0.53724746,0.69258996,0.65750834,0.00755002
"14213",102,149,0,0,0.03885097,0.87950331,0.58831642,0.75842526,0.7200089,0.02672406
"14214",103,149,0,0.20531448,0,0.9502624,0.63564852,0.8194432,0.77793611,0
"14215",104,149,0,0.20557867,0,0.97219439,0.65031924,0.83835589,0.79589083,0
"14216",105,149,0,0.30959431,0,0.97219439,0.65031924,0.83835589,0.79589083,0
"14217",106,149,0,0.31418497,0,0.97219439,0.65031924,0.83835589,0.79589083,0
"14218",107,149,0,0.3123636,0,0.97219439,0.65031924,0.83835589,0.79589083,0
"14219",108,149,0,0.30858752,0,0.97219439,0.65031924,0.83835589,0.79589083,0.04023813
"14220",109,149,0,0,0,0.97147364,0.65022372,0.83835589,0.79589083,0
"14221",110,149,0,0,0,0.97147364,0.65022372,0.83835589,0.79589083,0
"14222",111,149,0,0,0,0.97147364,0.65022372,0.83835589,0.79589083,0.01496083
"14223",112,149,0,0,0,0.97147364,0.65022372,0.83835589,0.79589083,0
"14224",113,149,0,0,0,0.97147364,0.65022372,0.83835589,0.79589083,0
"14225",114,149,0,0,0,0.97147364,0.65022372,0.83835589,0.79589083,0
"14226",115,149,0,0,0,0.97147364,0.65022372,0.83835589,0.79589083,0
"14227",116,149,0,0,0,0.97147364,0.65022372,0.83835589,0.79589083,0.01564696
"14228",117,149,0,0,0,0.97147364,0.65022372,0.83835589,0.79589083,0
"14229",118,149,0,0,0,0.97147364,0.65022372,0.83835589,0.79589083,0
"14230",119,149,0,0.36858776,0.04297326,0.97147364,0.65022372,0.83835589,0.79589083,0.08169029
"14231",120,149,0,0.18030198,0,0.97147364,0.65022372,0.83835589,0.79589083,0
"14232",121,149,0,0.18233662,0,0.97147364,0.65022372,0.83835589,0.79589083,0.06600489
"14233",122,149,0,0.23730125,0.04318662,0.97147364,0.65022372,0.83835589,0.79589083,0.03872845
"14234",123,149,0,0.28402634,0.04280585,0.97147364,0.65022372,0.83835589,0.79589083,0
"14235",124,149,0,0.24479714,0.04374544,0.97147364,0.65022372,0.83835589,0.79589083,0.02772861
"14236",125,149,0,0.34071048,0.03684096,0.89076202,0.59620207,0.76870392,0.72976692,0.08739007
"14237",126,149,0,0.26552024,0,0.6942555,0.46467693,0.59912401,0.56877671,0.09926061
"14238",127,149,0,0.22857494,0.0247876,0.59761602,0.3999945,0.51572672,0.48960372,0.10165084
"14239",128,149,0,0.36376984,0.0394446,0.95299624,0.63704832,0.82067787,0.77910824,0.16202627
"14240",129,149,0,0.37156914,0.04029426,0.97147364,0.65022372,0.83835589,0.79589083,0.03191155
"14241",130,149,0,0.37146977,0.04029426,0.97147364,0.65022372,0.83835589,0.79589083,0.11506399
"14242",131,149,0,0.37156547,0.04029427,0.97147364,0.65022372,0.83835589,0.79589083,0.12080337
"14243",132,149,0.03870369,0.36858771,0.04425754,0.97147364,0.65022372,0.83835589,0.79589083,0.02769625
"14244",133,149,0.03901224,0.3685877,0.0438693,0.97147364,0.65022372,0.83835589,0.79589083,0
"14245",95,150,0,0,0.02788527,0.63081223,0.42235414,0.54435948,0.51678615,0.01941658
"14246",96,150,0,0,0.02397914,0.54244906,0.36319144,0.46810647,0.44439557,0.07093858
"14247",98,150,0,0,0.01715961,0.38817966,0.25990188,0.33497968,0.31801202,0.0180862
"14248",99,150,0,0,0.0295386,0.66821345,0.44739576,0.57663486,0.5474267,0.01075293
"14249",100,150,0,0,0.03727454,0.84321345,0.56456529,0.72765113,0.69079357,0
"14250",101,150,0,0.22834837,0,0.92218923,0.61744275,0.79580329,0.75549363,0.00022502
"14251",102,150,0,0.21211248,0,0.96740643,0.64711649,0.83422707,0.79197114,0.02047093
"14252",103,150,0,0.24812026,0,0.96740643,0.64711649,0.83422707,0.79197114,0
"14253",104,150,0,0.19669165,0,0.96671531,0.64725475,0.83422707,0.79197114,0
"14254",105,150,0,0,0,0.96740643,0.64711649,0.83422707,0.79197114,0
"14255",106,150,0,0,0,0.96740643,0.64711649,0.83422707,0.79197114,0
"14256",107,150,0,0.31263764,0,0.96668923,0.64702143,0.83422707,0.79197114,0
"14257",108,150,0,0.30912118,0,0.96668923,0.64702143,0.83422707,0.79197114,0
"14258",109,150,0,0,0,0.96668923,0.64702143,0.83422707,0.79197114,0
"14259",110,150,0,0,0,0.96668923,0.64702143,0.83422707,0.79197114,0
"14260",111,150,0,0,0,0.96668923,0.64702143,0.83422707,0.79197114,0
"14261",112,150,0,0,0,0.96668923,0.64702143,0.83422707,0.79197114,0
"14262",113,150,0,0,0,0.96668923,0.64702143,0.83422707,0.79197114,0.02647497
"14263",114,150,0,0,0,0.96668923,0.64702143,0.83422707,0.79197114,0.01399159
"14264",115,150,0,0,0,0.96668923,0.64702143,0.83422707,0.79197114,0
"14265",116,150,0,0,0,0.96668923,0.64702143,0.83422707,0.79197114,0.03276187
"14266",117,150,0,0,0,0.96668923,0.64702143,0.83422707,0.79197114,0
"14267",118,150,0,0,0,0.96668923,0.64702143,0.83422707,0.79197114,0
"14268",119,150,0,0,0,0.96668923,0.64702143,0.83422707,0.79197114,0.01034982
"14269",120,150,0,0.17541176,0,0.96668923,0.64702143,0.83422707,0.79197114,0.11877706
"14270",121,150,0,0.17996991,0,0.96668923,0.64702143,0.83422707,0.79197114,0.03147098
"14271",122,150,0,0.18548526,0,0.96668923,0.64702143,0.83422707,0.79197114,0.01693622
"14272",123,150,0,0.37052931,0.03983238,0.96668923,0.64702143,0.83422707,0.79197114,0.14156406
"14273",124,150,0,0.21116269,0.04167749,0.96668923,0.64702143,0.83422707,0.79197114,0.17073497
"14274",125,150,0,0.33661602,0.03638912,0.87926521,0.58850706,0.75878247,0.72034802,0.28824159
"14275",126,150,0,0.33339425,0.03608293,0.87157548,0.58336019,0.75214644,0.71404812,0.27763566
"14276",127,150,0,0.19218508,0.02084155,0.50353971,0.33660062,0.43362594,0.41166158,0.1581868
"14277",128,150,0,0.33080259,0.03587,0.86663264,0.57931694,0.74630539,0.70850293,0.24136549
"14278",129,150,0,0.36975624,0.04009582,0.96872999,0.64756584,0.83422707,0.79197114,0.14928229
"14279",130,150,0,0.36957025,0.04009582,0.96872999,0.64756584,0.83422707,0.79197114,0.06280994
"14280",131,150,0.03848377,0.3667725,0.04387123,0.96668923,0.64702143,0.83422707,0.79197114,0.02274641
"14281",132,150,0.03882011,0.3667725,0.04400066,0.96872999,0.64756584,0.83422707,0.79197114,0.03981564
"14282",133,150,0.03882011,0.3667725,0.04445723,0.96872999,0.64756584,0.83422707,0.79197114,0
"14283",134,150,0.03882011,0.3667725,0.04436882,0.96668923,0.64702143,0.83422707,0.79197114,0
"14284",95,151,0,0,0,0.36206276,0.24241557,0.3124421,0.29661603,0.01438946
"14285",96,151,0,0,0.03572709,0.80820756,0.54112744,0.69744279,0.66211537,0
"14286",97,151,0,0,0.02630444,0.59505124,0.39841072,0.51349952,0.48748934,0
"14287",98,151,0,0,0.01653321,0.37400939,0.25041432,0.32275144,0.30640318,0.04127937
"14288",99,151,0,0,0.03178287,0.7189826,0.48138774,0.62044611,0.58901878,0.01176786
"14289",100,151,0,0.22539697,0,0.95786577,0.64132963,0.82659036,0.78472125,0.01483919
"14290",101,151,0,0.23922757,0,0.9320678,0.62405685,0.804328,0.76358654,0
"14291",102,151,0,0.23461752,0,0.9526145,0.63781369,0.82205878,0.7804192,0
"14292",103,151,0,0.1916649,0,0.96192243,0.64404573,0.83009106,0.78804463,0.0140451
"14293",104,151,0,0,0,0.96192243,0.64404573,0.83009106,0.78804463,0.00582346
"14294",105,151,0,0,0,0.96192243,0.64404573,0.83009106,0.78804463,0
"14295",106,151,0,0,0,0.96192243,0.64404573,0.83009106,0.78804463,0
"14296",107,151,0,0,0,0.96189648,0.64381356,0.83009106,0.78804463,0
"14297",108,151,0,0,0,0.96189648,0.64381356,0.83009106,0.78804463,0
"14298",109,151,0,0,0,0.96189648,0.64381356,0.83009106,0.78804463,0
"14299",110,151,0,0,0,0.96189648,0.64381356,0.83009106,0.78804463,0
"14300",111,151,0,0,0,0.96189648,0.64381356,0.83009106,0.78804463,0
"14301",112,151,0,0,0,0.96189648,0.64381356,0.83009106,0.78804463,0
"14302",113,151,0,0,0,0.96189648,0.64381356,0.83009106,0.78804463,0
"14303",114,151,0,0,0,0.96189648,0.64381356,0.83009106,0.78804463,0.01533324
"14304",115,151,0,0,0,0.96189648,0.64381356,0.83009106,0.78804463,0.03188792
"14305",116,151,0,0,0,0.96189648,0.64381356,0.83009106,0.78804463,0.0148158
"14306",117,151,0,0,0,0.96189648,0.64381356,0.83009106,0.78804463,0
"14307",118,151,0,0,0,0.96189648,0.64381356,0.83009106,0.78804463,0.00724886
"14308",119,151,0,0,0,0.96189648,0.64381356,0.83009106,0.78804463,0.01608861
"14309",120,151,0,0,0,0.96189648,0.64381356,0.83009106,0.78804463,0.01207483
"14310",121,151,0,0.17853272,0,0.96189648,0.64381356,0.83009106,0.78804463,0
"14311",122,151,0,0.18455145,0,0.96189648,0.64381356,0.83009106,0.78804463,0
"14312",123,151,0,0.36869227,0.03962956,0.96189648,0.64381356,0.83009106,0.78804463,0.11438493
"14313",124,151,0,0.18163726,0,0.96189648,0.64381356,0.83009106,0.78804463,0.0071079
"14314",125,151,0,0.20702136,0.04292065,0.96189648,0.64381356,0.83009106,0.78804463,0.03855714
"14315",126,151,0,0.20728128,0.04230741,0.96154184,0.64276079,0.82803696,0.78609457,0.17870888
"14316",127,151,0,0.26260154,0.02844857,0.68732809,0.45945743,0.5918963,0.5619151,0.30796071
"14317",128,151,0,0.27544493,0,0.72080282,0.48183425,0.62072325,0.58928188,0.37487945
"14318",129,151,0,0.36786186,0.03989703,0.96392713,0.64435528,0.83009106,0.78804463,0.32685003
"14319",130,151,0,0.36791502,0.03989703,0.96392713,0.64435528,0.83009106,0.78804463,0.21682397
"14320",131,151,0.03838854,0.36495407,0.04374549,0.96392713,0.64435528,0.83009106,0.78804463,0.04328149
"14321",132,151,0.03862764,0.36495408,0.04371044,0.96392713,0.64435528,0.83009106,0.78804463,0.04736569
"14322",133,151,0.03862764,0.36495408,0.04402533,0.96392713,0.64435528,0.83009106,0.78804463,0.0252252
"14323",134,151,0.03862764,0.36495408,0.04478853,0.96392713,0.64435528,0.83009106,0.78804463,0
"14324",135,151,0.0385483,0.3600274,0.04359368,0.96087143,0.64376197,0.83009106,0.78804463,0
"14325",136,151,0.03851522,0.33948639,0.04322433,0.96087143,0.64376197,0.83009106,0.78804463,0.01342506
"14326",95,152,0,0,0.0145523,0.32919772,0.2204111,0.28408121,0.2696917,0.02421448
"14327",96,152,0,0,0.01485871,0.33590586,0.22490247,0.28986999,0.27518727,0.01417038
"14328",97,152,0,0,0.01825161,0.41282358,0.27640198,0.35624615,0.33820129,0.00862792
"14329",98,152,0,0,0.02814393,0.63666358,0.42627186,0.5494089,0.52157981,0
"14330",99,152,0,0,0.02656885,0.60103261,0.40241549,0.51866115,0.49238951,0
"14331",100,152,0,0.13727429,0,0.60621498,0.40588529,0.52313328,0.49663512,0
"14332",101,152,0,0.22407,0,0.8808058,0.58973488,0.76009146,0.7215907,0
"14333",102,152,0,0,0,0.95712011,0.64083038,0.8259469,0.78411038,0
"14334",103,152,0,0.20455424,0,0.89310248,0.597968,0.77070288,0.73166462,0.03387285
"14335",104,152,0,0,0,0.95712011,0.64083038,0.8259469,0.78411038,0
"14336",105,152,0,0,0,0.95712011,0.64083038,0.8259469,0.78411038,0
"14337",106,152,0,0,0,0.95712011,0.64083038,0.8259469,0.78411038,0
"14338",107,152,0,0,0,0.95712011,0.64083038,0.8259469,0.78411038,0
"14339",108,152,0,0,0,0.95712011,0.64083038,0.8259469,0.78411038,0
"14340",109,152,0,0,0,0.95709429,0.64059937,0.8259469,0.78411038,0
"14341",110,152,0,0,0,0.95709429,0.64059937,0.8259469,0.78411038,0
"14342",111,152,0,0,0,0.95709429,0.64059937,0.8259469,0.78411038,0
"14343",112,152,0,0,0,0.95709429,0.64059937,0.8259469,0.78411038,0
"14344",113,152,0,0,0,0.95709429,0.64059937,0.8259469,0.78411038,0
"14345",114,152,0,0,0,0.95709429,0.64059937,0.8259469,0.78411038,0
"14346",115,152,0,0,0,0.95709429,0.64059937,0.8259469,0.78411038,0
"14347",116,152,0,0,0,0.95709429,0.64059937,0.8259469,0.78411038,0.00397674
"14348",117,152,0,0,0,0.95709429,0.64059937,0.8259469,0.78411038,0.01418007
"14349",118,152,0,0,0,0.95709429,0.64059937,0.8259469,0.78411038,0.03278704
"14350",119,152,0,0,0,0.95709429,0.64059937,0.8259469,0.78411038,0
"14351",120,152,0,0,0,0.95709429,0.64059937,0.8259469,0.78411038,0
"14352",121,152,0,0,0,0.95709429,0.64059937,0.8259469,0.78411038,0.00685952
"14353",122,152,0.03834259,0.36313208,0.04245703,0.95709429,0.64059937,0.8259469,0.78411038,0
"14354",123,152,0,0.18248356,0,0.95709429,0.64059937,0.8259469,0.78411038,0
"14355",124,152,0.03842088,0.36313208,0.04303631,0.95709429,0.64059937,0.8259469,0.78411038,0.03806081
"14356",125,152,0.0383554,0.36313208,0.04293126,0.95709429,0.64059937,0.8259469,0.78411038,0.08232757
"14357",126,152,0,0.18119834,0,0.95709429,0.64059937,0.8259469,0.78411038,0.01517389
"14358",127,152,0,0.17742886,0,0.95709429,0.64059937,0.8259469,0.78411038,0
"14359",128,152,0,0.17753122,0,0.9591148,0.64113838,0.8259469,0.78411038,0.03384858
"14360",129,152,0,0.18084849,0,0.9591148,0.64113838,0.8259469,0.78411038,0.13359313
"14361",130,152,0,0.36665986,0.03969785,0.9591148,0.64113838,0.8259469,0.78411038,0.19445756
"14362",131,152,0.03807747,0,0.04386861,0.9591148,0.64113838,0.8259469,0.78411038,0.08185849
"14363",132,152,0.03808544,0.36313208,0.04384224,0.9591148,0.64113838,0.8259469,0.78411038,0.10810534
"14364",133,152,0.03821939,0.36313208,0.04418829,0.9591148,0.64113838,0.8259469,0.78411038,0
"14365",134,152,0.0384348,0.36313208,0.04456493,0.9591148,0.64113838,0.8259469,0.78411038,0
"14366",135,152,0,0.16704895,0,0.95607435,0.64054804,0.8259469,0.78411038,0
"14367",136,152,0.0384348,0.36313208,0.04371237,0.95607435,0.64054804,0.8259469,0.78411038,0.02537704
"14368",137,152,0.03843479,0.36313208,0.04401135,0.95607435,0.64054804,0.8259469,0.78411038,0.00491788
"14369",138,152,0.0384348,0.35889552,0.04341905,0.95607435,0.64054804,0.8259469,0.78411038,0
"14370",94,153,0,0,0,0.6187428,0.41427317,0.53394417,0.5068984,0.01005103
"14371",95,153,0,0,0.01707747,0.38272114,0.25624718,0.33026924,0.31354019,0.1569649
"14372",96,153,0,0,0.03745584,0.85681086,0.5736693,0.73938502,0.7019331,0.12476744
"14373",97,153,0,0,0.02715246,0.61384936,0.41099681,0.52972137,0.5028895,0
"14374",98,153,0,0,0.03947312,0.89294913,0.59786533,0.77057054,0.73153899,0.00288016
"14375",99,153,0,0,0.03889535,0.87987901,0.58911436,0.75929168,0.72083144,0
"14376",100,153,0,0,0.02509872,0.56777585,0.38014875,0.48996222,0.46514427,0
"14377",101,153,0,0.16343941,0,0.70539963,0.4722934,0.60872469,0.57789108,0.00563746
"14378",102,153,0,0.24244611,0,0.95186439,0.63731146,0.82141147,0.77980469,0
"14379",103,153,0,0.17103622,0,0.76204126,0.51021725,0.65760358,0.62429412,0.0004287
"14380",104,153,0,0,0,0.95231001,0.63760982,0.82179602,0.78016976,0
"14381",105,153,0,0,0,0.95231001,0.63760982,0.82179602,0.78016976,0
"14382",106,153,0,0,0,0.95231001,0.63760982,0.82179602,0.78016976,0
"14383",107,153,0,0,0,0.95231001,0.63760982,0.82179602,0.78016976,0
"14384",108,153,0,0,0,0.95231001,0.63760982,0.82179602,0.78016976,0
"14385",109,153,0,0,0,0.95231001,0.63760982,0.82179602,0.78016976,0
"14386",110,153,0,0,0,0.95228432,0.63737998,0.82179602,0.78016976,0
"14387",111,153,0,0,0,0.95228432,0.63737998,0.82179602,0.78016976,0
"14388",112,153,0,0,0,0.95228432,0.63737998,0.82179602,0.78016976,0
"14389",113,153,0,0,0,0.95228432,0.63737998,0.82179602,0.78016976,0
"14390",114,153,0,0,0,0.95228432,0.63737998,0.82179602,0.78016976,0.00382745
"14391",115,153,0,0,0,0.95228432,0.63737998,0.82179602,0.78016976,0.02336614
"14392",116,153,0,0,0,0.95228432,0.63737998,0.82179602,0.78016976,0
"14393",117,153,0,0,0,0.95228432,0.63737998,0.82179602,0.78016976,0.02294524
"14394",118,153,0,0,0,0.95228432,0.63737998,0.82179602,0.78016976,0
"14395",119,153,0,0,0,0.95228432,0.63737998,0.82179602,0.78016976,0.01593674
"14396",120,153,0,0,0,0.95228432,0.63737998,0.82179602,0.78016976,0.05377916
"14397",121,153,0,0,0,0.95228432,0.63737998,0.82179602,0.78016976,0.04798089
"14398",122,153,0,0,0,0.95228432,0.63737998,0.82179602,0.78016976,0
"14399",123,153,0,0,0,0.95228432,0.63737998,0.82179602,0.78016976,0.02264967
"14400",124,153,0,0.36130712,0.04212441,0.95228432,0.63737998,0.82179602,0.78016976,0.00023883
"14401",125,153,0.03818028,0.36130712,0.04246648,0.95228432,0.63737998,0.82179602,0.78016976,0.1498201
"14402",126,153,0,0.18964691,0,0.95126951,0.6373289,0.82179602,0.78016976,0.03514888
"14403",127,153,0,0.18497466,0,0.95126951,0.6373289,0.82179602,0.78016976,0.04117817
"14404",128,153,0,0.17800244,0,0.95126951,0.6373289,0.82179602,0.78016976,0.03046509
"14405",129,153,0,0.17779671,0,0.95429467,0.63791628,0.82179602,0.78016976,0.01591733
"14406",130,153,0.03789075,0.36130712,0.04315,0.95429467,0.63791628,0.82179602,0.78016976,0.20017017
"14407",131,153,0.0378475,0.36130712,0.04312976,0.95429467,0.63791628,0.82179602,0.78016976,0.14569
"14408",132,153,0.03795103,0.36130707,0.04359564,0.95429467,0.63791628,0.82179602,0.78016976,0.02456612
"14409",133,153,0.03793191,0.36130712,0.04359107,0.95429467,0.63791628,0.82179602,0.78016976,0.01787961
"14410",134,153,0.0379401,0.36130712,0.04355802,0.95126951,0.6373289,0.82179602,0.78016976,0.01016241
"14411",135,153,0,0.26241558,0,0.95126951,0.6373289,0.82179602,0.78016976,0.03613329
"14412",136,153,0,0.26742363,0,0.95126951,0.6373289,0.82179602,0.78016976,0.02747283
"14413",137,153,0,0.17014865,0,0.95126951,0.6373289,0.82179602,0.78016976,0
"14414",138,153,0,0.17061248,0,0.95126951,0.6373289,0.82179602,0.78016976,0
"14415",94,154,0,0,0.02150724,0.48653031,0.32575159,0.41985138,0.39858474,0.11976744
"14416",95,154,0,0,0.02876381,0.67139777,0.44952779,0.57938277,0.55003542,0.29670133
"14417",96,154,0,0,0.03836943,0.86798183,0.58114872,0.74902501,0.7110848,0.17793216
"14418",97,154,0,0,0.0382299,0.86482529,0.57903529,0.74630107,0.70849884,0
"14419",98,154,0,0,0.03662549,0.82853089,0.55473473,0.71498081,0.67876504,0.01407906
"14420",99,154,0,0.20498523,0,0.94749102,0.63438331,0.81763747,0.77622185,0.03989504
"14421",100,154,0,0.20006045,0,0.9461175,0.63346369,0.81645219,0.77509661,0.02983144
"14422",101,154,0,0.15297968,0,0.66575422,0.44574921,0.57451267,0.545412,0.01466023
"14423",102,154,0,0.15634559,0,0.63709031,0.42655756,0.54977715,0.5219294,0.00607695
"14424",103,154,0,0.15662307,0,0.70582358,0.47257725,0.60909053,0.57823839,0
"14425",104,154,0,0.16896354,0,0.74538676,0.49906639,0.64323158,0.6106501,0.01116244
"14426",105,154,0,0.2138606,0,0.83323431,0.55788386,0.71903963,0.68261827,0
"14427",106,154,0,0.2134237,0,0.89500608,0.59924254,0.77234558,0.73322412,0.00537232
"14428",107,154,0,0,0,0.94749102,0.63438331,0.81763747,0.77622185,0.01734516
"14429",108,154,0,0,0,0.94749102,0.63438331,0.81763747,0.77622185,0.01178624
"14430",109,154,0,0,0,0.94749102,0.63438331,0.81763747,0.77622185,0
"14431",110,154,0,0,0,0.94746546,0.63415463,0.81763747,0.77622185,0
"14432",111,154,0,0,0,0.94746546,0.63415463,0.81763747,0.77622185,0.00384189
"14433",112,154,0,0,0,0.94746546,0.63415463,0.81763747,0.77622185,0.0116245
"14434",113,154,0,0,0,0.94746546,0.63415463,0.81763747,0.77622185,0.00751383
"14435",114,154,0,0,0,0.94746546,0.63415463,0.81763747,0.77622185,0.04082741
"14436",115,154,0,0,0,0.94746546,0.63415463,0.81763747,0.77622185,0.01487466
"14437",116,154,0,0,0,0.94746546,0.63415463,0.81763747,0.77622185,0.01985728
"14438",117,154,0,0,0,0.94746546,0.63415463,0.81763747,0.77622185,0
"14439",118,154,0,0,0,0.94746546,0.63415463,0.81763747,0.77622185,0
"14440",119,154,0,0,0,0.94746546,0.63415463,0.81763747,0.77622185,0.02838324
"14441",120,154,0,0,0,0.94746546,0.63415463,0.81763747,0.77622185,0.01068638
"14442",121,154,0,0,0,0.94746546,0.63415463,0.81763747,0.77622185,0
"14443",122,154,0,0,0,0.94746546,0.63415463,0.81763747,0.77622185,0.00751383
"14444",123,154,0,0,0,0.94746546,0.63415463,0.81763747,0.77622185,0
"14445",124,154,0,0.1702227,0,0.94746546,0.63415463,0.81763747,0.77622185,0.01013513
"14446",125,154,0,0.17041649,0,0.94645578,0.63410382,0.81763747,0.77622185,0.00466731
"14447",126,154,0.03804812,0.35947879,0.0452389,0.94645578,0.63410382,0.81763747,0.77622185,0.0067906
"14448",127,154,0,0.18552003,0,0.94645578,0.63410382,0.81763747,0.77622185,0.04537336
"14449",128,154,0,0.17072663,0,0.94645578,0.63410382,0.81763747,0.77622185,0
"14450",129,154,0,0.1696801,0,0.94946564,0.63468822,0.81763747,0.77622185,0
"14451",130,154,0,0.25006586,0,0.94946564,0.63468822,0.81763747,0.77622185,0.01114803
"14452",131,154,0,0.25208883,0,0.94946564,0.63468822,0.81763747,0.77622185,0.05257903
"14453",132,154,0,0.16807793,0,0.94645578,0.63410382,0.81763747,0.77622185,0
"14454",133,154,0.03804812,0.35947879,0.04289105,0.94645578,0.63410382,0.81763747,0.77622185,0.01408476
"14455",134,154,0,0.16796166,0,0.94645578,0.63410382,0.81763747,0.77622185,0
"14456",135,154,0,0.25913055,0,0.94645578,0.63410382,0.81763747,0.77622185,0
"14457",136,154,0,0.27979286,0,0.94645578,0.63410382,0.81763747,0.77622185,0.01484044
"14458",137,154,0,0.16991641,0,0.94645578,0.63410382,0.81763747,0.77622185,0.00493796
"14459",138,154,0,0.16959042,0,0.94645578,0.63410382,0.81763747,0.77622185,0.00488123
"14460",139,154,0,0.18367473,0,0.94645578,0.63410382,0.81763747,0.77622185,0
"14461",94,155,0,0,0.03058032,0.69177889,0.46317377,0.59697066,0.56673243,0.03294479
"14462",95,155,0,0,0.0312107,0.71095817,0.47601507,0.61352143,0.58244485,0.04686231
"14463",96,155,0,0,0.02977948,0.67366252,0.45104413,0.58133714,0.55189079,0.03361249
"14464",97,155,0,0,0.03824341,0.86513089,0.5792399,0.74656478,0.70874919,0.001587
"14465",98,155,0,0,0.03713711,0.84010469,0.56248385,0.72496843,0.68824675,0.01176037
"14466",99,155,0,0,0.04167077,0.94266369,0.63115123,0.81347173,0.77226711,0
"14467",100,155,0,0.2274628,0,0.94266369,0.63115123,0.81347173,0.77226711,0.01808009
"14468",101,155,0,0.22837388,0,0.94266369,0.63115123,0.81347173,0.77226711,0.00557743
"14469",102,155,0,0.2256712,0,0.94266369,0.63115123,0.81347173,0.77226711,0.05046812
"14470",103,155,0,0.2284398,0,0.94266369,0.63115123,0.81347173,0.77226711,0.01187247
"14471",104,155,0,0.21697131,0,0.93486763,0.62593145,0.80674411,0.76588027,0.00862983
"14472",105,155,0,0.2022796,0,0.86612602,0.57990618,0.74742354,0.70956445,0.01228107
"14473",106,155,0,0.23963966,0,0.93367358,0.62513198,0.80571371,0.76490206,0
"14474",107,155,0,0,0,0.94266369,0.63115123,0.81347173,0.77226711,0
"14475",108,155,0,0,0,0.94266369,0.63115123,0.81347173,0.77226711,0.00275892
"14476",109,155,0,0,0,0.94266369,0.63115123,0.81347173,0.77226711,0.00600455
"14477",110,155,0,0,0,0.94263826,0.63092371,0.81347173,0.77226711,0
"14478",111,155,0,0,0,0.94263826,0.63092371,0.81347173,0.77226711,0.03034289
"14479",112,155,0,0,0,0.94263826,0.63092371,0.81347173,0.77226711,0.03008009
"14480",113,155,0,0,0,0.94263826,0.63092371,0.81347173,0.77226711,0.07607215
"14481",114,155,0,0,0,0.94263826,0.63092371,0.81347173,0.77226711,0.02278879
"14482",115,155,0,0,0,0.94263826,0.63092371,0.81347173,0.77226711,0.04484815
"14483",116,155,0,0,0,0.94263826,0.63092371,0.81347173,0.77226711,0.04484048
"14484",117,155,0,0,0,0.94263826,0.63092371,0.81347173,0.77226711,0.04259782
"14485",118,155,0,0,0,0.94263826,0.63092371,0.81347173,0.77226711,0.04801994
"14486",119,155,0,0,0,0.94263826,0.63092371,0.81347173,0.77226711,0.003745
"14487",120,155,0,0,0,0.94163373,0.63087315,0.81347173,0.77226711,0.01473739
"14488",121,155,0,0,0,0.94163373,0.63087315,0.81347173,0.77226711,0
"14489",122,155,0,0,0,0.94163373,0.63087315,0.81347173,0.77226711,0
"14490",123,155,0,0,0,0.94263826,0.63092371,0.81347173,0.77226711,0.0024241
"14491",124,155,0,0.16891218,0,0.94163373,0.63087315,0.81347173,0.77226711,0
"14492",125,155,0,0.16847072,0,0.94163373,0.63087315,0.81347173,0.77226711,0
"14493",126,155,0,0.16907041,0,0.94163373,0.63087315,0.81347173,0.77226711,0.01187753
"14494",127,155,0,0.17085238,0,0.94163373,0.63087315,0.81347173,0.77226711,0.01270755
"14495",128,155,0,0.19508534,0,0.94163373,0.63087315,0.81347173,0.77226711,0.01828711
"14496",129,155,0,0.18400698,0,0.94163373,0.63087315,0.81347173,0.77226711,0.01480237
"14497",130,155,0,0.24830598,0,0.94163373,0.63087315,0.81347173,0.77226711,0
"14498",131,155,0,0.24788632,0,0.94163373,0.63087315,0.81347173,0.77226711,0.0130472
"14499",132,155,0,0.16520954,0,0.94163373,0.63087315,0.81347173,0.77226711,0
"14500",133,155,0,0.16452836,0,0.94163373,0.63087315,0.81347173,0.77226711,0
"14501",134,155,0,0.16578846,0,0.94163373,0.63087315,0.81347173,0.77226711,0.00326389
"14502",135,155,0,0.26842072,0,0.94163373,0.63087315,0.81347173,0.77226711,0.00316796
"14503",136,155,0,0.27976859,0,0.94163373,0.63087315,0.81347173,0.77226711,0.02678367
"14504",137,155,0,0.16898468,0,0.94163373,0.63087315,0.81347173,0.77226711,0
"14505",138,155,0,0.16540242,0,0.94163373,0.63087315,0.81347173,0.77226711,0
"14506",93,156,0,0,0,0.38526649,0.25795139,0.33246575,0.31562543,0.00775345
"14507",94,156,0,0,0.01765318,0.41789594,0.27979813,0.36062334,0.34235676,0.04012994
"14508",95,156,0,0,0.02517968,0.56960721,0.38137492,0.4915426,0.46664459,0
"14509",96,156,0,0,0.03246542,0.73442304,0.49172574,0.63377044,0.6016682,0
"14510",97,156,0,0,0.03751055,0.84855251,0.56814001,0.73225848,0.69516754,0.00651782
"14511",98,156,0,0,0.0380923,0.86171264,0.57695124,0.74361501,0.70594883,0
"14512",99,156,0,0.21765941,0,0.93782803,0.62791356,0.8092988,0.76830555,0
"14513",100,156,0,0.23966411,0,0.93782803,0.62791356,0.8092988,0.76830555,0
"14514",101,156,0,0.25310599,0,0.93782803,0.62791356,0.8092988,0.76830555,0
"14515",102,156,0,0.23194993,0,0.93782803,0.62791356,0.8092988,0.76830555,0
"14516",103,156,0,0.22445908,0,0.93782803,0.62791356,0.8092988,0.76830555,0
"14517",104,156,0,0.22651432,0,0.93782803,0.62791356,0.8092988,0.76830555,0.01391007
"14518",105,156,0,0,0,0.93782803,0.62791356,0.8092988,0.76830555,0.02344489
"14519",106,156,0,0,0,0.93782803,0.62791356,0.8092988,0.76830555,0
"14520",107,156,0,0,0,0.93782803,0.62791356,0.8092988,0.76830555,0
"14521",108,156,0,0,0,0.93782803,0.62791356,0.8092988,0.76830555,0
"14522",109,156,0,0,0,0.93782803,0.62791356,0.8092988,0.76830555,0
"14523",110,156,0,0,0,0.93780273,0.62768721,0.8092988,0.76830555,0
"14524",111,156,0,0,0,0.93780273,0.62768721,0.8092988,0.76830555,0
"14525",112,156,0,0,0,0.93780273,0.62768721,0.8092988,0.76830555,0
"14526",113,156,0,0,0,0.93780273,0.62768721,0.8092988,0.76830555,0
"14527",114,156,0,0,0,0.93780273,0.62768721,0.8092988,0.76830555,0
"14528",115,156,0,0,0,0.93780273,0.62768721,0.8092988,0.76830555,0.00761948
"14529",116,156,0,0,0,0.93780273,0.62768721,0.8092988,0.76830555,0.01891434
"14530",117,156,0,0,0,0.93780273,0.62768721,0.8092988,0.76830555,0.03481086
"14531",118,156,0,0,0,0.93780273,0.62768721,0.8092988,0.76830555,0.00168989
"14532",119,156,0,0,0,0.93780273,0.62768721,0.8092988,0.76830555,0.00865056
"14533",120,156,0,0,0,0.93680335,0.62763691,0.8092988,0.76830555,0.05621281
"14534",121,156,0,0,0,0.93680335,0.62763691,0.8092988,0.76830555,0.00736476
"14535",122,156,0,0,0,0.93680335,0.62763691,0.8092988,0.76830555,0
"14536",123,156,0,0,0,0.93680335,0.62763691,0.8092988,0.76830555,0
"14537",124,156,0,0,0,0.93680335,0.62763691,0.8092988,0.76830555,0.01649385
"14538",125,156,0,0.16827648,0,0.93680335,0.62763691,0.8092988,0.76830555,0.00103612
"14539",126,156,0,0.16892291,0,0.93680335,0.62763691,0.8092988,0.76830555,0.01834729
"14540",127,156,0,0.17927315,0,0.93680335,0.62763691,0.8092988,0.76830555,0.09644282
"14541",128,156,0,0.24031703,0,0.93680335,0.62763691,0.8092988,0.76830555,0.06299247
"14542",129,156,0,0.23662939,0,0.93680335,0.62763691,0.8092988,0.76830555,0.03615788
"14543",130,156,0,0.23683138,0,0.93680335,0.62763691,0.8092988,0.76830555,0.11294271
"14544",131,156,0,0.24160916,0,0.93680335,0.62763691,0.8092988,0.76830555,0.03913314
"14545",132,156,0,0.17122541,0,0.93680335,0.62763691,0.8092988,0.76830555,0.02708227
"14546",133,156,0,0.16368436,0,0.93680335,0.62763691,0.8092988,0.76830555,0.00479643
"14547",134,156,0,0.16941222,0,0.93680335,0.62763691,0.8092988,0.76830555,0.01673974
"14548",135,156,0,0.17202358,0,0.93680335,0.62763691,0.8092988,0.76830555,0.00244207
"14549",136,156,0,0.16708246,0,0.93680335,0.62763691,0.8092988,0.76830555,0
"14550",137,156,0,0.16379112,0,0.93680335,0.62763691,0.8092988,0.76830555,0
"14551",93,157,0,0,0,0.37094675,0.24836376,0.32010854,0.30389415,0
"14552",94,157,0,0,0,0.69392696,0.46461199,0.59882434,0.56849221,0.00582959
"14553",95,157,0,0,0.03839915,0.86865414,0.58159886,0.74960518,0.71163559,0
"14554",96,157,0,0,0.03744915,0.84716343,0.56720996,0.73105977,0.69402955,0
"14555",97,157,0,0,0.03994004,0.90351168,0.60493738,0.7796855,0.74019225,0
"14556",98,157,0,0.23946268,0,0.93298404,0.62467031,0.80511867,0.76433716,0
"14557",99,157,0,0.2082739,0,0.93298404,0.62467031,0.80511867,0.76433716,0
"14558",100,157,0,0.23247529,0,0.93298404,0.62467031,0.80511867,0.76433716,0
"14559",101,157,0,0.23946268,0,0.93298404,0.62467031,0.80511867,0.76433716,0
"14560",102,157,0,0.23773039,0,0.93298404,0.62467031,0.80511867,0.76433716,0
"14561",103,157,0,0.23946268,0,0.93298404,0.62467031,0.80511867,0.76433716,0
"14562",104,157,0,0.2312482,0,0.93298404,0.62467031,0.80511867,0.76433716,0
"14563",105,157,0,0.20494166,0,0.87867385,0.58830745,0.75825168,0.71984412,0
"14564",106,157,0,0.17154367,0,0.81774164,0.54751089,0.70567023,0.66992606,0
"14565",107,157,0,0,0,0.90813287,0.60803145,0.78367335,0.74397811,0.00980613
"14566",108,157,0,0,0,0.93298404,0.62467031,0.80511867,0.76433716,0
"14567",109,157,0,0,0,0.93298404,0.62467031,0.80511867,0.76433716,0
"14568",110,157,0,0,0,0.93298404,0.62467031,0.80511867,0.76433716,0
"14569",111,157,0,0,0,0.93298404,0.62467031,0.80511867,0.76433716,0
"14570",112,157,0,0,0,0.93295887,0.62444513,0.80511867,0.76433716,0
"14571",113,157,0,0,0,0.93295887,0.62444513,0.80511867,0.76433716,0
"14572",114,157,0,0,0,0.93295887,0.62444513,0.80511867,0.76433716,0.01860036
"14573",115,157,0,0,0,0.93295887,0.62444513,0.80511867,0.76433716,0.01851655
"14574",116,157,0,0,0,0.93196465,0.62439509,0.80511867,0.76433716,0.04829121
"14575",117,157,0,0,0,0.93196465,0.62439509,0.80511867,0.76433716,0.01376011
"14576",118,157,0,0,0,0.93196465,0.62439509,0.80511867,0.76433716,0
"14577",119,157,0,0,0,0.93196465,0.62439509,0.80511867,0.76433716,0.04502383
"14578",120,157,0,0,0,0.93196465,0.62439509,0.80511867,0.76433716,0.04011366
"14579",121,157,0,0,0,0.93196465,0.62439509,0.80511867,0.76433716,0.03249648
"14580",122,157,0,0,0,0.93196465,0.62439509,0.80511867,0.76433716,0
"14581",123,157,0,0,0,0.93196465,0.62439509,0.80511867,0.76433716,0
"14582",124,157,0,0,0,0.93196465,0.62439509,0.80511867,0.76433716,0.00770469
"14583",125,157,0,0,0,0.93196465,0.62439509,0.80511867,0.76433716,0.01121916
"14584",126,157,0,0.16808149,0,0.93196465,0.62439509,0.80511867,0.76433716,0
"14585",127,157,0,0.16703685,0,0.93196465,0.62439509,0.80511867,0.76433716,0.02010529
"14586",128,157,0,0.24215752,0,0.93196465,0.62439509,0.80511867,0.76433716,0.03979941
"14587",129,157,0,0.24003463,0,0.93196465,0.62439509,0.80511867,0.76433716,0.04644868
"14588",130,157,0,0.179765,0,0.93196465,0.62439509,0.80511867,0.76433716,0.01462937
"14589",131,157,0,0.14216589,0,0.93196465,0.62439509,0.80511867,0.76433716,0.01924541
"14590",132,157,0,0.16752898,0,0.93196465,0.62439509,0.80511867,0.76433716,0.00550419
"14591",133,157,0,0.16541854,0,0.93196465,0.62439509,0.80511867,0.76433716,0.07726231
"14592",134,157,0,0.16374524,0,0.93196465,0.62439509,0.80511867,0.76433716,0.00493252
"14593",135,157,0,0.16283891,0,0.93196465,0.62439509,0.80511867,0.76433716,0
"14594",136,157,0,0.16283891,0,0.93196465,0.62439509,0.80511867,0.76433716,0
"14595",137,157,0,0.1633456,0,0.93196465,0.62439509,0.80511867,0.76433716,0
"14596",92,158,0,0,0,0.3169805,0.21223118,0.27353835,0.25968287,0
"14597",93,158,0,0,0,0.5227897,0.35002872,0.45114143,0.42828986,0
"14598",94,158,0,0,0,0.46354662,0.31036309,0.4000176,0.37975559,0
"14599",95,158,0,0,0.02565712,0.58040757,0.38860619,0.50086277,0.47549267,0
"14600",96,158,0,0,0.02524674,0.58567218,0.39213106,0.50540587,0.47980565,0
"14601",97,158,0,0,0.02895995,0.65512333,0.43863139,0.56533874,0.53670275,0
"14602",98,158,0,0,0.02797134,0.63175236,0.42298359,0.54517076,0.51755634,0
"14603",99,158,0,0.13988319,0,0.67243625,0.45022309,0.58027893,0.55088618,0.00290373
"14604",100,158,0,0.15199131,0,0.70496013,0.47199914,0.60834542,0.57753102,0
"14605",101,158,0,0.14714314,0,0.66040683,0.44216891,0.56989814,0.5410312,0
"14606",102,158,0,0.14816874,0,0.65765978,0.44032965,0.56752758,0.53878072,0
"14607",103,158,0,0.16090001,0,0.73774961,0.49395301,0.6366411,0.60439345,0.01168534
"14608",104,158,0,0.18637749,0,0.8562519,0.57329505,0.73890266,0.70147518,0
"14609",105,158,0,0.14385644,0,0.65135615,0.43610912,0.56208785,0.53361653,0
"14610",106,158,0,0.14841977,0,0.66748112,0.44690544,0.5760029,0.54682675,0.0057054
"14611",107,158,0,0,0,0.74660915,0.49988483,0.64428644,0.61165153,0
"14612",108,158,0,0,0,0.80014312,0.53572798,0.69048359,0.65550867,0.00565874
"14613",109,158,0,0,0,0.92813171,0.62142148,0.80093135,0.76036194,0.0029098
"14614",110,158,0,0,0,0.92813171,0.62142148,0.80093135,0.76036194,0
"14615",111,158,0,0,0,0.92813171,0.62142148,0.80093135,0.76036194,0
"14616",112,158,0,0,0,0.92813171,0.62142148,0.80093135,0.76036194,0
"14617",113,158,0,0,0,0.92711762,0.62114769,0.80093135,0.76036194,0
"14618",114,158,0,0,0,0.92711762,0.62114769,0.80093135,0.76036194,0
"14619",115,158,0,0,0,0.92711762,0.62114769,0.80093135,0.76036194,0
"14620",116,158,0,0,0,0.92711762,0.62114769,0.80093135,0.76036194,0.01705377
"14621",117,158,0,0,0,0.92711762,0.62114769,0.80093135,0.76036194,0.03605056
"14622",118,158,0,0,0,0.92711762,0.62114769,0.80093135,0.76036194,0.03339332
"14623",119,158,0,0,0,0.92711762,0.62114769,0.80093135,0.76036194,0.01949334
"14624",120,158,0,0,0,0.92711762,0.62114769,0.80093135,0.76036194,0
"14625",121,158,0,0,0,0.92711762,0.62114769,0.80093135,0.76036194,0
"14626",122,158,0,0,0,0.92711762,0.62114769,0.80093135,0.76036194,0.00848054
"14627",123,158,0,0,0,0.92711762,0.62114769,0.80093135,0.76036194,0.01921008
"14628",124,158,0,0,0,0.92711762,0.62114769,0.80093135,0.76036194,0.0073603
"14629",125,158,0,0,0,0.92711762,0.62114769,0.80093135,0.76036194,0
"14630",126,158,0,0,0,0.92711762,0.62114769,0.80093135,0.76036194,0.11108249
"14631",127,158,0,0,0,0.92711762,0.62114769,0.80093135,0.76036194,0.0152172
"14632",128,158,0,0.14478797,0,0.92711762,0.62114769,0.80093135,0.76036194,0.05027632
"14633",129,158,0,0.14442228,0,0.92711762,0.62114769,0.80093135,0.76036194,0.06849943
"14634",130,158,0,0.14390596,0,0.92711762,0.62114769,0.80093135,0.76036194,0.00614081
"14635",131,158,0,0.14353517,0,0.92711762,0.62114769,0.80093135,0.76036194,0.01071968
"14636",132,158,0,0.16199114,0,0.92711762,0.62114769,0.80093135,0.76036194,0.03390699
"14637",133,158,0,0.16199201,0,0.92711762,0.62114769,0.80093135,0.76036194,0
"14638",134,158,0,0.14350634,0,0.92711762,0.62114769,0.80093135,0.76036194,0
"14639",135,158,0,0.14350634,0,0.92711762,0.62114769,0.80093135,0.76036194,0
"14640",136,158,0,0.14350634,0,0.92711762,0.62114769,0.80093135,0.76036194,0
"14641",137,158,0,0.14329294,0,0.92711762,0.62114769,0.80093135,0.76036194,0
"14642",138,158,0,0.16336137,0,0.92711762,0.62114769,0.80093135,0.76036194,0
"14643",139,158,0,0.16935327,0,0.92711762,0.62114769,0.80093135,0.76036194,0
"14644",94,159,0,0,0.02363182,0.53459187,0.35793074,0.46132611,0.43795865,0
"14645",95,159,0,0,0.03355341,0.75903529,0.50820463,0.65500958,0.62183152,0
"14646",96,159,0,0,0.04063079,0.9191377,0.61539963,0.79316997,0.7529937,0
"14647",97,159,0,0,0.04081351,0.92327105,0.61816707,0.79673684,0.7563799,0
"14648",98,159,0,0,0.03973979,0.89898162,0.60190432,0.77577628,0.73648104,0.00871183
"14649",99,159,0,0,0.04024756,0.91046819,0.60959504,0.78568861,0.74589129,0.00752878
"14650",100,159,0,0.1944773,0,0.87761926,0.58760136,0.75734163,0.71898016,0.01765207
"14651",101,159,0,0.20323109,0,0.9114461,0.61024979,0.7865325,0.74669243,0
"14652",102,159,0,0.23654151,0,0.92160248,0.6170499,0.79529696,0.75501294,0
"14653",103,159,0,0.17391603,0.02634882,0.6116535,0.4095266,0.52782645,0.50109057,0.00616242
"14654",104,159,0,0.16156669,0,0.76706305,0.51357954,0.66193714,0.62840817,0.00055631
"14655",105,159,0,0.17769589,0,0.89514276,0.59933405,0.77246354,0.7333361,0.00688077
"14656",106,159,0,0.24778445,0,0.82911097,0.55512311,0.71548139,0.67924026,0.01521116
"14657",107,159,0,0.23717596,0,0.79297715,0.53093007,0.68429971,0.64963802,0.01714936
"14658",108,159,0,0,0,0.65557061,0.43893087,0.56572472,0.53706919,0
"14659",109,159,0,0,0,0.82908652,0.55510674,0.7154603,0.67922023,0
"14660",110,159,0,0,0,0.90990311,0.6092167,0.78520098,0.74542836,0.03017054
"14661",111,159,0,0,0,0.92327105,0.61816707,0.79673684,0.7563799,0
"14662",112,159,0,0,0,0.92226227,0.61789472,0.79673684,0.7563799,0
"14663",113,159,0,0,0,0.92226227,0.61789472,0.79673684,0.7563799,0.0180874
"14664",114,159,0,0,0,0.92226227,0.61789472,0.79673684,0.7563799,0
"14665",115,159,0,0,0,0.92226227,0.61789472,0.79673684,0.7563799,0
"14666",116,159,0,0,0,0.92226227,0.61789472,0.79673684,0.7563799,0
"14667",117,159,0,0,0,0.92226227,0.61789472,0.79673684,0.7563799,0.03035574
"14668",118,159,0,0,0,0.92226227,0.61789472,0.79673684,0.7563799,0.01778702
"14669",119,159,0,0,0,0.92226227,0.61789472,0.79673684,0.7563799,0
"14670",120,159,0,0,0,0.92226227,0.61789472,0.79673684,0.7563799,0
"14671",121,159,0,0,0,0.92226227,0.61789472,0.79673684,0.7563799,0
"14672",122,159,0,0,0,0.92226227,0.61789472,0.79673684,0.7563799,0
"14673",123,159,0,0,0,0.92226227,0.61789472,0.79673684,0.7563799,0
"14674",124,159,0,0,0,0.92226227,0.61789472,0.79673684,0.7563799,0.02809461
"14675",125,159,0,0,0,0.92226227,0.61789472,0.79673684,0.7563799,0.03942465
"14676",126,159,0,0,0,0.92226227,0.61789472,0.79673684,0.7563799,0.05964493
"14677",127,159,0,0,0,0.92226227,0.61789472,0.79673684,0.7563799,0.02579156
"14678",128,159,0,0.14295244,0,0.92226227,0.61789472,0.79673684,0.7563799,0.05327529
"14679",129,159,0,0.14348978,0,0.92226227,0.61789472,0.79673684,0.7563799,0.01209948
"14680",130,159,0,0.14196635,0,0.92226227,0.61789472,0.79673684,0.7563799,0
"14681",131,159,0,0.14286308,0,0.92226227,0.61789472,0.79673684,0.7563799,0.00573663
"14682",132,159,0,0.16007982,0,0.92226227,0.61789472,0.79673684,0.7563799,0.00495065
"14683",133,159,0,0.14275479,0,0.92226227,0.61789472,0.79673684,0.7563799,0
"14684",134,159,0,0.14275479,0,0.92226227,0.61789472,0.79673684,0.7563799,0
"14685",135,159,0,0.14275479,0,0.92226227,0.61789472,0.79673684,0.7563799,0
"14686",136,159,0,0.14285386,0,0.92226227,0.61789472,0.79673684,0.7563799,0.01503486
"14687",137,159,0,0.14279873,0,0.92226227,0.61789472,0.79673684,0.7563799,0.07410248
"14688",138,159,0,0.14280047,0,0.92226227,0.61789472,0.79673684,0.7563799,0
"14689",139,159,0,0.14277689,0,0.92226227,0.61789472,0.79673684,0.7563799,0.02083303
"14690",140,159,0,0.14231551,0,0.92226227,0.61789472,0.79673684,0.7563799,0
"14691",94,160,0,0,0,0.54280522,0.36342991,0.46841382,0.44468735,0
"14692",95,160,0,0,0.02915532,0.65811429,0.44063397,0.56791979,0.53915307,0
"14693",96,160,0,0,0.03568418,0.80432147,0.53852555,0.6940893,0.65893173,0.01510924
"14694",97,160,0,0,0.03960987,0.89541502,0.59951634,0.77269848,0.73355915,0
"14695",98,160,0,0,0.04069283,0.91840205,0.61490708,0.79253514,0.75239102,0.01517514
"14696",99,160,0,0,0.04085444,0.91840205,0.61490708,0.79253514,0.75239102,0.03483616
"14697",100,160,0,0.23052073,0,0.91840205,0.61490708,0.79253514,0.75239102,0.00574366
"14698",101,160,0,0.22292058,0,0.91840205,0.61490708,0.79253514,0.75239102,0
"14699",102,160,0,0.237011,0,0.91840205,0.61490708,0.79253514,0.75239102,0
"14700",103,160,0,0.2478632,0,0.91840205,0.61490708,0.79253514,0.75239102,0
"14701",104,160,0,0.1842246,0,0.86994265,0.58246157,0.7507171,0.71269118,0
"14702",105,160,0,0.23572002,0,0.91840205,0.61490708,0.79253514,0.75239102,0
"14703",106,160,0,0.20647125,0,0.91840205,0.61490708,0.79253514,0.75239102,0
"14704",107,160,0,0.2789719,0,0.89793925,0.60120642,0.77487677,0.7356271,0.0112471
"14705",108,160,0,0,0,0.72304149,0.48410533,0.62394872,0.59234398,0.0067494
"14706",109,160,0,0,0,0.87756369,0.58756416,0.75729368,0.71893464,0.00637357
"14707",110,160,0,0,0,0.91840205,0.61490708,0.79253514,0.75239102,0
"14708",111,160,0,0,0,0.91840205,0.61490708,0.79253514,0.75239102,0
"14709",112,160,0,0,0,0.91840205,0.61490708,0.79253514,0.75239102,0
"14710",113,160,0,0,0,0.91739859,0.61463616,0.79253514,0.75239102,0.01008843
"14711",114,160,0,0,0,0.91739859,0.61463616,0.79253514,0.75239102,0
"14712",115,160,0,0,0,0.91739859,0.61463616,0.79253514,0.75239102,0
"14713",116,160,0,0,0,0.91739859,0.61463616,0.79253514,0.75239102,0
"14714",117,160,0,0,0,0.91739859,0.61463616,0.79253514,0.75239102,0
"14715",118,160,0,0,0,0.91739859,0.61463616,0.79253514,0.75239102,0
"14716",119,160,0,0,0,0.91739859,0.61463616,0.79253514,0.75239102,0
"14717",120,160,0,0,0,0.91739859,0.61463616,0.79253514,0.75239102,0
"14718",121,160,0,0,0,0.91739859,0.61463616,0.79253514,0.75239102,0
"14719",122,160,0,0,0,0.91739859,0.61463616,0.79253514,0.75239102,0.00321033
"14720",123,160,0,0,0,0.91739859,0.61463616,0.79253514,0.75239102,0
"14721",124,160,0,0,0,0.91739859,0.61463616,0.79253514,0.75239102,0.03110005
"14722",125,160,0,0,0,0.91739859,0.61463616,0.79253514,0.75239102,0.02092501
"14723",126,160,0,0,0,0.91739859,0.61463616,0.79253514,0.75239102,0.00364157
"14724",127,160,0,0,0,0.91739859,0.61463616,0.79253514,0.75239102,0
"14725",128,160,0,0.14271731,0,0.91739859,0.61463616,0.79253514,0.75239102,0
"14726",129,160,0,0.1422113,0,0.91739859,0.61463616,0.79253514,0.75239102,0.00330017
"14727",130,160,0,0.14191599,0,0.91739859,0.61463616,0.79253514,0.75239102,0.00548893
"14728",131,160,0,0.14200195,0,0.91739859,0.61463616,0.79253514,0.75239102,0
"14729",132,160,0,0.14201815,0,0.91739859,0.61463616,0.79253514,0.75239102,0
"14730",133,160,0,0.14205459,0,0.91739859,0.61463616,0.79253514,0.75239102,0
"14731",134,160,0,0.14201896,0,0.91739859,0.61463616,0.79253514,0.75239102,0
"14732",135,160,0,0.14202654,0,0.91739859,0.61463616,0.79253514,0.75239102,0.0149239
"14733",136,160,0,0,0,0.91739859,0.61463616,0.79253514,0.75239102,0.00062249
"14734",137,160,0,0,0,0.91739859,0.61463616,0.79253514,0.75239102,0.00368584
"14735",138,160,0,0,0,0.91739859,0.61463616,0.79253514,0.75239102,0
"14736",139,160,0,0,0,0.91739859,0.61463616,0.79253514,0.75239102,0.00983104
"14737",140,160,0,0,0,0.91739859,0.61463616,0.79253514,0.75239102,0.00658925
"14738",94,161,0,0,0.0147244,0.34856425,0.23337778,0.30079356,0.28555752,0.03379326
"14739",95,161,0,0,0.02755743,0.62614215,0.41922733,0.54032943,0.51296023,0
"14740",96,161,0,0,0.03548953,0.80199393,0.53696717,0.69208075,0.65702492,0
"14741",97,161,0,0,0,0.91352527,0.61164188,0.78832672,0.74839577,0
"14742",98,161,0,0,0.04076258,0.91352527,0.61164188,0.78832672,0.74839577,0.01129916
"14743",99,161,0,0,0.04076258,0.91352527,0.61164188,0.78832672,0.74839577,0
"14744",100,161,0,0.22708669,0,0.91352527,0.61164188,0.78832672,0.74839577,0
"14745",101,161,0,0.24021846,0,0.91352527,0.61164188,0.78832672,0.74839577,0
"14746",102,161,0,0.23346941,0,0.91352527,0.61164188,0.78832672,0.74839577,0.00587851
"14747",103,161,0,0.20378145,0,0.91352527,0.61164188,0.78832672,0.74839577,0
"14748",104,161,0,0,0,0.91352527,0.61164188,0.78832672,0.74839577,0
"14749",105,161,0,0,0,0.91352527,0.61164188,0.78832672,0.74839577,0
"14750",106,161,0,0,0,0.91352527,0.61164188,0.78832672,0.74839577,0
"14751",107,161,0,0.2876679,0,0.91352527,0.61164188,0.78832672,0.74839577,0
"14752",108,161,0,0,0,0.91352527,0.61164188,0.78832672,0.74839577,0
"14753",109,161,0,0,0,0.91352527,0.61164188,0.78832672,0.74839577,0
"14754",110,161,0,0,0,0.91352527,0.61164188,0.78832672,0.74839577,0
"14755",111,161,0,0,0,0.91352527,0.61164188,0.78832672,0.74839577,0
"14756",112,161,0,0,0,0.91252714,0.6113724,0.78832672,0.74839577,0
"14757",113,161,0,0,0,0.91252714,0.6113724,0.78832672,0.74839577,0
"14758",114,161,0,0,0,0.91252714,0.6113724,0.78832672,0.74839577,0
"14759",115,161,0,0,0,0.91252714,0.6113724,0.78832672,0.74839577,0
"14760",116,161,0,0,0,0.91252714,0.6113724,0.78832672,0.74839577,0
"14761",117,161,0,0,0,0.91252714,0.6113724,0.78832672,0.74839577,0
"14762",118,161,0,0,0,0.91252714,0.6113724,0.78832672,0.74839577,0
"14763",119,161,0,0,0,0.91252714,0.6113724,0.78832672,0.74839577,0
"14764",120,161,0,0,0,0.91252714,0.6113724,0.78832672,0.74839577,0.00586426
"14765",121,161,0,0,0,0.91252714,0.6113724,0.78832672,0.74839577,0.00065014
"14766",122,161,0,0,0,0.91252714,0.6113724,0.78832672,0.74839577,0.05278701
"14767",123,161,0,0,0,0.91252714,0.6113724,0.78832672,0.74839577,0.02760629
"14768",124,161,0,0,0,0.91252714,0.6113724,0.78832672,0.74839577,0.061661
"14769",125,161,0,0,0,0.91252714,0.6113724,0.78832672,0.74839577,0.01995932
"14770",126,161,0,0,0,0.91252714,0.6113724,0.78832672,0.74839577,0
"14771",127,161,0,0,0,0.91252714,0.6113724,0.78832672,0.74839577,0
"14772",128,161,0,0,0,0.91252714,0.6113724,0.78832672,0.74839577,0.04642863
"14773",129,161,0,0.1406745,0,0.91252714,0.6113724,0.78832672,0.74839577,0
"14774",130,161,0,0.14126695,0,0.91252714,0.6113724,0.78832672,0.74839577,0.0208291
"14775",131,161,0,0.1410108,0,0.91252714,0.6113724,0.78832672,0.74839577,0
"14776",132,161,0,0,0,0.91252714,0.6113724,0.78832672,0.74839577,0.00927221
"14777",133,161,0,0,0,0.91252714,0.6113724,0.78832672,0.74839577,0
"14778",134,161,0,0,0,0.91252714,0.6113724,0.78832672,0.74839577,0
"14779",135,161,0,0,0,0.91252714,0.6113724,0.78832672,0.74839577,0.00619419
"14780",136,161,0,0,0,0.91252714,0.6113724,0.78832672,0.74839577,0
"14781",137,161,0,0,0,0.91252714,0.6113724,0.78832672,0.74839577,0
"14782",93,162,0,0,0,0.32168392,0.21538031,0.27759717,0.2635361,0
"14783",94,162,0,0,0.02661411,0.60150156,0.40272947,0.51906583,0.4927737,0
"14784",95,162,0,0,0.03406532,0.76926169,0.51505161,0.66383445,0.63020938,0.00883272
"14785",96,162,0,0.23321436,0,0.9086396,0.60837073,0.78411064,0.74439324,0
"14786",97,162,0,0.23052374,0,0.90134416,0.60348614,0.77781504,0.73841653,0
"14787",98,162,0,0.23200902,0,0.90394341,0.60522644,0.78005805,0.74054593,0
"14788",99,162,0,0.21196817,0,0.83215416,0.55716065,0.71810752,0.68173337,0
"14789",100,162,0,0.19020548,0,0.81833339,0.54790709,0.70618088,0.67041084,0.00291361
"14790",101,162,0,0.20827261,0,0.88488469,0.59246586,0.76361134,0.72493229,0.01695329
"14791",102,162,0,0.19082691,0,0.8190746,0.54840336,0.70682051,0.67101807,0.00107147
"14792",103,162,0,0.19913498,0,0.87799542,0.58785322,0.75766624,0.71928833,0.00304803
"14793",104,162,0,0.21762392,0,0.9086396,0.60837073,0.78411064,0.74439324,0
"14794",105,162,0,0,0,0.9086396,0.60837073,0.78411064,0.74439324,0
"14795",106,162,0,0,0,0.9086396,0.60837073,0.78411064,0.74439324,0
"14796",107,162,0,0,0,0.9086396,0.60837073,0.78411064,0.74439324,0
"14797",108,162,0,0,0,0.9086396,0.60837073,0.78411064,0.74439324,0
"14798",109,162,0,0,0,0.90764682,0.60810269,0.78411064,0.74439324,0
"14799",110,162,0,0,0,0.9086396,0.60837073,0.78411064,0.74439324,0.01065506
"14800",111,162,0,0,0,0.90764682,0.60810269,0.78411064,0.74439324,0
"14801",112,162,0,0,0,0.90764682,0.60810269,0.78411064,0.74439324,0
"14802",113,162,0,0,0,0.90764682,0.60810269,0.78411064,0.74439324,0
"14803",114,162,0,0,0,0.90764682,0.60810269,0.78411064,0.74439324,0
"14804",115,162,0,0,0,0.90764682,0.60810269,0.78411064,0.74439324,0
"14805",116,162,0,0,0,0.90764682,0.60810269,0.78411064,0.74439324,0
"14806",117,162,0,0,0,0.90764682,0.60810269,0.78411064,0.74439324,0
"14807",118,162,0,0,0,0.90764682,0.60810269,0.78411064,0.74439324,0.00846332
"14808",119,162,0,0,0,0.90764682,0.60810269,0.78411064,0.74439324,0.00828777
"14809",120,162,0,0,0,0.90764682,0.60810269,0.78411064,0.74439324,0.01025524
"14810",121,162,0,0,0,0.90764682,0.60810269,0.78411064,0.74439324,0.03624117
"14811",122,162,0,0,0,0.90764682,0.60810269,0.78411064,0.74439324,0.03424936
"14812",123,162,0,0,0,0.90764682,0.60810269,0.78411064,0.74439324,0.00597159
"14813",124,162,0,0,0,0.90764682,0.60810269,0.78411064,0.74439324,0.00720572
"14814",125,162,0,0,0,0.90764682,0.60810269,0.78411064,0.74439324,0.00267255
"14815",126,162,0,0,0,0.90764682,0.60810269,0.78411064,0.74439324,0
"14816",127,162,0,0,0,0.90764682,0.60810269,0.78411064,0.74439324,0.0088719
"14817",128,162,0,0,0,0.90764682,0.60810269,0.78411064,0.74439324,0
"14818",129,162,0,0,0,0.90764682,0.60810269,0.78411064,0.74439324,0
"14819",130,162,0,0,0,0.90764682,0.60810269,0.78411064,0.74439324,0.0034451
"14820",131,162,0,0,0,0.90764682,0.60810269,0.78411064,0.74439324,0.00369932
"14821",132,162,0,0,0,0.90764682,0.60810269,0.78411064,0.74439324,0
"14822",133,162,0,0,0,0.90764682,0.60810269,0.78411064,0.74439324,0.01191149
"14823",134,162,0,0,0,0.90764682,0.60810269,0.78411064,0.74439324,0
"14824",135,162,0,0,0,0.90764682,0.60810269,0.78411064,0.74439324,0.00956778
"14825",136,162,0,0,0,0.90764682,0.60810269,0.78411064,0.74439324,0
"14826",93,163,0,0,0,0.27358235,0.18317438,0.23608792,0.2241294,0
"14827",94,163,0,0,0,0.62660721,0.41953871,0.54073076,0.51334123,0.02460834
"14828",95,163,0,0,0,0.57373388,0.38413789,0.49510371,0.47002533,0
"14829",96,163,0,0,0.03532125,0.79158029,0.52999481,0.68309429,0.64849366,0
"14830",97,163,0,0,0.03434061,0.7752225,0.51904262,0.66897833,0.63509271,0
"14831",98,163,0,0,0.02986571,0.67509828,0.45200543,0.58257613,0.55306702,0
"14832",99,163,0,0,0.03164102,0.71261173,0.47712219,0.61494836,0.58379951,0.01316987
"14833",100,163,0,0,0.03407216,0.76565286,0.51263536,0.66072021,0.62725289,0.00571176
"14834",101,163,0,0.21349461,0.03500885,0.81268484,0.54412516,0.70130646,0.66578333,0
"14835",102,163,0,0.19016114,0,0.8748411,0.58574127,0.75494422,0.71670418,0
"14836",103,163,0,0.18615859,0.03366047,0.7813839,0.52316792,0.67429531,0.64014037,0.00635422
"14837",104,163,0,0.17287864,0,0.82004973,0.54905625,0.707662,0.67181694,0.02894456
"14838",105,163,0,0.18984791,0,0.90268657,0.60438493,0.77897347,0.73951628,0.00364044
"14839",106,163,0,0.18972831,0,0.90374616,0.60509437,0.77988784,0.74038434,0
"14840",107,163,0,0,0,0.90374616,0.60509437,0.77988784,0.74038434,0
"14841",108,163,0,0,0,0.90275872,0.60482778,0.77988784,0.74038434,0
"14842",109,163,0,0,0,0.90275872,0.60482778,0.77988784,0.74038434,0.00787891
"14843",110,163,0,0,0,0.90275872,0.60482778,0.77988784,0.74038434,0
"14844",111,163,0,0,0,0.90275872,0.60482778,0.77988784,0.74038434,0
"14845",112,163,0,0,0,0.90275872,0.60482778,0.77988784,0.74038434,0
"14846",113,163,0,0,0,0.90275872,0.60482778,0.77988784,0.74038434,0.02050986
"14847",114,163,0,0,0,0.90275872,0.60482778,0.77988784,0.74038434,0
"14848",115,163,0,0,0,0.90275872,0.60482778,0.77988784,0.74038434,0.00935664
"14849",116,163,0,0,0,0.90275872,0.60482778,0.77988784,0.74038434,0
"14850",117,163,0,0,0,0.90275872,0.60482778,0.77988784,0.74038434,0
"14851",118,163,0,0,0,0.90275872,0.60482778,0.77988784,0.74038434,0.01656802
"14852",119,163,0,0,0,0.90275872,0.60482778,0.77988784,0.74038434,0.00831015
"14853",120,163,0,0,0,0.90275872,0.60482778,0.77988784,0.74038434,0.00534468
"14854",121,163,0,0,0,0.90275872,0.60482778,0.77988784,0.74038434,0
"14855",122,163,0,0,0,0.90275872,0.60482778,0.77988784,0.74038434,0
"14856",123,163,0,0,0,0.90275872,0.60482778,0.77988784,0.74038434,0
"14857",124,163,0,0,0,0.90275872,0.60482778,0.77988784,0.74038434,0.00280521
"14858",125,163,0,0,0,0.90275872,0.60482778,0.77988784,0.74038434,0.01218593
"14859",126,163,0,0,0,0.90275872,0.60482778,0.77988784,0.74038434,0
"14860",127,163,0,0,0,0.90275872,0.60482778,0.77988784,0.74038434,0.00711633
"14861",128,163,0,0,0,0.90275872,0.60482778,0.77988784,0.74038434,0
"14862",129,163,0,0,0,0.90275872,0.60482778,0.77988784,0.74038434,0
"14863",130,163,0,0,0,0.90275872,0.60482778,0.77988784,0.74038434,0.00852231
"14864",131,163,0,0,0,0.90275872,0.60482778,0.77988784,0.74038434,0
"14865",132,163,0,0,0,0.90275872,0.60482778,0.77988784,0.74038434,0
"14866",133,163,0,0,0,0.90275872,0.60482778,0.77988784,0.74038434,0
"14867",134,163,0,0,0,0.90275872,0.60482778,0.77988784,0.74038434,0
"14868",135,163,0,0,0,0.90275872,0.60482778,0.77988784,0.74038434,0
"14869",136,163,0,0,0,0.90275872,0.60482778,0.77988784,0.74038434,0
"14870",95,164,0,0,0,0.46101127,0.30866557,0.39782972,0.37767854,0
"14871",96,164,0,0,0,0.53043019,0.35514433,0.45773479,0.43454924,0.00914709
"14872",97,164,0,0,0.03527885,0.79063016,0.52935866,0.68227438,0.64771527,0.02709122
"14873",98,164,0,0,0.03806865,0.85315203,0.57121957,0.73622763,0.69893564,0.00619208
"14874",99,164,0,0,0,0.77665158,0.51999945,0.67021156,0.63626348,0
"14875",100,164,0,0.20031892,0.03129256,0.72641584,0.4863646,0.62686062,0.59510838,0.0160987
"14876",101,164,0,0.19204417,0,0.83508956,0.55912602,0.72064062,0.68413816,0
"14877",102,164,0,0.20474958,0,0.89884493,0.6018128,0.77565833,0.73636906,0
"14878",103,164,0,0.18442868,0,0.845636,0.56618729,0.72974167,0.69277822,0
"14879",104,164,0,0.18387766,0,0.89884493,0.6018128,0.77565833,0.73636906,0
"14880",105,164,0,0.16555017,0,0.79355278,0.53131548,0.68479645,0.6501096,0.00576673
"14881",106,164,0,0.19390487,0,0.82674342,0.55353795,0.71343832,0.67730068,0
"14882",107,164,0,0.22716798,0,0.88508194,0.59259793,0.76378155,0.72509388,0
"14883",108,164,0,0,0,0.89786285,0.60154766,0.77565833,0.73636906,0
"14884",109,164,0,0,0,0.89884493,0.6018128,0.77565833,0.73636906,0.00682142
"14885",110,164,0,0,0,0.89786285,0.60154766,0.77565833,0.73636906,0
"14886",111,164,0,0,0,0.89786285,0.60154766,0.77565833,0.73636906,0
"14887",112,164,0,0,0,0.89786285,0.60154766,0.77565833,0.73636906,0
"14888",113,164,0,0,0,0.89786285,0.60154766,0.77565833,0.73636906,0
"14889",114,164,0,0,0,0.89786285,0.60154766,0.77565833,0.73636906,0
"14890",115,164,0,0,0,0.89786285,0.60154766,0.77565833,0.73636906,0
"14891",116,164,0,0,0,0.89786285,0.60154766,0.77565833,0.73636906,0
"14892",117,164,0,0,0,0.89786285,0.60154766,0.77565833,0.73636906,0.00510996
"14893",118,164,0,0,0,0.89786285,0.60154766,0.77565833,0.73636906,0.01575553
"14894",119,164,0,0,0,0.89786285,0.60154766,0.77565833,0.73636906,0
"14895",120,164,0,0,0,0.89786285,0.60154766,0.77565833,0.73636906,0
"14896",121,164,0,0,0,0.89786285,0.60154766,0.77565833,0.73636906,0
"14897",122,164,0,0,0,0.89786285,0.60154766,0.77565833,0.73636906,0
"14898",123,164,0,0,0,0.89786285,0.60154766,0.77565833,0.73636906,0.01761157
"14899",124,164,0,0,0,0.89786285,0.60154766,0.77565833,0.73636906,0.00649445
"14900",125,164,0,0,0,0.89786285,0.60154766,0.77565833,0.73636906,0
"14901",126,164,0,0,0,0.89786285,0.60154766,0.77565833,0.73636906,0
"14902",127,164,0,0,0,0.89786285,0.60154766,0.77565833,0.73636906,0.00850775
"14903",128,164,0,0,0,0.89786285,0.60154766,0.77565833,0.73636906,0
"14904",129,164,0,0,0,0.89786285,0.60154766,0.77565833,0.73636906,0
"14905",130,164,0,0,0,0.89786285,0.60154766,0.77565833,0.73636906,0
"14906",131,164,0,0,0,0.89786285,0.60154766,0.77565833,0.73636906,0
"14907",132,164,0,0,0,0.89786285,0.60154766,0.77565833,0.73636906,0
"14908",133,164,0,0,0,0.89786285,0.60154766,0.77565833,0.73636906,0
"14909",134,164,0,0,0,0.89786285,0.60154766,0.77565833,0.73636906,0
"14910",135,164,0,0,0,0.89786285,0.60154766,0.77565833,0.73636906,0
"14911",136,164,0,0,0,0.89786285,0.60154766,0.77565833,0.73636906,0
"14912",97,165,0,0.11839038,0,0.45116326,0.30207193,0.38933138,0.36961066,0.0172352
"14913",98,165,0,0.1484807,0,0.59008834,0.39508786,0.50921679,0.48342354,0.00938267
"14914",99,165,0,0.14400312,0.02197076,0.51002241,0.3414805,0.44012389,0.41783038,0
"14915",100,165,0,0.18926103,0.03083749,0.71585217,0.4792918,0.6177447,0.58645421,0.03982946
"14916",101,165,0,0.21486795,0,0.89393537,0.59852566,0.77142162,0.73234696,0
"14917",102,165,0,0.17107972,0,0.75200044,0.50349452,0.64893886,0.61606829,0
"14918",103,165,0,0.17039796,0,0.76731086,0.51374546,0.66215099,0.62861119,0.00362115
"14919",104,165,0,0.19046798,0,0.89393537,0.59852566,0.77142162,0.73234696,0
"14920",105,165,0,0.17802577,0,0.83956128,0.56212002,0.72449949,0.68780157,0.02018823
"14921",106,165,0,0.13866478,0,0.64367287,0.43096486,0.55545757,0.52732209,0
"14922",107,165,0,0.16926853,0,0.79426843,0.53179464,0.68541402,0.65069589,0.00568561
"14923",108,165,0,0.17411126,0,0.84837582,0.56802171,0.732106,0.69502279,0
"14924",109,165,0,0,0,0.89393537,0.59852566,0.77142162,0.73234696,0
"14925",110,165,0,0,0,0.89393537,0.59852566,0.77142162,0.73234696,0
"14926",111,165,0,0,0,0.89393537,0.59852566,0.77142162,0.73234696,0
"14927",112,165,0,0,0,0.89295865,0.59826196,0.77142162,0.73234696,0
"14928",113,165,0,0,0,0.89295865,0.59826196,0.77142162,0.73234696,0.01858466
"14929",114,165,0,0,0,0.89295865,0.59826196,0.77142162,0.73234696,0.00862955
"14930",115,165,0,0,0,0.89295865,0.59826196,0.77142162,0.73234696,0
"14931",116,165,0,0,0,0.89295865,0.59826196,0.77142162,0.73234696,0
"14932",117,165,0,0,0,0.89295865,0.59826196,0.77142162,0.73234696,0
"14933",118,165,0,0,0,0.89295865,0.59826196,0.77142162,0.73234696,0
"14934",119,165,0,0,0,0.89295865,0.59826196,0.77142162,0.73234696,0
"14935",120,165,0,0,0,0.89295865,0.59826196,0.77142162,0.73234696,0
"14936",121,165,0,0,0,0.89295865,0.59826196,0.77142162,0.73234696,0
"14937",122,165,0,0,0,0.89295865,0.59826196,0.77142162,0.73234696,0
"14938",123,165,0,0,0,0.89295865,0.59826196,0.77142162,0.73234696,0
"14939",124,165,0,0,0,0.89295865,0.59826196,0.77142162,0.73234696,0
"14940",125,165,0,0,0,0.89295865,0.59826196,0.77142162,0.73234696,0
"14941",126,165,0,0,0,0.89295865,0.59826196,0.77142162,0.73234696,0
"14942",127,165,0,0,0,0.89295865,0.59826196,0.77142162,0.73234696,0
"14943",128,165,0,0,0,0.89295865,0.59826196,0.77142162,0.73234696,0.02066013
"14944",129,165,0,0,0,0.89295865,0.59826196,0.77142162,0.73234696,0
"14945",130,165,0,0,0,0.89295865,0.59826196,0.77142162,0.73234696,0
"14946",131,165,0,0,0,0.89295865,0.59826196,0.77142162,0.73234696,0
"14947",132,165,0,0,0,0.89295865,0.59826196,0.77142162,0.73234696,0
"14948",133,165,0,0,0,0.89295865,0.59826196,0.77142162,0.73234696,0
"14949",134,165,0,0,0,0.89295865,0.59826196,0.77142162,0.73234696,0
"14950",135,165,0,0,0,0.89295865,0.59826196,0.77142162,0.73234696,0
"14951",136,165,0,0,0,0.89295865,0.59826196,0.77142162,0.73234696,0
"14952",137,165,0,0,0,0.89295865,0.59826196,0.77142162,0.73234696,0
"14953",99,166,0,0.13714216,0,0.48475729,0.32456449,0.41832135,0.39713221,0.01830936
"14954",100,166,0,0.09391022,0.01297611,0.33295712,0.22292817,0.28732538,0.27277155,0.05670244
"14955",101,166,0,0.13300347,0.01925475,0.4469738,0.29926692,0.38571608,0.36617849,0.07458631
"14956",102,166,0,0.13649057,0.02270864,0.52715141,0.35294905,0.45490536,0.43186314,0.06803713
"14957",103,166,0,0.17404679,0.0294411,0.68343664,0.45758829,0.58977171,0.55989813,0.03488515
"14958",104,166,0,0.18053487,0.03050613,0.70816001,0.47414159,0.61110675,0.58015249,0.01492743
"14959",105,166,0,0.17753955,0.02869953,0.66622206,0.44606245,0.5749164,0.54579528,0.00667876
"14960",106,166,0,0.18267492,0,0.88901748,0.59523293,0.76717772,0.72831803,0.00521512
"14961",107,166,0,0.18454606,0,0.88901748,0.59523293,0.76717772,0.72831803,0.00891863
"14962",108,166,0,0.18973244,0,0.88901748,0.59523293,0.76717772,0.72831803,0
"14963",109,166,0,0.2062916,0,0.88901748,0.59523293,0.76717772,0.72831803,0
"14964",110,166,0,0,0,0.88901748,0.59523293,0.76717772,0.72831803,0
"14965",111,166,0,0,0,0.88901748,0.59523293,0.76717772,0.72831803,0
"14966",112,166,0,0,0,0.88901748,0.59523293,0.76717772,0.72831803,0
"14967",113,166,0,0,0,0.88901748,0.59523293,0.76717772,0.72831803,0
"14968",114,166,0,0,0,0.88901748,0.59523293,0.76717772,0.72831803,0
"14969",115,166,0,0,0,0.88901748,0.59523293,0.76717772,0.72831803,0
"14970",116,166,0,0,0,0.88901748,0.59523293,0.76717772,0.72831803,0
"14971",117,166,0,0,0,0.88901748,0.59523293,0.76717772,0.72831803,0
"14972",118,166,0,0,0,0.88901748,0.59523293,0.76717772,0.72831803,0
"14973",119,166,0,0,0,0.88837591,0.59523293,0.76717772,0.72831803,0
"14974",120,166,0,0,0,0.88837591,0.59523293,0.76717772,0.72831803,0
"14975",121,166,0,0,0,0.88837591,0.59523293,0.76717772,0.72831803,0.00945837
"14976",122,166,0,0,0,0.88837591,0.59523293,0.76717772,0.72831803,0
"14977",123,166,0,0,0,0.88837591,0.59523293,0.76717772,0.72831803,0
"14978",124,166,0,0,0,0.88804613,0.59497068,0.76717772,0.72831803,0
"14979",125,166,0,0,0,0.88804613,0.59497068,0.76717772,0.72831803,0
"14980",126,166,0,0,0,0.88804613,0.59497068,0.76717772,0.72831803,0
"14981",127,166,0,0,0,0.88804613,0.59497068,0.76717772,0.72831803,0
"14982",128,166,0,0,0,0.88804613,0.59497068,0.76717772,0.72831803,0
"14983",129,166,0,0,0,0.88804613,0.59497068,0.76717772,0.72831803,0.00530979
"14984",130,166,0,0,0,0.88804613,0.59497068,0.76717772,0.72831803,0.00506389
"14985",131,166,0,0,0,0.88804613,0.59497068,0.76717772,0.72831803,0.00795236
"14986",132,166,0,0,0,0.88804613,0.59497068,0.76717772,0.72831803,0
"14987",133,166,0,0,0,0.88837591,0.59523293,0.76717772,0.72831803,0
"14988",134,166,0,0,0,0.88837591,0.59523293,0.76717772,0.72831803,0
"14989",135,166,0,0,0,0.88837591,0.59523293,0.76717772,0.72831803,0
"14990",136,166,0,0,0,0.88837591,0.59523293,0.76717772,0.72831803,0
"14991",101,167,0,0.08948358,0.01378609,0.33749663,0.22596756,0.29124275,0.27649049,0.00355707
"14992",102,167,0,0.11561359,0.02014419,0.46762106,0.31309109,0.40353364,0.38309354,0.01898178
"14993",103,167,0,0.13824083,0.02343831,0.54408983,0.36429001,0.46952238,0.44573976,0.01258528
"14994",104,167,0,0.20232237,0.0336878,0.78201843,0.52359276,0.67484288,0.6406602,0.00574768
"14995",105,167,0,0.18506761,0.02996368,0.69556774,0.46571055,0.60024025,0.5698364,0.01879803
"14996",106,167,0,0.18033062,0.02857028,0.66322165,0.44405355,0.57232719,0.54333722,0.04131266
"14997",107,167,0,0.14612298,0,0.66964642,0.44835519,0.57787145,0.54860064,0
"14998",108,167,0,0.14139305,0.02371163,0.55043459,0.36853808,0.47499758,0.45093763,0
"14999",109,167,0,0.17305107,0.030459,0.70706597,0.47340908,0.61016265,0.57925621,0.00590101
"15000",110,167,0,0.18309193,0,0.84175214,0.56358688,0.72639009,0.68959641,0.02861121
"15001",111,167,0,0.19875493,0,0.88409236,0.59193537,0.76292759,0.72428318,0
"15002",112,167,0,0.18770179,0,0.88409236,0.59193537,0.76292759,0.72428318,0
"15003",113,167,0,0,0,0.88409236,0.59193537,0.76292759,0.72428318,0
"15004",114,167,0,0,0,0.88409236,0.59193537,0.76292759,0.72428318,0
"15005",115,167,0,0,0,0.88409236,0.59193537,0.76292759,0.72428318,0.01434886
"15006",116,167,0,0,0,0.88409236,0.59193537,0.76292759,0.72428318,0.00923659
"15007",117,167,0,0,0,0.88409236,0.59193537,0.76292759,0.72428318,0.0056978
"15008",118,167,0,0,0,0.88409236,0.59193537,0.76292759,0.72428318,0
"15009",119,167,0,0,0,0.88345435,0.59193537,0.76292759,0.72428318,0
"15010",120,167,0,0,0,0.88345435,0.59193537,0.76292759,0.72428318,0
"15011",121,167,0,0,0,0.88345435,0.59193537,0.76292759,0.72428318,0.00654111
"15012",122,167,0,0,0,0.88345435,0.59193537,0.76292759,0.72428318,0.02260228
"15013",123,167,0,0,0,0.88345435,0.59193537,0.76292759,0.72428318,0
"15014",124,167,0,0,0,0.8831264,0.59167457,0.76292759,0.72428318,0
"15015",125,167,0,0,0,0.8831264,0.59167457,0.76292759,0.72428318,0
"15016",126,167,0,0,0,0.8831264,0.59167457,0.76292759,0.72428318,0
"15017",127,167,0,0,0,0.8831264,0.59167457,0.76292759,0.72428318,0
"15018",128,167,0,0,0,0.8831264,0.59167457,0.76292759,0.72428318,0
"15019",129,167,0,0,0,0.8831264,0.59167457,0.76292759,0.72428318,0
"15020",130,167,0,0,0,0.8831264,0.59167457,0.76292759,0.72428318,0
"15021",131,167,0,0,0,0.88345435,0.59193537,0.76292759,0.72428318,0.00459345
"15022",132,167,0,0,0,0.88345435,0.59193537,0.76292759,0.72428318,0.02724613
"15023",133,167,0,0,0,0.88345435,0.59193537,0.76292759,0.72428318,0
"15024",134,167,0,0,0,0.88345435,0.59193537,0.76292759,0.72428318,0
"15025",135,167,0,0,0,0.88345435,0.59193537,0.76292759,0.72428318,0
"15026",136,167,0,0,0,0.8724948,0.59169828,0.76404571,0.71906823,0.00165664
"15027",104,168,0,0.07365843,0.01303465,0.30258242,0.20259109,0.26111353,0.2478874,0.00664032
"15028",105,168,0,0.08837695,0.01554867,0.36094205,0.24166521,0.31147498,0.2956979,0.01852669
"15029",106,168,0,0.11714842,0.02074334,0.48152963,0.32240344,0.41553604,0.39448798,0.01552093
"15030",107,168,0,0.12782476,0.022674,0.52634741,0.35241075,0.45421155,0.43120447,0.04265142
"15031",108,168,0,0.14383383,0.02575213,0.59780217,0.40025258,0.51587344,0.48974301,0.00306179
"15032",109,168,0,0.17486496,0.03131752,0.72699536,0.48675261,0.62736072,0.59558315,0.01707997
"15033",110,168,0,0.18553114,0.03334074,0.77396177,0.51819851,0.66789039,0.63405988,0
"15034",111,168,0,0.17768132,0.0319263,0.74112729,0.4962145,0.63955587,0.60716058,0
"15035",112,168,0,0.19152494,0.0321206,0.74667916,0.4999317,0.64434686,0.61170889,0.01799514
"15036",113,168,0,0.15350132,0,0.73576711,0.49262565,0.63493031,0.60276931,0
"15037",114,168,0,0.16088505,0,0.74671694,0.499957,0.64437946,0.61173984,0
"15038",115,168,0,0.16826001,0,0.79149472,0.52993752,0.68302045,0.64842356,0.01711672
"15039",116,168,0,0.18199392,0,0.87157843,0.58355679,0.7521287,0.71403128,0
"15040",117,168,0,0.28300035,0,0.87915891,0.58863222,0.75867027,0.7202415,0
"15041",118,168,0,0,0,0.87852446,0.58863222,0.75867027,0.7202415,0
"15042",119,168,0,0,0,0.87852446,0.58863222,0.75867027,0.7202415,0
"15043",120,168,0,0,0,0.87852446,0.58863222,0.75867027,0.7202415,0
"15044",121,168,0,0,0,0.87852446,0.58863222,0.75867027,0.7202415,0.00834029
"15045",122,168,0,0,0,0.87852446,0.58863222,0.75867027,0.7202415,0
"15046",123,168,0,0,0,0.87852446,0.58863222,0.75867027,0.7202415,0.00258784
"15047",124,168,0,0,0,0.87852446,0.58863222,0.75867027,0.7202415,0.00826217
"15048",125,168,0,0,0,0.87852446,0.58863222,0.75867027,0.7202415,0
"15049",126,168,0,0,0,0.87852446,0.58863222,0.75867027,0.7202415,0
"15050",127,168,0,0,0,0.87852446,0.58863222,0.75867027,0.7202415,0
"15051",128,168,0,0,0,0.87852446,0.58863222,0.75867027,0.7202415,0
"15052",129,168,0,0,0,0.87852446,0.58863222,0.75867027,0.7202415,0
"15053",130,168,0,0,0,0.87852446,0.58863222,0.75867027,0.7202415,0
"15054",131,168,0,0,0,0.87852446,0.58863222,0.75867027,0.7202415,0
"15055",132,168,0,0,0,0.87852446,0.58863222,0.75867027,0.7202415,0
"15056",133,168,0,0,0,0.87852446,0.58863222,0.75867027,0.7202415,0
"15057",134,168,0,0,0,0.87852446,0.58863222,0.75867027,0.7202415,0
"15058",135,168,0,0,0,0.87852446,0.58863222,0.75867027,0.7202415,0
"15059",136,168,0,0,0,0.87852446,0.58863222,0.75867027,0.7202415,0
"15060",106,169,0,0.17230794,0.03048507,0.70767106,0.47381421,0.61068481,0.57975192,0.00679607
"15061",107,169,0,0.20740501,0.0371366,0.86207769,0.57719566,0.74393003,0.7062479,0.00592839
"15062",108,169,0,0.17443655,0.03123384,0.72505287,0.48545204,0.62568445,0.59399179,0.02311104
"15063",109,169,0,0.18461859,0.03304167,0.76701916,0.51355015,0.66189926,0.62837221,0
"15064",110,169,0,0.16635975,0.02979678,0.69169332,0.46311647,0.59689682,0.56666233,0
"15065",111,169,0,0.17340305,0.03105564,0.7209162,0.48268237,0.62211471,0.59060286,0.00618121
"15066",112,169,0,0.1451207,0.02601722,0.60395579,0.40437267,0.52118371,0.4947843,0.00361055
"15067",113,169,0,0.18433168,0.03253062,0.75515587,0.5056072,0.65166184,0.61865334,0.0159768
"15068",114,169,0,0.09926511,0.01765241,0.40977761,0.27436258,0.35361763,0.33570591,0
"15069",115,169,0,0.16127624,0.02887014,0.67132998,0.4494824,0.57932428,0.54997988,0.00901172
"15070",116,169,0,0.19716489,0,0.87396709,0.58515609,0.75418999,0.71598816,0.02146642
"15071",117,169,0,0.19666714,0,0.87421768,0.58532387,0.75440624,0.71619345,0
"15072",118,169,0,0.27871768,0,0.87421768,0.58532387,0.75440624,0.71619345,0
"15073",119,169,0,0.28178606,0,0.87421768,0.58532387,0.75440624,0.71619345,0
"15074",120,169,0,0.27825737,0,0.87421768,0.58532387,0.75440624,0.71619345,0
"15075",121,169,0,0.27099223,0,0.87358679,0.58532387,0.75440624,0.71619345,0.00892147
"15076",122,169,0,0.26645027,0,0.87358679,0.58532387,0.75440624,0.71619345,0.00779031
"15077",123,169,0,0,0,0.87358679,0.58532387,0.75440624,0.71619345,0
"15078",124,169,0,0,0,0.87358679,0.58532387,0.75440624,0.71619345,0.0024114
"15079",125,169,0,0,0,0.87358679,0.58532387,0.75440624,0.71619345,0
"15080",126,169,0,0,0,0.87358679,0.58532387,0.75440624,0.71619345,0
"15081",127,169,0,0,0,0.87358679,0.58532387,0.75440624,0.71619345,0
"15082",128,169,0,0,0,0.87358679,0.58532387,0.75440624,0.71619345,0
"15083",129,169,0,0,0,0.87358679,0.58532387,0.75440624,0.71619345,0
"15084",130,169,0,0,0,0.87358679,0.58532387,0.75440624,0.71619345,0
"15085",131,169,0,0,0,0.87358679,0.58532387,0.75440624,0.71619345,0.00631779
"15086",132,169,0,0,0,0.87358679,0.58532387,0.75440624,0.71619345,0
"15087",133,169,0,0,0,0.87358679,0.58532387,0.75440624,0.71619345,0
"15088",134,169,0,0,0,0.87358679,0.58532387,0.75440624,0.71619345,0
"15089",135,169,0,0,0,0.87358679,0.58532387,0.75440624,0.71619345,0.00862642
"15090",136,169,0,0,0,0.87358679,0.58532387,0.75440624,0.71619345,0
"15091",109,170,0,0.0948405,0.01685768,0.39132898,0.26201048,0.33769738,0.32059207,0.00324321
"15092",110,170,0,0.09755284,0.01724637,0.40035188,0.26805167,0.34548369,0.32798398,0.0589055
"15093",111,170,0,0.08190515,0.01445716,0.33560415,0.22470047,0.28960964,0.2749401,0.00808833
"15094",112,170,0,0.14001839,0.0250643,0.58183499,0.38956191,0.50209456,0.47666207,0
"15095",113,170,0,0.1224033,0.02172483,0.50596241,0.33876217,0.43662031,0.41450427,0
"15096",114,170,0,0.17250134,0.0308901,0.71707345,0.48010949,0.61879861,0.58745473,0
"15097",115,170,0,0.18890801,0.0338385,0.78551668,0.52593499,0.6778617,0.64352611,0
"15098",116,170,0,0.19104228,0,0.86926867,0.58201031,0.75013549,0.71213903,0
"15099",117,170,0,0.19017659,0,0.86926867,0.58201031,0.75013549,0.71213903,0
"15100",118,170,0,0.18498749,0,0.86926867,0.58201031,0.75013549,0.71213903,0
"15101",119,170,0,0.25223637,0,0.86926867,0.58201031,0.75013549,0.71213903,0.01094478
"15102",120,170,0,0.25633331,0,0.86926867,0.58201031,0.75013549,0.71213903,0
"15103",121,170,0,0.25532852,0,0.86864136,0.58201031,0.75013549,0.71213903,0.00202184
"15104",122,170,0,0.26068898,0,0.86864136,0.58201031,0.75013549,0.71213903,0.01640119
"15105",123,170,0,0.26101447,0,0.86864136,0.58201031,0.75013549,0.71213903,0
"15106",124,170,0,0.26076209,0,0.86864136,0.58201031,0.75013549,0.71213903,0.00738928
"15107",125,170,0,0.2393576,0,0.86864136,0.58201031,0.75013549,0.71213903,0.0402877
"15108",126,170,0,0.26030625,0,0.86864136,0.58201031,0.75013549,0.71213903,0
"15109",127,170,0,0.27294291,0,0.86864136,0.58201031,0.75013549,0.71213903,0
"15110",128,170,0,0,0,0.86864136,0.58201031,0.75013549,0.71213903,0
"15111",129,170,0,0,0,0.86864136,0.58201031,0.75013549,0.71213903,0
"15112",130,170,0,0,0,0.86864136,0.58201031,0.75013549,0.71213903,0
"15113",131,170,0,0,0,0.86864136,0.58201031,0.75013549,0.71213903,0
"15114",132,170,0,0,0,0.86864136,0.58201031,0.75013549,0.71213903,0
"15115",133,170,0,0,0,0.86864136,0.58201031,0.75013549,0.71213903,0
"15116",134,170,0,0,0,0.86864136,0.58201031,0.75013549,0.71213903,0
"15117",135,170,0,0,0,0.86864136,0.58201031,0.75013549,0.71213903,0
"15118",136,170,0,0,0,0.86864136,0.58201031,0.75013549,0.71213903,0
"15119",112,171,0,0.09651719,0,0.40178096,0.2690085,0.34671692,0.32915474,0
"15120",113,171,0,0.09971462,0,0.4147694,0.27770478,0.3579253,0.33979538,0
"15121",114,171,0,0.14230831,0,0.59321376,0.39718045,0.51191388,0.48598401,0
"15122",115,171,0,0.15787307,0,0.65788093,0.44047772,0.56771841,0.53896189,0.00294405
"15123",116,171,0,0.1951382,0,0.82198555,0.55035236,0.70933251,0.67340284,0
"15124",117,171,0,0.19789244,0,0.83124214,0.55695195,0.71783853,0.681478,0
"15125",118,171,0,0.19556771,0,0.81707933,0.54746253,0.7056079,0.66986689,0.01752433
"15126",119,171,0,0.19786779,0,0.86112964,0.57697728,0.74364857,0.7059807,0
"15127",120,171,0,0.18761898,0,0.86368759,0.57869117,0.74585755,0.70807778,0.00320375
"15128",121,171,0,0.24929751,0,0.86368759,0.57869117,0.74585755,0.70807778,0.00796403
"15129",122,171,0,0.20045131,0,0.8636515,0.57866699,0.74582638,0.70804819,0.02070563
"15130",123,171,0,0.22018322,0,0.84898009,0.5688368,0.73315655,0.69602012,0.01773625
"15131",124,171,0,0.20594868,0,0.85311267,0.57160572,0.73672533,0.69940814,0.01202491
"15132",125,171,0,0.19515857,0,0.84328842,0.56502324,0.72824137,0.69135391,0.04882558
"15133",126,171,0,0.23441921,0,0.86368759,0.57869117,0.74585755,0.70807778,0.02996324
"15134",127,171,0,0.26025702,0,0.86368759,0.57869117,0.74585755,0.70807778,0
"15135",128,171,0,0.25892244,0,0.86368759,0.57869117,0.74585755,0.70807778,0
"15136",129,171,0,0.25389784,0,0.86368759,0.57869117,0.74585755,0.70807778,0
"15137",130,171,0,0.25387487,0,0.86368759,0.57869117,0.74585755,0.70807778,0.00894053
"15138",131,171,0,0.26218493,0,0.86368759,0.57869117,0.74585755,0.70807778,0
"15139",132,171,0,0.27952004,0,0.86368759,0.57869117,0.74585755,0.70807778,0
"15140",133,171,0,0.27952004,0,0.86368759,0.57869117,0.74585755,0.70807778,0
"15141",134,171,0,0.27752537,0,0.86368759,0.57869117,0.74585755,0.70807778,0
"15142",135,171,0,0,0,0.86368759,0.57869117,0.74585755,0.70807778,0
"15143",111,172,0,0.01353602,0,0.47336629,0.31693775,0.40849149,0.38780025,0.01567416
"15144",112,172,0,0,0,0.64712612,0.43327695,0.55843755,0.53015113,0
"15145",114,172,0,0.08839126,0,0.34109527,0.22854192,0.29456077,0.27964044,0
"15146",115,172,0,0.16866592,0,0.52537625,0.35201455,0.4537009,0.43071969,0
"15147",116,172,0,0.12104947,0,0.50794157,0.34008729,0.43832823,0.41612568,0.00834682
"15148",117,172,0,0.12801302,0,0.52992025,0.35505914,0.45762499,0.434445,0
"15149",118,172,0,0.12907458,0,0.53383518,0.35768223,0.46100582,0.43765458,0
"15150",119,172,0,0.13155635,0,0.54948269,0.36816643,0.47451858,0.45048289,0
"15151",120,172,0,0.25145889,0,0.76302598,0.5112455,0.65892887,0.62555228,0
"15152",121,172,0,0.2705701,0,0.8563691,0.57378761,0.73953749,0.70207785,0
"15153",122,172,0,0.24712224,0,0.85872661,0.57536719,0.74157338,0.70401061,0
"15154",123,172,0,0.14704197,0,0.56091322,0.37582516,0.48438968,0.45985399,0
"15155",124,172,0,0.06230731,0.0108361,0.25413286,0.17027504,0.21946235,0.20834597,0.0121914
"15156",125,172,0,0.13978275,0,0.59582611,0.39921762,0.51453952,0.48847666,0.03265413
"15157",126,172,0,0.14066346,0,0.58063667,0.38904034,0.50142233,0.47602389,0.2211319
"15158",127,172,0,0.14636784,0,0.56836052,0.38081503,0.49082098,0.46595952,0.0455755
"15159",128,172,0,0.13532838,0,0.57359857,0.38432464,0.49534441,0.47025383,0.0269087
"15160",129,172,0,0.18543442,0,0.7982981,0.53487866,0.68938893,0.65446946,0.06181808
"15161",130,172,0,0.23102219,0,0.85872661,0.57536719,0.74157338,0.70401061,0
"15162",131,172,0,0.25044409,0,0.85872661,0.57536719,0.74157338,0.70401061,0
"15163",132,172,0,0.25926055,0,0.85872661,0.57536719,0.74157338,0.70401061,0.00833455
"15164",133,172,0,0.26126761,0,0.85872661,0.57536719,0.74157338,0.70401061,0
"15165",134,172,0,0.25915855,0,0.85872661,0.57536719,0.74157338,0.70401061,0.01389495
"15166",135,172,0,0.26716037,0,0.85872661,0.57536719,0.74157338,0.70401061,0.00565893
"15167",136,172,0,0,0,0.85872661,0.57536719,0.74157338,0.70401061,0.00646102
"15168",114,173,0,0.0844179,0,0.26295269,0.17618454,0.22707893,0.21557674,0
"15169",115,173,0,0.16521374,0,0.5146231,0.34480968,0.44441477,0.42190392,0
"15170",116,173,0,0.19735228,0,0.75345547,0.50483304,0.65066403,0.61770608,0
"15171",117,173,0,0.20191281,0,0.71003312,0.47573903,0.61316565,0.5821071,0.00678414
"15172",118,173,0,0.15046397,0,0.53644366,0.35942997,0.46325842,0.43979309,0
"15173",120,173,0,0.07624961,0,0.31639084,0.21198937,0.27322669,0.25938699,0
"15174",121,173,0,0.18546927,0,0.56793244,0.3805282,0.4904513,0.46560857,0.00397973
"15175",122,173,0,0.16779594,0,0.57222937,0.38340725,0.49416201,0.46913132,0
"15176",123,173,0,0.13761144,0.02423689,0.56645775,0.37954013,0.48917779,0.46439957,0.00841492
"15177",124,173,0,0.2009498,0.03565582,0.83169799,0.55725738,0.71823218,0.68185172,0.00388676
"15178",125,173,0,0.15530786,0,0.58824166,0.39413586,0.50798979,0.48225869,0.00209323
"15179",126,173,0,0.08321188,0,0.42175859,0.28258826,0.36421946,0.34577073,0
"15180",128,173,0,0.07463785,0,0.34702901,0.23251767,0.29968499,0.28450511,0.00835486
"15181",129,173,0,0.18111608,0,0.75365424,0.50496622,0.65083569,0.61786904,0
"15182",130,173,0,0.19988284,0,0.85375785,0.57203801,0.73728249,0.69993707,0.00403209
"15183",131,173,0,0.22665621,0,0.85375785,0.57203801,0.73728249,0.69993707,0
"15184",132,173,0,0.25553786,0,0.85375785,0.57203801,0.73728249,0.69993707,0.00866913
"15185",133,173,0,0.27312256,0,0.85375785,0.57203801,0.73728249,0.69993707,0.01210459
"15186",134,173,0,0.27630642,0,0.85375785,0.57203801,0.73728249,0.69993707,0.0068713
"15187",135,173,0,0.27234336,0,0.85375785,0.57203801,0.73728249,0.69993707,0.00914144
"15188",136,173,0,0.27630642,0,0.85375785,0.57203801,0.73728249,0.69993707,0
"15189",115,174,0,0.08009515,0,0.2494878,0.16716274,0.215451,0.20453781,0
"15190",116,174,0,0.15502639,0,0.48289057,0.32354813,0.41701141,0.39588861,0.00678791
"15191",121,174,0,0.06174777,0,0.29319609,0.19644834,0.25319632,0.24037122,0.02735698
"15192",122,174,0,0.13756727,0,0.59304662,0.3973553,0.51213923,0.48619795,0.01251294
"15193",123,174,0,0.15218499,0,0.63429303,0.42499137,0.54775853,0.52001303,0
"15194",124,174,0,0.17845922,0,0.74258017,0.49754633,0.64127242,0.60879018,0.00536875
"15195",125,174,0,0.26909283,0,0.84878132,0.56870361,0.73298489,0.69585716,0
"15196",126,174,0,0.25821516,0,0.84878132,0.56870361,0.73298489,0.69585716,0
"15197",127,174,0,0.23412596,0,0.81836246,0.54832226,0.70671598,0.67091884,0.0082176
"15198",128,174,0,0.17565724,0,0.65353731,0.4378855,0.56437738,0.53579009,0
"15199",129,174,0,0.14298411,0,0.5665116,0.37957621,0.4892243,0.46444372,0
"15200",130,174,0,0.0905487,0,0.37407651,0.25064013,0.32304249,0.30667949,0.00230388
"15201",131,174,0,0.09559385,0,0.46063083,0.30863358,0.39778849,0.37763939,0.03460642
"15202",132,174,0,0.14431197,0,0.65356119,0.4379015,0.564398,0.53580966,0.03109137
"15203",133,174,0,0.22526826,0,0.84878132,0.56870361,0.73298489,0.69585716,0.01263219
"15204",134,174,0,0.24300689,0,0.84878132,0.56870361,0.73298489,0.69585716,0
"15205",135,174,0,0.25903187,0,0.84878132,0.56870361,0.73298489,0.69585716,0
"15206",136,174,0,0.27015182,0,0.84878132,0.56870361,0.73298489,0.69585716,0
"15207",137,174,0,0.26686193,0,0.84878132,0.56870361,0.73298489,0.69585716,0.00300461
"15208",123,175,0,0.09740274,0,0.34787796,0.23308649,0.30041812,0.28520111,0.00376056
"15209",124,175,0,0.16343287,0.02914454,0.67606412,0.452979,0.58383093,0.55425826,0.00056404
"15210",125,175,0,0.19346037,0.03495799,0.81091849,0.54333462,0.70028756,0.66481604,0.0081242
"15211",126,175,0,0.25313885,0,0.84379757,0.56536438,0.72868106,0.69177133,0
"15212",127,175,0,0.16413124,0,0.84276817,0.56467466,0.7277921,0.6909274,0
"15213",128,175,0,0.23738807,0,0.78039636,0.52288407,0.67392947,0.63979306,0
"15214",129,175,0,0.21943149,0,0.75670246,0.50700859,0.65346805,0.62036806,0
"15215",130,175,0,0.10962631,0,0.39127866,0.26216598,0.33789781,0.32078234,0.00485036
"15216",131,175,0,0.11879981,0,0.44800322,0.30017278,0.38688362,0.36728689,0.00901666
"15217",132,175,0,0.15883212,0,0.74334639,0.49805971,0.6419341,0.60941835,0.0199822
"15218",133,175,0,0.24711624,0,0.84379757,0.56536438,0.72868106,0.69177133,0.00138506
"15219",134,175,0,0.26095279,0,0.84379757,0.56536438,0.72868106,0.69177133,0
"15220",135,175,0,0.26322995,0,0.84379757,0.56536438,0.72868106,0.69177133,0
"15221",136,175,0,0.25985739,0,0.84379757,0.56536438,0.72868106,0.69177133,0
"15222",137,175,0,0.25418259,0,0.84379757,0.56536438,0.72868106,0.69177133,0
"15223",138,175,0,0.27308287,0,0.84379757,0.56536438,0.72868106,0.69177133,0
"15224",139,175,0,0.27572584,0,0.84379757,0.56536438,0.72868106,0.69177133,0
"15225",124,176,0,0.14279388,0,0.44363744,0.29724761,0.38311346,0.36370769,0
"15226",125,176,0,0.2464616,0,0.78162953,0.52371032,0.6749944,0.64080405,0
"15227",126,176,0,0.26255616,0,0.83880605,0.56201995,0.72437051,0.68767912,0
"15228",127,176,0,0.25914116,0,0.83880605,0.56201995,0.72437051,0.68767912,0
"15229",128,176,0,0.2657846,0,0.83880605,0.56201995,0.72437051,0.68767912,0
"15230",129,176,0,0.2575958,0,0.83880605,0.56201995,0.72437051,0.68767912,0
"15231",130,176,0,0.24726833,0,0.83880605,0.56201995,0.72437051,0.68767912,0
"15232",131,176,0,0.19586972,0,0.66317667,0.4443441,0.57270167,0.54369273,0.01257175
"15233",132,176,0,0.20380571,0,0.7091292,0.47513339,0.61238505,0.58136604,0.02183821
"15234",133,176,0,0.23409248,0,0.83880605,0.56201995,0.72437051,0.68767912,0.02315692
"15235",134,176,0,0.25151605,0,0.83880605,0.56201995,0.72437051,0.68767912,0
"15236",135,176,0,0.25039461,0,0.83880605,0.56201995,0.72437051,0.68767912,0
"15237",136,176,0,0.27050202,0,0.83880605,0.56201995,0.72437051,0.68767912,0
"15238",137,176,0,0.26880411,0,0.83880605,0.56201995,0.72437051,0.68767912,0
"15239",138,176,0,0.26424191,0,0.83880605,0.56201995,0.72437051,0.68767912,0
"15240",139,176,0,0.26543762,0,0.83880605,0.56201995,0.72437051,0.68767912,0
"15241",140,176,0,0.27146749,0,0.83880605,0.56201995,0.72437051,0.68767912,0
"15242",141,176,0,0,0,0.83880605,0.56201995,0.72437051,0.68767912,0
"15243",142,176,0,0,0,0.83880605,0.56201995,0.72437051,0.68767912,0
"15244",144,176,0,0,0,0.83880605,0.56201995,0.72437051,0.68767912,0
"15245",145,176,0,0,0,0.83880605,0.56201995,0.72437051,0.68767912,0
"15246",146,176,0,0,0,0.83880605,0.56201995,0.72437051,0.68767912,0
"15247",147,176,0,0,0,0.83880605,0.56201995,0.72437051,0.68767912,0
"15248",125,177,0,0.06186223,0,0.22208329,0.14880107,0.1917852,0.18207074,0
"15249",126,177,0,0.20405993,0,0.62884344,0.42134002,0.54305241,0.51554529,0
"15250",127,177,0,0.25897325,0,0.83321155,0.5582715,0.71953925,0.68309258,0
"15251",128,177,0,0.25425006,0,0.83380675,0.5586703,0.72005326,0.68358055,0
"15252",129,177,0,0.2621258,0,0.83380675,0.5586703,0.72005326,0.68358055,0
"15253",130,177,0,0.25164744,0,0.83380675,0.5586703,0.72005326,0.68358055,0
"15254",131,177,0,0.2441799,0,0.82545498,0.55307441,0.71284089,0.6767335,0
"15255",132,177,0,0.24539305,0,0.83380675,0.5586703,0.72005326,0.68358055,0
"15256",133,177,0,0.25422143,0,0.83380675,0.5586703,0.72005326,0.68358055,0
"15257",134,177,0,0.25350225,0,0.83380675,0.5586703,0.72005326,0.68358055,0
"15258",135,177,0,0.25296573,0,0.83380675,0.5586703,0.72005326,0.68358055,0
"15259",136,177,0,0.25752579,0,0.83380675,0.5586703,0.72005326,0.68358055,0
"15260",137,177,0,0.25166106,0,0.83380675,0.5586703,0.72005326,0.68358055,0
"15261",138,177,0,0.24814528,0,0.83380675,0.5586703,0.72005326,0.68358055,0.01013985
"15262",139,177,0,0.24964392,0,0.83380675,0.5586703,0.72005326,0.68358055,0
"15263",140,177,0,0.2533736,0,0.83380675,0.5586703,0.72005326,0.68358055,0
"15264",141,177,0,0.25238648,0,0.83380675,0.5586703,0.72005326,0.68358055,0
"15265",142,177,0,0,0,0.83380675,0.5586703,0.72005326,0.68358055,0
"15266",143,177,0,0,0,0.83380675,0.5586703,0.72005326,0.68358055,0
"15267",144,177,0,0,0,0.83380675,0.5586703,0.72005326,0.68358055,0
"15268",145,177,0,0,0,0.83380675,0.5586703,0.72005326,0.68358055,0
"15269",146,177,0,0,0,0.83380675,0.5586703,0.72005326,0.68358055,0
"15270",147,177,0,0,0,0.83380675,0.5586703,0.72005326,0.68358055,0
"15271",148,177,0,0,0,0.83377011,0.55864575,0.72002161,0.68355051,0
"15272",127,178,0,0.12562992,0,0.38969847,0.26110722,0.3365332,0.31948685,0
"15273",128,178,0,0.20385556,0,0.62631825,0.41964808,0.54087172,0.51347506,0
"15274",129,178,0,0.26689442,0,0.81665791,0.54718017,0.70524397,0.66952139,0
"15275",130,178,0,0.25985332,0,0.82764925,0.55454463,0.7147358,0.67853243,0
"15276",131,178,0,0.15192566,0.02736706,0.63483215,0.4253526,0.5482241,0.52045502,0
"15277",132,178,0,0.14707383,0.02627237,0.60943869,0.40833838,0.52629499,0.49963668,0.02085747
"15278",133,178,0,0.18991122,0.03400605,0.78883642,0.52853911,0.68121808,0.64671248,0.02204607
"15279",134,178,0,0.24253683,0,0.82656377,0.55381733,0.71379841,0.67764253,0
"15280",135,178,0,0.24555969,0,0.82880024,0.55531582,0.71572977,0.67947605,0.0100517
"15281",136,178,0,0.25296915,0,0.82880024,0.55531582,0.71572977,0.67947605,0
"15282",137,178,0,0.24873055,0,0.82880024,0.55531582,0.71572977,0.67947605,0.01046706
"15283",138,178,0,0.24361882,0,0.82880024,0.55531582,0.71572977,0.67947605,0.0041183
"15284",139,178,0,0.24834135,0,0.82880024,0.55531582,0.71572977,0.67947605,0
"15285",140,178,0,0.25210782,0,0.82880024,0.55531582,0.71572977,0.67947605,0
"15286",141,178,0,0.25187603,0,0.82880024,0.55531582,0.71572977,0.67947605,0
"15287",142,178,0,0.26822925,0,0.82880024,0.55531582,0.71572977,0.67947605,0
"15288",143,178,0,0.26822925,0,0.82880024,0.55531582,0.71572977,0.67947605,0
"15289",144,178,0,0,0,0.82880024,0.55531582,0.71572977,0.67947605,0
"15290",145,178,0,0,0,0.82880024,0.55531582,0.71572977,0.67947605,0.00631091
"15291",146,178,0,0,0,0.82880024,0.55531582,0.71572977,0.67947605,0
"15292",147,178,0,0,0,0.82880024,0.55531582,0.71572977,0.67947605,0
"15293",148,178,0,0,0,0.82880024,0.55531582,0.71572977,0.67947605,0.0056847
"15294",129,179,0,0.06694767,0,0.24151969,0.16182392,0.20856995,0.1980053,0
"15295",130,179,0,0.1120194,0,0.46453521,0.31124961,0.40116021,0.38084032,0
"15296",131,179,0,0.13154574,0,0.55651746,0.3728799,0.48059362,0.45625021,0
"15297",132,179,0,0.14722734,0.02646361,0.61387498,0.4113108,0.53012605,0.50327368,0
"15298",133,179,0,0.17443734,0.03121771,0.72415541,0.4852013,0.62536128,0.59368498,0
"15299",134,179,0,0.1930758,0.03431025,0.79589284,0.53326708,0.68731182,0.65249755,0
"15300",135,179,0,0.19984253,0.03551272,0.82378651,0.5519565,0.71140004,0.67536564,0.00230395
"15301",136,179,0,0.20680613,0,0.82378651,0.5519565,0.71140004,0.67536564,0.00200423
"15302",137,179,0,0.20749863,0,0.82378651,0.5519565,0.71140004,0.67536564,0.00409658
"15303",138,179,0,0.24361572,0,0.82378651,0.5519565,0.71140004,0.67536564,0
"15304",139,179,0,0.24296413,0,0.82378651,0.5519565,0.71140004,0.67536564,0
"15305",140,179,0,0.24683488,0,0.82378651,0.5519565,0.71140004,0.67536564,0
"15306",141,179,0,0.24839697,0,0.82378651,0.5519565,0.71140004,0.67536564,0
"15307",142,179,0,0.26660663,0,0.82378651,0.5519565,0.71140004,0.67536564,0
"15308",143,179,0,0.26145516,0,0.82378651,0.5519565,0.71140004,0.67536564,0
"15309",144,179,0,0.25944521,0,0.82378651,0.5519565,0.71140004,0.67536564,0
"15310",145,179,0,0,0,0.82378651,0.5519565,0.71140004,0.67536564,0
"15311",131,180,0,0.06101404,0.01090446,0.25295021,0.16948264,0.21844105,0.2073764,0
"15312",132,180,0,0.09653835,0.0166956,0.39559113,0.26505544,0.34162194,0.32431784,0
"15313",133,180,0,0.12190415,0.0217476,0.50447793,0.33801218,0.43565367,0.4135866,0
"15314",134,180,0,0.17091393,0.03051592,0.70787605,0.47429374,0.61130286,0.58033866,0
"15315",135,180,0,0.1981458,0.0352112,0.81679227,0.54727019,0.70536,0.66963155,0
"15316",136,180,0,0.19555562,0.03529625,0.81876501,0.54859197,0.7070636,0.67124886,0
"15317",137,180,0,0.20214699,0,0.81876501,0.54859197,0.7070636,0.67124886,0
"15318",138,180,0,0.20328306,0,0.81876501,0.54859197,0.7070636,0.67124886,0
"15319",139,180,0,0,0,0.81876501,0.54859197,0.7070636,0.67124886,0
"15320",140,180,0,0.244256,0,0.81876501,0.54859197,0.7070636,0.67124886,0
"15321",141,180,0,0.24376653,0,0.81876501,0.54859197,0.7070636,0.67124886,0
"15322",142,180,0,0.24873324,0,0.81876501,0.54859197,0.7070636,0.67124886,0
"15323",143,180,0,0.26498149,0,0.81876501,0.54859197,0.7070636,0.67124886,0
"15324",144,180,0,0.25226705,0,0.81876501,0.54859197,0.7070636,0.67124886,0
"15325",145,180,0,0.25059442,0,0.81876501,0.54859197,0.7070636,0.67124886,0
"15326",146,180,0,0.24765476,0,0.81876501,0.54859197,0.7070636,0.67124886,0
"15327",129,181,0,0.13636519,0,0.42476294,0.28460124,0.36681394,0.34823379,0
"15328",130,181,0,0.17424569,0,0.54275663,0.36365981,0.46871014,0.44496866,0
"15329",131,181,0,0.09088149,0,0.38453261,0.25764597,0.3320721,0.31525172,0.00901492
"15330",132,181,0,0.10750913,0.01932859,0.44836412,0.3004146,0.38719529,0.36758276,0
"15331",133,181,0,0.12965671,0.02310831,0.53604222,0.359161,0.46291176,0.43946398,0.00802523
"15332",134,181,0,0.16752293,0.02963201,0.68737194,0.46055551,0.59359606,0.56352877,0
"15333",135,181,0,0.18245753,0.03278883,0.76060073,0.50962053,0.65683449,0.62356399,0
"15334",136,181,0,0.18387616,0.03311237,0.76810578,0.51464909,0.66331565,0.62971686,0
"15335",137,181,0,0.19677853,0,0.81373628,0.54522261,0.70272093,0.66712616,0
"15336",138,181,0,0.1963085,0,0.81373628,0.54522261,0.70272093,0.66712616,0
"15337",139,181,0,0,0,0.81373628,0.54522261,0.70272093,0.66712616,0
"15338",140,181,0,0,0,0.81373628,0.54522261,0.70272093,0.66712616,0
"15339",141,181,0,0,0,0.81373628,0.54522261,0.70272093,0.66712616,0
"15340",142,181,0,0.24316533,0,0.81373628,0.54522261,0.70272093,0.66712616,0.00616906
"15341",143,181,0,0.2439837,0,0.81373628,0.54522261,0.70272093,0.66712616,0
"15342",144,181,0,0.26335397,0,0.81373628,0.54522261,0.70272093,0.66712616,0
"15343",145,181,0,0.24665498,0,0.81373628,0.54522261,0.70272093,0.66712616,0.00205672
"15344",146,181,0,0.25142757,0,0.81373628,0.54522261,0.70272093,0.66712616,0
"15345",147,181,0,0.25229896,0,0.81373628,0.54522261,0.70272093,0.66712616,0
"15346",133,182,0,0.0073603,0,0.2572105,0.17233713,0.22212012,0.21086912,0
"15347",134,182,0,0.07119096,0.01255372,0.29508998,0.19771729,0.25483183,0.24192389,0
"15348",135,182,0,0.15270842,0.02749421,0.63778154,0.42732876,0.55077111,0.52287302,0
"15349",136,182,0,0.15439767,0.027712,0.64271643,0.43062749,0.55513392,0.52701484,0
"15350",137,182,0,0.1630962,0,0.68383375,0.45817657,0.59064821,0.56073023,0
"15351",138,182,0,0.14730423,0.0266293,0.61760572,0.41380302,0.53344502,0.50642454,0.00364003
"15352",139,182,0,0.16619844,0,0.71531124,0.47926685,0.61783629,0.58654115,0
"15353",140,182,0,0,0,0.80855242,0.54173953,0.69837155,0.66299708,0
"15354",141,182,0,0,0,0.80855242,0.54173953,0.69837155,0.66299708,0
"15355",142,182,0,0,0,0.80869979,0.54184804,0.69837155,0.66299708,0
"15356",143,182,0,0.24817941,0,0.80869979,0.54184804,0.69837155,0.66299708,0
"15357",144,182,0,0.25325432,0,0.80869979,0.54184804,0.69837155,0.66299708,0
"15358",145,182,0,0.26172403,0,0.80869979,0.54184804,0.69837155,0.66299708,0
"15359",146,182,0,0.24978647,0,0.80869979,0.54184804,0.69837155,0.66299708,0
"15360",147,182,0,0,0,0.80869979,0.54184804,0.69837155,0.66299708,0
"15361",148,182,0,0,0,0.80869979,0.54184804,0.69837155,0.66299708,0
"15362",149,182,0,0,0,0.80869979,0.54184804,0.69837155,0.66299708,0
"15363",136,183,0,0.06919347,0.01243316,0.29220283,0.19577929,0.25238456,0.23960057,0.00622034
"15364",137,183,0,0.10059113,0.01767682,0.41543875,0.27834879,0.3588272,0.3406516,0.00249765
"15365",138,183,0,0.13316213,0,0.55069099,0.36896937,0.47564872,0.45155579,0
"15366",139,183,0,0.18366942,0,0.76216026,0.51065624,0.65830123,0.62495643,0
"15367",140,183,0,0.16415466,0,0.69615595,0.46643259,0.60129127,0.57083419,0
"15368",141,183,0,0,0,0.73362274,0.49153577,0.63365248,0.60155622,0
"15369",142,183,0,0,0,0.80351018,0.53836117,0.69401641,0.65886255,0
"15370",143,183,0,0,0,0.80351018,0.53836117,0.69401641,0.65886255,0
"15371",144,183,0,0.2437822,0,0.80351018,0.53836117,0.69401641,0.65886255,0
"15372",145,183,0,0,0,0.80351018,0.53836117,0.69401641,0.65886255,0
"15373",146,183,0,0,0,0.80351018,0.53836117,0.69401641,0.65886255,0
"15374",147,183,0,0,0,0.80351018,0.53836117,0.69401641,0.65886255,0
"15375",148,183,0,0,0,0.80351018,0.53836117,0.69401641,0.65886255,0
"15376",149,183,0,0,0,0.80351018,0.53836117,0.69401641,0.65886255,0
"15377",137,184,0,0.13102885,0.02240706,0.54216754,0.36325856,0.46828675,0.44456672,0.01976332
"15378",138,184,0,0.15713445,0,0.65140754,0.43645063,0.56264069,0.53414137,0
"15379",139,184,0,0.14264396,0,0.59286194,0.3972244,0.51207307,0.48613513,0.00322702
"15380",140,184,0,0.18816423,0,0.77792372,0.52121794,0.6719166,0.63788215,0
"15381",141,184,0,0,0,0.79846072,0.53497797,0.68965504,0.65472209,0
"15382",142,184,0,0,0,0.79846072,0.53497797,0.68965504,0.65472209,0
"15383",143,184,0,0,0,0.79846072,0.53497797,0.68965504,0.65472209,0
"15384",144,184,0,0,0,0.79846072,0.53497797,0.68965504,0.65472209,0
"15385",145,184,0,0.23802627,0,0.79846072,0.53497797,0.68965504,0.65472209,0
"15386",146,184,0,0,0,0.79846072,0.53497797,0.68965504,0.65472209,0
"15387",147,184,0,0,0,0.79846072,0.53497797,0.68965504,0.65472209,0
"15388",148,184,0,0.22050629,0,0.79846072,0.53497797,0.68965504,0.65472209,0
"15389",149,184,0,0.2330361,0,0.79846072,0.53497797,0.68965504,0.65472209,0
"15390",150,184,0,0,0,0.79846072,0.53497797,0.68965504,0.65472209,0
"15391",135,185,0,0,0.01114116,0.28198734,0.1889348,0.24356113,0.23122407,0
"15392",137,185,0,0.05462139,0,0.22825805,0.15293555,0.19715348,0.18716711,0
"15393",138,185,0,0.12650611,0,0.52824823,0.35393246,0.45626422,0.43315316,0
"15394",139,185,0,0.16883754,0,0.70624987,0.47319563,0.6100097,0.579111,0
"15395",140,185,0,0,0,0.77596189,0.51990349,0.67022211,0.63627349,0
"15396",141,185,0,0,0,0.79340405,0.53158994,0.68528744,0.65057572,0
"15397",142,185,0,0,0,0.79340405,0.53158994,0.68528744,0.65057572,0
"15398",143,185,0,0,0,0.79340405,0.53158994,0.68528744,0.65057572,0
"15399",144,185,0,0,0,0.79340405,0.53158994,0.68528744,0.65057572,0.00546698
"15400",145,185,0,0,0,0.79340405,0.53158994,0.68528744,0.65057572,0
"15401",146,185,0,0,0,0.79340405,0.53158994,0.68528744,0.65057572,0
"15402",147,185,0,0,0,0.79340405,0.53158994,0.68528744,0.65057572,0.00484842
"15403",148,185,0,0,0,0.79340405,0.53158994,0.68528744,0.65057572,0.00213091
"15404",149,185,0,0,0,0.79340405,0.53158994,0.68528744,0.65057572,0
"15405",150,185,0,0,0,0.79340405,0.53158994,0.68528744,0.65057572,0
"15406",135,186,0,0,0.00826642,0.20922655,0.14018422,0.1807154,0.17156166,0.00451196
"15407",138,186,0,0,0.01081662,0.27377309,0.18343116,0.23646623,0.22448855,0.00101223
"15408",139,186,0,0,0,0.52224395,0.34990952,0.45107814,0.42822977,0
"15409",140,186,0,0,0,0.74758812,0.50089274,0.64571482,0.61300756,0
"15410",141,186,0,0,0,0.78833961,0.52819671,0.68091313,0.64642297,0
"15411",142,186,0,0,0,0.78833961,0.52819671,0.68091313,0.64642297,0
"15412",143,186,0,0.19699963,0,0.78696455,0.5272754,0.67972545,0.64529546,0.01054831
"15413",144,186,0,0,0,0.78833961,0.52819671,0.68091313,0.64642297,0
"15414",145,186,0,0,0,0.78833961,0.52819671,0.68091313,0.64642297,0
"15415",146,186,0,0,0,0.78833961,0.52819671,0.68091313,0.64642297,0
"15416",147,186,0,0,0,0.78833961,0.52819671,0.68091313,0.64642297,0
"15417",148,186,0,0,0,0.78833961,0.52819671,0.68091313,0.64642297,0
"15418",149,186,0,0,0,0.78833961,0.52819671,0.68091313,0.64642297,0
"15419",150,186,0,0,0,0.78833961,0.52819671,0.68091313,0.64642297,0
"15420",138,187,0,0,0.01092376,0.26481941,0.17743209,0.22873266,0.21714671,0.00216098
"15421",139,187,0,0,0,0.46262917,0.30996693,0.39958702,0.37934683,0.00370663
"15422",140,187,0,0,0,0.6638824,0.44480893,0.57341562,0.54437052,0
"15423",141,187,0,0,0,0.65633376,0.43975125,0.56689562,0.53818077,0
"15424",142,187,0,0,0,0.60748571,0.40702249,0.52470406,0.49812634,0
"15425",143,187,0,0.19822998,0,0.76140085,0.51014743,0.65764529,0.62433372,0.0204366
"15426",144,187,0,0.20069888,0,0.78326905,0.52479938,0.67653354,0.64226522,0
"15427",145,187,0,0,0,0.78326905,0.52479938,0.67653354,0.64226522,0
"15428",146,187,0,0,0,0.78326905,0.52479938,0.67653354,0.64226522,0
"15429",147,187,0,0,0,0.78326905,0.52479938,0.67653354,0.64226522,0
"15430",148,187,0,0,0,0.78326905,0.52479938,0.67653354,0.64226522,0
"15431",149,187,0,0,0,0.78326905,0.52479938,0.67653354,0.64226522,0
"15432",150,187,0,0,0,0.78326905,0.52479938,0.67653354,0.64226522,0
"15433",151,187,0,0,0,0.77332849,0.52475733,0.67752504,0.63764081,0
"15434",138,188,0,0,0.01301872,0.32950918,0.22077498,0.2846072,0.27019105,0
"15435",139,188,0,0,0.0158556,0.40131182,0.26888359,0.34662534,0.3290678,0.01676119
"15436",140,188,0,0,0.01359581,0.34411574,0.23056155,0.29722333,0.28216814,0
"15437",141,188,0,0,0.02182861,0.55249128,0.37017558,0.47720368,0.45303198,0.0025375
"15438",142,188,0,0,0,0.73709784,0.49386413,0.63665404,0.60440574,0
"15439",143,188,0,0,0,0.77819073,0.52139684,0.67214723,0.6381011,0
"15440",144,188,0,0.19160505,0,0.77819073,0.52139684,0.67214723,0.6381011,0
"15441",145,188,0,0.17339811,0,0.7158103,0.47960123,0.61826734,0.58695037,0
"15442",146,188,0,0.17429974,0,0.75838927,0.50812964,0.6550441,0.62186429,0.00990948
"15443",147,188,0,0,0,0.77713377,0.52068866,0.6712343,0.63723441,7.188e-05
"15444",148,188,0,0,0,0.77819073,0.52139684,0.67214723,0.6381011,0
"15445",149,188,0,0,0,0.77819073,0.52139684,0.67214723,0.6381011,0
"15446",150,188,0,0,0,0.77819073,0.52139684,0.67214723,0.6381011,0
"15447",140,189,0,0,0.00932856,0.23610979,0.15819631,0.20393528,0.19360539,0
"15448",141,189,0,0,0.00968532,0.24513953,0.16424633,0.21173454,0.20100959,0
"15449",142,189,0,0,0.01560633,0.39500277,0.26465645,0.34117603,0.32389451,0.00357439
"15450",143,189,0,0,0,0.55194059,0.36980662,0.47672804,0.45258043,0
"15451",144,189,0,0,0,0.57510003,0.38532371,0.49673155,0.47157071,0
"15452",145,189,0,0.12631006,0,0.5262753,0.35261057,0.45456014,0.4315354,0.0032483
"15453",146,189,0,0.14419593,0,0.58452446,0.39163819,0.50487172,0.47929856,0.00232641
"15454",147,189,0,0.13139367,0,0.55957306,0.37492046,0.48332044,0.45883891,0
"15455",148,189,0,0,0,0.66428931,0.44508157,0.57376708,0.54470417,0.04027396
"15456",149,189,0,0,0,0.77271105,0.51772539,0.66741426,0.63360787,0.02232487
"15457",150,189,0,0,0,0.77310575,0.51798985,0.66775518,0.63393151,0.00143043
"15458",151,189,0,0,0,0.77310575,0.51798985,0.66775518,0.63393151,0
"15459",152,189,0,0,0,0.77310575,0.51798985,0.66775518,0.63393151,0
"15460",153,189,0,0.2458814,0,0.77310575,0.51798985,0.66775518,0.63393151,0
"15461",154,189,0,0,0,0.77310575,0.51798985,0.66775518,0.63393151,0
"15462",155,189,0,0,0,0.77310575,0.51798985,0.66775518,0.63393151,0
"15463",142,190,0,0,0.01872854,0.47402709,0.31760366,0.40943175,0.38869289,0
"15464",143,190,0,0,0,0.6838987,0.45822008,0.59070431,0.56078348,0
"15465",144,190,0,0,0,0.73590598,0.49306557,0.6356246,0.60342843,0
"15466",145,190,0,0,0,0.76801355,0.51457801,0.66335689,0.62975601,0
"15467",146,190,0,0,0,0.76801355,0.51457801,0.66335689,0.62975601,0
"15468",147,190,0,0.18061493,0,0.76801355,0.51457801,0.66335689,0.62975601,0
"15469",148,190,0,0.18888977,0,0.76097784,0.50986401,0.65727993,0.62398686,0.01065392
"15470",149,190,0,0.19145621,0,0.76750838,0.51423954,0.66292056,0.62934178,0.00297145
"15471",150,190,0,0,0,0.76801355,0.51457801,0.66335689,0.62975601,0.02180679
"15472",151,190,0,0,0,0.76801355,0.51457801,0.66335689,0.62975601,0.00878075
"15473",152,190,0,0,0,0.76801355,0.51457801,0.66335689,0.62975601,0.01763862
"15474",153,190,0,0,0,0.76801355,0.51457801,0.66335689,0.62975601,0
"15475",154,190,0,0.22789443,0,0.76801355,0.51457801,0.66335689,0.62975601,0
"15476",155,190,0,0,0,0.76801355,0.51457801,0.66335689,0.62975601,0
"15477",142,191,0,0,0.01182327,0.29925186,0.20050223,0.25847302,0.24538064,0
"15478",143,191,0,0,0.01723927,0.43633326,0.29234836,0.37687443,0.35778469,0
"15479",144,191,0,0,0,0.65849321,0.44119811,0.5687608,0.53995148,0
"15480",145,191,0,0,0,0.64763821,0.43392514,0.55938501,0.5310506,0
"15481",146,191,0,0,0,0.74689255,0.50042669,0.64511403,0.6124372,0
"15482",147,191,0,0,0,0.76291469,0.51116171,0.65895284,0.62557504,0
"15483",148,191,0,0,0,0.76291469,0.51116171,0.65895284,0.62557504,0
"15484",149,191,0,0,0,0.76291469,0.51116171,0.65895284,0.62557504,0
"15485",150,191,0,0,0,0.76291469,0.51116171,0.65895284,0.62557504,0
"15486",151,191,0,0,0,0.76291469,0.51116171,0.65895284,0.62557504,0
"15487",152,191,0,0,0,0.76291469,0.51116171,0.65895284,0.62557504,0
"15488",153,191,0,0,0,0.76291469,0.51116171,0.65895284,0.62557504,0
"15489",154,191,0,0,0,0.76291469,0.51116171,0.65895284,0.62557504,0
"15490",155,191,0,0,0,0.76291469,0.51116171,0.65895284,0.62557504,0
"15491",156,191,0,0,0,0.76291469,0.51116171,0.65895284,0.62557504,0
"15492",157,191,0,0,0,0.76291469,0.51116171,0.65895284,0.62557504,0
"15493",144,192,0,0,0.0154592,0.39127897,0.26216146,0.33795966,0.32084106,0
"15494",145,192,0,0,0,0.50185461,0.33624843,0.43346724,0.41151091,0.00208283
"15495",146,192,0,0,0,0.61067715,0.40916079,0.52746061,0.50074325,0
"15496",147,192,0,0,0,0.70568364,0.47281625,0.60952063,0.5786467,0.00337916
"15497",148,192,0,0,0,0.75780916,0.50774095,0.65454304,0.62138861,0
"15498",149,192,0,0,0,0.75780916,0.50774095,0.65454304,0.62138861,0
"15499",150,192,0,0,0,0.75780916,0.50774095,0.65454304,0.62138861,0
"15500",151,192,0,0,0,0.75780916,0.50774095,0.65454304,0.62138861,0
"15501",152,192,0,0,0,0.75780916,0.50774095,0.65454304,0.62138861,0
"15502",153,192,0,0,0,0.75780916,0.50774095,0.65454304,0.62138861,0
"15503",154,192,0,0,0,0.75780916,0.50774095,0.65454304,0.62138861,0
"15504",155,192,0,0,0,0.75780916,0.50774095,0.65454304,0.62138861,0
"15505",156,192,0,0.14797203,0,0.75780916,0.50774095,0.65454304,0.62138861,0.00879861
"15506",157,192,0,0,0,0.75780916,0.50774095,0.65454304,0.62138861,0
"15507",158,192,0,0,0,0.75780916,0.50774095,0.65454304,0.62138861,0
"15508",145,193,0,0,0,0.31518185,0.21117551,0.27223224,0.25844292,0.0017897
"15509",146,193,0,0,0,0.58795793,0.39393865,0.50783732,0.48211394,0.00396918
"15510",147,193,0,0,0,0.70589458,0.47295758,0.60970283,0.57881968,0
"15511",148,193,0,0,0,0.736893,0.49372688,0.63647711,0.60423777,0
"15512",149,193,0,0,0,0.75060414,0.50291351,0.64831984,0.61548063,0
"15513",150,193,0,0,0,0.75269642,0.50431536,0.65012701,0.61719626,0
"15514",151,193,0,0,0,0.75269642,0.50431536,0.65012701,0.61719626,0
"15515",152,193,0,0,0,0.75269642,0.50431536,0.65012701,0.61719626,0
"15516",153,193,0,0,0,0.75269642,0.50431536,0.65012701,0.61719626,0
"15517",154,193,0,0,0,0.75269642,0.50431536,0.65012701,0.61719626,0
"15518",155,193,0,0.14873098,0,0.75269642,0.50431536,0.65012701,0.61719626,0.00493883
"15519",156,193,0,0.1710975,0,0.75269642,0.50431536,0.65012701,0.61719626,0
"15520",157,193,0,0,0,0.75269642,0.50431536,0.65012701,0.61719626,0
"15521",158,193,0,0,0,0.75269642,0.50431536,0.65012701,0.61719626,0
"15522",159,193,0,0,0,0.75269642,0.50431536,0.65012701,0.61719626,0
"15523",148,194,0,0,0.02140209,0.47278748,0.31677312,0.40836107,0.38767644,0.00624131
"15524",149,194,0,0,0.02304319,0.50900023,0.34103608,0.43963913,0.41737018,0
"15525",150,194,0,0,0,0.74755703,0.50087191,0.64568797,0.61298207,0
"15526",151,194,0,0,0,0.74757702,0.5008853,0.64570523,0.61299846,0
"15527",152,194,0,0,0,0.74757702,0.5008853,0.64570523,0.61299846,0
"15528",153,194,0,0,0,0.70554319,0.47272214,0.60939932,0.57853154,0
"15529",154,194,0,0.13294657,0,0.74756148,0.50087489,0.6456918,0.61298571,0
"15530",155,194,0,0.14687772,0,0.74757702,0.5008853,0.64570523,0.61299846,0.00585014
"15531",156,194,0,0.15134283,0,0.66408336,0.44494358,0.57358919,0.5445353,0.01163729
"15532",157,194,0,0.24198662,0,0.74757702,0.5008853,0.64570523,0.61299846,0
"15533",158,194,0,0,0,0.74757702,0.5008853,0.64570523,0.61299846,0
"15534",159,194,0,0,0,0.74757702,0.5008853,0.64570523,0.61299846,0
"15535",160,194,0,0,0,0.74757702,0.5008853,0.64570523,0.61299846,0.00626515
"15536",161,194,0,0,0,0.74757702,0.5008853,0.64570523,0.61299846,0
"15537",150,195,0,0.09764962,0,0.39686634,0.26590507,0.34278565,0.3254226,0.04658668
"15538",151,195,0,0.13332159,0,0.53952179,0.36148588,0.46600154,0.44239726,0.01785559
"15539",152,195,0,0.14182628,0,0.58593115,0.39258069,0.50608673,0.48045202,0.00758086
"15540",153,195,0,0.09258732,0,0.44210327,0.29621433,0.38185817,0.36251599,0
"15541",154,195,0,0.09433693,0,0.38341334,0.2568914,0.33116588,0.3143914,0.00097884
"15542",155,195,0,0.13647894,0,0.5248636,0.35166472,0.45334081,0.43037783,0.00103322
"15543",156,195,0,0.16843251,0,0.55806755,0.37391175,0.48202008,0.45760442,0.02454569
"15544",157,195,0,0.23476554,0,0.73394027,0.49174852,0.63392675,0.60181659,0
"15545",158,195,0,0.23574124,0,0.72828295,0.48795805,0.62904035,0.5971777,0
"15546",159,195,0,0,0,0.74245096,0.49745078,0.64127769,0.60879518,0
"15547",160,195,0,0,0,0.74245096,0.49745078,0.64127769,0.60879518,0
"15548",161,195,0,0,0,0.74245096,0.49745078,0.64127769,0.60879518,0
"15549",151,196,0,0.0643474,0,0.26089743,0.17480431,0.22534512,0.21393076,0
"15550",152,196,0,0.01493692,0,0.66024187,0.44236973,0.57027117,0.54138535,0
"15551",153,196,0,0.12206577,0,0.60712543,0.4067811,0.52439288,0.49783092,0
"15552",154,196,0,0.14097423,0,0.7088784,0.47495678,0.61228005,0.58126635,0
"15553",155,196,0,0.13767153,0,0.68973866,0.46213293,0.59574846,0.56557214,0
"15554",156,196,0,0.22532427,0,0.70246167,0.47065749,0.60673771,0.57600475,0
"15555",157,196,0,0.16964613,0,0.53656295,0.35950342,0.4634459,0.43997107,0.0045997
"15556",158,196,0,0.22524476,0,0.69751213,0.46734124,0.60246265,0.57194623,0
"15557",159,196,0,0.23866591,0,0.73731823,0.49401179,0.6368444,0.60458645,0
"15558",160,196,0,0,0,0.73731823,0.49401179,0.6368444,0.60458645,0
"15559",153,197,0,0.06871552,0,0.31668625,0.21218347,0.27353164,0.2596765,0
"15560",154,197,0,0.00729451,0,0.32243239,0.21603345,0.27849476,0.26438822,0
"15561",155,197,0,0.08877609,0,0.42755722,0.28646831,0.3692943,0.35058851,0
"15562",156,197,0,0.11469332,0,0.55768451,0.37365511,0.48168924,0.45729033,0
"15563",157,197,0,0.13906106,0,0.64860469,0.43457269,0.56021979,0.53184309,0
"15564",158,197,0,0.22157884,0,0.69012003,0.46238845,0.59607786,0.56588486,0
"15565",159,197,0,0.2305792,0,0.71369193,0.4781819,0.61643764,0.58521335,0
"15566",160,197,0,0.23700214,0,0.73217829,0.49056797,0.63240487,0.6003718,0
"15567",161,197,0,0,0,0.73217829,0.49056797,0.63240487,0.6003718,0
"15568",162,197,0,0,0,0.73217829,0.49056797,0.63240487,0.6003718,0
"15569",153,198,0,0.11570484,0,0.50788442,0.34028847,0.43867537,0.41645524,0
"15570",154,198,0,0.01198089,0,0.52957943,0.35482438,0.45741401,0.43424472,0.00128979
"15571",155,198,0,0.0096278,0,0.42556819,0.28513564,0.36757631,0.34895755,0
"15572",156,198,0,0.07519959,0,0.36779811,0.24642901,0.31767852,0.30158722,0
"15573",157,198,0,0.12172806,0,0.58219236,0.39007565,0.50285742,0.47738629,0
"15574",158,198,0,0.13036109,0,0.63120083,0.4229119,0.54518754,0.51757227,0
"15575",159,198,0,0.23239655,0,0.72158032,0.48346721,0.62325108,0.59168167,0
"15576",160,198,0,0.23533639,0,0.72703224,0.48712006,0.62796007,0.59615214,0
"15577",161,198,0,0,0,0.72703224,0.48712006,0.62796007,0.59615214,0
"15578",162,198,0,0,0,0.71802249,0.48108342,0.62017808,0.58876433,0
"15579",163,198,0,0,0,0.72468404,0.48554674,0.62593186,0.59422667,0
"15580",141,199,0,0,0,0.40648784,0.27235158,0.35109603,0.33331204,0.00031437
"15581",142,199,0,0.00552277,0,0.24411753,0.16356159,0.21085181,0.20017158,0.00250503
"15582",153,199,0,0.05726808,0,0.23345517,0.15641768,0.2016424,0.19142865,0
"15583",154,199,0,0.13069836,0,0.53246388,0.35675699,0.4599054,0.43660991,0
"15584",155,199,0,0.12114627,0,0.49348437,0.33064027,0.4262376,0.40464748,0
"15585",156,199,0,0.0939878,0,0.38143819,0.25556803,0.32945988,0.31277182,0
"15586",157,199,0,0.10564914,0,0.51726389,0.34657282,0.4467767,0.42414621,0
"15587",158,199,0,0.11972985,0,0.60205266,0.40338229,0.52001137,0.49367134,0
"15588",159,199,0,0.12101095,0,0.58373673,0.3911104,0.50419134,0.47865264,0
"15589",160,199,0,0.14355986,0,0.72188009,0.48366806,0.62351,0.59192748,0
"15590",161,199,0,0.18098391,0,0.56216829,0.37665929,0.48556202,0.46096694,0
"15591",162,199,0,0.18513843,0,0.57643456,0.38621786,0.49788423,0.472665,0
"15592",163,199,0,0,0,0.71329945,0.47791893,0.61609864,0.58489153,0
"15593",164,199,0,0,0,0.71271862,0.4836293,0.62442379,0.5876655,0
"15594",142,200,0,0.00783594,0,0.34636457,0.23206829,0.29916572,0.28401214,0
"15595",143,200,0,0.00803474,0,0.35515171,0.23795578,0.30675544,0.29121742,0.00123146
"15596",144,200,0,0.00774084,0,0.34216058,0.22925157,0.2955346,0.28056494,0
"15597",145,200,0,0.06231183,0,0.25323165,0.16966815,0.21872395,0.20764497,0.01970861
"15598",146,200,0,0.05275968,0,0.21348162,0.14303517,0.18439063,0.17505073,0.00266005
"15599",156,200,0,0.11111328,0,0.44927443,0.3010191,0.38805212,0.3683962,0.00142171
"15600",157,200,0,0.10545803,0,0.42753501,0.28645343,0.36927512,0.3505703,0.00226254
"15601",158,200,0,0.12496442,0,0.5061069,0.33909751,0.43714007,0.4149977,0
"15602",159,200,0,0.14909356,0,0.60555164,0.40572664,0.52303355,0.49654044,0.00201455
"15603",160,200,0,0.11695791,0,0.47237225,0.3164949,0.40800242,0.38733595,0.0019467
"15604",161,200,0,0.05908076,0,0.27037182,0.18115226,0.23352844,0.22169957,0
"15605",162,200,0,0.10295602,0,0.50080208,0.33554322,0.43255814,0.41064786,0.00712199
"15606",163,200,0,0,0,0.63633633,0.42635275,0.54962323,0.52178328,0
"15607",164,200,0,0,0,0.68943278,0.46192798,0.59548426,0.56532132,0
"15608",165,200,0,0,0,0.71672072,0.48021122,0.61905369,0.58769689,0
"15609",166,200,0,0,0,0.71672072,0.48021122,0.61905369,0.58769689,0
"15610",169,200,0,0,0,0.71672072,0.48021122,0.61905369,0.58769689,0
"15611",170,200,0,0,0,0.71672072,0.48021122,0.61905369,0.58769689,0
"15612",171,200,0,0,0,0.71672072,0.48021122,0.61905369,0.58769689,0
"15613",145,201,0,0.10224056,0,0.41325043,0.27688259,0.35693708,0.33885722,0
"15614",146,201,0,0.01273825,0,0.5630565,0.3772544,0.48632919,0.46169526,0
"15615",147,201,0,0.0129311,0,0.57158106,0.38296596,0.49369212,0.46868523,0
"15616",148,201,0,0.08439191,0,0.34204677,0.22917532,0.2954363,0.28047163,0
"15617",149,201,0,0.00963165,0,0.43424098,0.29094651,0.37506726,0.35606906,0
"15618",150,201,0,0.12359668,0,0.50315861,0.33712212,0.43459354,0.41258016,0.004156
"15619",151,201,0,0.09388456,0,0.38051224,0.25494762,0.3286601,0.31201255,0.01144427
"15620",152,201,0,0.06940518,0,0.28097423,0.188256,0.24268607,0.23039334,0
"15621",153,201,0,0.05458415,0,0.22255132,0.14911197,0.19222441,0.1824877,0
"15622",159,201,0,0.00522962,0,0.23115971,0.15487969,0.19965974,0.18954641,0
"15623",160,201,0,0.00497641,0,0.21996719,0.14738058,0.18999242,0.18036877,0
"15624",161,201,0,0.06262004,0,0.30918756,0.20715926,0.26705479,0.25352772,0
"15625",162,201,0,0.09713616,0,0.45325693,0.30368741,0.39149193,0.37166177,0
"15626",163,201,0,0.11418737,0,0.54808799,0.36722533,0.47340043,0.44942138,0
"15627",164,201,0,0.14217763,0,0.66819409,0.44769782,0.57713976,0.54790602,0.00112822
"15628",165,201,0,0,0,0.71155524,0.47675029,0.61459211,0.5834613,0
"15629",166,201,0,0,0,0.71155524,0.47675029,0.61459211,0.5834613,0
"15630",167,201,0,0,0,0.63886939,0.42804992,0.55181111,0.52386034,0
"15631",168,201,0,0,0,0.6266138,0.41983854,0.54122558,0.51381099,0.00721724
"15632",169,201,0,0,0,0.71155524,0.47675029,0.61459211,0.5834613,0
"15633",170,201,0,0,0,0.71155524,0.47675029,0.61459211,0.5834613,0
"15634",171,201,0,0,0,0.71155524,0.47675029,0.61459211,0.5834613,0
"15635",172,201,0,0,0,0.71155524,0.47675029,0.61459211,0.5834613,0
"15636",151,202,0,0.08072191,0,0.3809952,0.25527121,0.32907725,0.31240857,0
"15637",152,202,0,0.08328774,0,0.38565884,0.25839591,0.33310538,0.31623266,0.00157766
"15638",153,202,0,0.08746168,0,0.40550971,0.27169622,0.35025119,0.33250998,0
"15639",154,202,0,0.10489848,0,0.47122979,0.31572944,0.40701564,0.38639916,0
"15640",155,202,0,0.11241284,0,0.49865873,0.33410715,0.43070686,0.40889035,0
"15641",156,202,0,0.11708806,0,0.5080826,0.34042125,0.43884655,0.41661774,0
"15642",157,202,0,0.15387935,0,0.66092634,0.44282834,0.57086238,0.5419466,0
"15643",158,202,0,0.09803383,0,0.45226103,0.30302015,0.39063174,0.37084515,0
"15644",159,202,0,0.08643403,0,0.38603189,0.25864585,0.33342759,0.31653856,0.00359853
"15645",160,202,0,0.06467526,0,0.26337441,0.17646392,0.22748457,0.21596184,0
"15646",161,202,0,0.08951881,0,0.41728955,0.27958885,0.3604258,0.34216922,0
"15647",162,202,0,0.10535504,0,0.5063778,0.33927902,0.43737406,0.41521984,0
"15648",163,202,0,0.11287063,0,0.52622978,0.35258007,0.45452082,0.43149807,0.00533715
"15649",164,202,0,0.10658525,0,0.49191946,0.32959176,0.42488594,0.40336428,0.01359616
"15650",165,202,0,0.04642487,0,0.21162082,0.14178841,0.1827834,0.17352491,0
"15651",166,202,0,0.07170765,0,0.3355612,0.22482991,0.28983451,0.27515358,0
"15652",167,202,0,0,0,0.36361188,0.24362419,0.31406275,0.29815459,0.00328886
"15653",168,202,0,0,0,0.45794166,0.30682624,0.39553828,0.37550316,0.02760478
"15654",169,202,0,0,0,0.58934631,0.39486888,0.5090365,0.48325238,0.00483733
"15655",170,202,0,0,0,0.64477541,0.43200703,0.55691232,0.52870316,0
"15656",171,202,0,0,0,0.69558306,0.46604874,0.60079645,0.57036443,0
"15657",172,202,0,0,0,0.7063831,0.47328489,0.61012477,0.57922025,0.0077903
"15658",181,202,0,0,0,0.7063831,0.47328489,0.61012477,0.57922025,0
"15659",182,202,0,0,0,0.7063831,0.47328489,0.61012477,0.57922025,0
"15660",183,202,0,0,0,0.7063831,0.47328489,0.61012477,0.57922025,0
"15661",151,203,0,0.04427154,0,0.21117228,0.14148788,0.18239598,0.17315712,0
"15662",152,203,0,0.07094943,0,0.34149276,0.22880412,0.29495778,0.28001734,0.00262021
"15663",153,203,0,0.11219944,0,0.52311328,0.35049198,0.45182901,0.4289426,0.01259638
"15664",154,203,0,0.06356417,0,0.28273454,0.18943543,0.24420651,0.23183677,0
"15665",155,203,0,0.07636385,0,0.35275189,0.23634787,0.30468264,0.28924961,0
"15666",156,203,0,0.1108061,0,0.49656534,0.33270455,0.42889873,0.40717381,0.00133524
"15667",157,203,0,0.14081902,0,0.65548774,0.43918441,0.56616489,0.53748706,0.00227745
"15668",158,203,0,0.12755658,0,0.60563713,0.40578392,0.52310739,0.49661054,0
"15669",159,203,0,0.13620011,0,0.65017404,0.43562417,0.56157528,0.53312993,0
"15670",160,203,0,0.13265961,0,0.62409407,0.41815029,0.53904921,0.51174486,0
"15671",161,203,0,0.14270493,0,0.63266138,0.42389048,0.54644906,0.51876989,0
"15672",162,203,0,0.13094477,0,0.60735581,0.40693546,0.52459187,0.49801982,0.00015657
"15673",163,203,0,0.11029227,0,0.5122,0.34317996,0.44240287,0.41999392,0.00772338
"15674",164,203,0,0.15169979,0,0.68706904,0.46034425,0.59344263,0.5633831,0
"15675",165,203,0,0,0,0.66636217,0.4464704,0.57555746,0.54640387,0.00203447
"15676",166,203,0,0,0,0.6605161,0.44255347,0.57050804,0.54161021,0.00116606
"15677",167,203,0,0.14352891,0,0.69009949,0.46237469,0.59606012,0.56586801,0
"15678",168,203,0,0,0,0.6226413,0.41717691,0.53779441,0.51055362,0
"15679",169,203,0,0,0,0.63624529,0.42629175,0.5495446,0.52170863,0.01084921
"15680",170,203,0,0,0,0.70120485,0.46981541,0.60565216,0.57497419,0
"15681",171,203,0,0,0,0.70120485,0.46981541,0.60565216,0.57497419,0
"15682",172,203,0,0,0,0.70120485,0.46981541,0.60565216,0.57497419,0
"15683",173,203,0,0,0,0.70120485,0.46981541,0.60565216,0.57497419,0
"15684",174,203,0,0,0,0.70120485,0.46981541,0.60565216,0.57497419,0
"15685",175,203,0,0,0,0.70120485,0.46981541,0.60565216,0.57497419,0
"15686",176,203,0,0,0,0.70120485,0.46981541,0.60565216,0.57497419,0
"15687",177,203,0,0,0,0.70120485,0.46981541,0.60565216,0.57497419,0.00491017
"15688",178,203,0,0,0,0.70120485,0.46981541,0.60565216,0.57497419,0
"15689",179,203,0,0,0,0.70120485,0.46981541,0.60565216,0.57497419,0
"15690",180,203,0,0,0,0.70120485,0.46981541,0.60565216,0.57497419,0
"15691",181,203,0,0,0,0.70120485,0.46981541,0.60565216,0.57497419,0
"15692",182,203,0,0,0,0.70120485,0.46981541,0.60565216,0.57497419,0
"15693",183,203,0,0,0,0.70120485,0.46981541,0.60565216,0.57497419,0
"15694",150,204,0,0.00601221,0,0.1764495,0.11822322,0.15240485,0.14468512,0
"15695",151,204,0,0.11796458,0,0.54459123,0.36488246,0.47038017,0.4465541,0
"15696",152,204,0,0.10953428,0,0.50271339,0.33682382,0.43420899,0.4122151,0
"15697",153,204,0,0.09507226,0,0.44247521,0.29646354,0.38217942,0.36282097,0
"15698",154,204,0,0.10713847,0,0.50165754,0.33611639,0.43329702,0.41134932,0
"15699",155,204,0,0.14027218,0,0.65465005,0.43862315,0.56544135,0.53680017,0
"15700",156,204,0,0.06488485,0,0.31701433,0.21240329,0.27381501,0.25994552,0.01578563
"15701",157,204,0,0.1257997,0,0.60197883,0.40333282,0.5199476,0.4936108,0
"15702",158,204,0,0.13852036,0,0.67003323,0.44893006,0.57872828,0.54941408,0
"15703",159,204,0,0.09992346,0,0.49016803,0.32841828,0.42337318,0.40192814,0
"15704",160,204,0,0.07413593,0,0.35745161,0.23949674,0.30874193,0.29310329,0
"15705",161,204,0,0.13203252,0,0.6351367,0.42554898,0.54858707,0.5207996,0.001039
"15706",162,204,0,0.14513887,0,0.69338197,0.46457399,0.5988953,0.56855958,0.00499595
"15707",163,204,0,0.06750175,0,0.31938751,0.21399335,0.2758648,0.26189148,0.05292887
"15708",165,204,0,0.08666576,0,0.4086373,0.27379175,0.35295259,0.33507455,0
"15709",166,204,0,0.08879203,0,0.42581633,0.2853019,0.36779064,0.34916102,0.0071526
"15710",167,204,0,0,0,0.46484414,0.31145098,0.40150016,0.38116305,0.00049274
"15711",168,204,0,0,0,0.51935228,0.34797207,0.44858051,0.42585866,0
"15712",169,204,0,0,0,0.5959035,0.39926227,0.51470015,0.48862915,0
"15713",170,204,0,0,0,0.63173598,0.42327045,0.54564976,0.51801108,0.00254121
"15714",171,204,0,0,0,0.69601995,0.46634146,0.6011738,0.57072267,0
"15715",172,204,0,0,0,0.69601995,0.46634146,0.6011738,0.57072267,0
"15716",173,204,0,0,0,0.69601995,0.46634146,0.6011738,0.57072267,0
"15717",174,204,0,0,0,0.69601995,0.46634146,0.6011738,0.57072267,0
"15718",175,204,0,0,0,0.69601995,0.46634146,0.6011738,0.57072267,0
"15719",176,204,0,0,0,0.69601995,0.46634146,0.6011738,0.57072267,0
"15720",177,204,0,0,0,0.69601995,0.46634146,0.6011738,0.57072267,7.555e-05
"15721",178,204,0,0,0,0.69601995,0.46634146,0.6011738,0.57072267,0
"15722",179,204,0,0,0,0.69601995,0.46634146,0.6011738,0.57072267,0
"15723",180,204,0,0,0,0.69601995,0.46634146,0.6011738,0.57072267,0
"15724",181,204,0,0,0,0.69601995,0.46634146,0.6011738,0.57072267,0
"15725",182,204,0,0,0,0.69601995,0.46634146,0.6011738,0.57072267,0
"15726",183,204,0,0,0,0.69601995,0.46634146,0.6011738,0.57072267,0
"15727",184,204,0,0,0,0.69601995,0.46634146,0.6011738,0.57072267,0
"15728",185,204,0,0,0,0.69601995,0.46634146,0.6011738,0.57072267,0
"15729",198,204,0,0,0,0.69601995,0.46634146,0.6011738,0.57072267,0
"15730",199,204,0,0,0,0.69601995,0.46634146,0.6011738,0.57072267,0
"15731",200,204,0,0,0,0.69601995,0.46634146,0.6011738,0.57072267,0
"15732",201,204,0,0,0,0.69601995,0.46634146,0.6011738,0.57072267,0
"15733",202,204,0,0,0,0.69601995,0.46634146,0.6011738,0.57072267,0
"15734",203,204,0,0,0,0.69601995,0.46634146,0.6011738,0.57072267,0
"15735",204,204,0,0,0,0.69601995,0.46634146,0.6011738,0.57072267,0
"15736",205,204,0,0,0,0.69601995,0.46634146,0.6011738,0.57072267,0
"15737",209,204,0,0,0,0.69601995,0.46634146,0.6011738,0.57072267,0
"15738",210,204,0,0,0,0.69592169,0.46627563,0.60108893,0.5706421,0
"15739",211,204,0,0,0,0.69601995,0.46634146,0.6011738,0.57072267,0
"15740",212,204,0,0,0,0.69601995,0.46634146,0.6011738,0.57072267,0
"15741",213,204,0,0,0,0.69601995,0.46634146,0.6011738,0.57072267,0
"15742",214,204,0,0,0,0.69601995,0.46634146,0.6011738,0.57072267,0
"15743",153,205,0,0.05809921,0,0.26849714,0.17989621,0.23190923,0.22016238,0
"15744",154,205,0,0.09990865,0,0.49158805,0.32936971,0.42459969,0.40309253,0.00663053
"15745",155,205,0,0.08087409,0,0.37897397,0.25391697,0.32733146,0.3107512,0
"15746",156,205,0,0.05295705,0,0.25080851,0.16804462,0.21663101,0.20565804,0
"15747",157,205,0,0.09264449,0,0.44976516,0.30134789,0.38847598,0.36879859,0.00210181
"15748",158,205,0,0.11645652,0,0.5559897,0.37251957,0.48022538,0.45590062,0
"15749",159,205,0,0.07257048,0,0.34130235,0.22867654,0.29479332,0.27986121,0
"15750",161,205,0,0.04931081,0,0.23041916,0.15438352,0.19902011,0.18893918,0
"15751",162,205,0,0.09641103,0,0.45208727,0.30290373,0.39048166,0.37070267,0
"15752",163,205,0,0.06114272,0,0.27896078,0.18690697,0.24094699,0.22874235,0
"15753",167,205,0,0,0,0.39697015,0.26597462,0.34287531,0.32550772,0
"15754",168,205,0,0,0,0.31669125,0.21218682,0.27353595,0.25968059,0
"15755",169,205,0,0,0,0.49637493,0.33257698,0.42873427,0.40701768,0
"15756",170,205,0,0.17638056,0,0.57437891,0.38484055,0.49610871,0.47097941,0
"15757",171,205,0,0.21147216,0,0.68891152,0.46157873,0.59503403,0.5648939,0.00357661
"15758",172,205,0,0.21213953,0,0.69082893,0.46286342,0.59669016,0.56646614,0
"15759",173,205,0,0,0,0.69082893,0.46286342,0.59669016,0.56646614,0.01025388
"15760",174,205,0,0,0,0.69082893,0.46286342,0.59669016,0.56646614,0.01309369
"15761",175,205,0,0,0,0.69082893,0.46286342,0.59669016,0.56646614,0
"15762",176,205,0,0,0,0.69082893,0.46286342,0.59669016,0.56646614,0
"15763",177,205,0,0,0,0.69082893,0.46286342,0.59669016,0.56646614,0
"15764",178,205,0,0,0,0.69082893,0.46286342,0.59669016,0.56646614,0
"15765",179,205,0,0,0,0.69082893,0.46286342,0.59669016,0.56646614,0
"15766",180,205,0,0,0,0.69082893,0.46286342,0.59669016,0.56646614,0
"15767",181,205,0,0,0,0.69082893,0.46286342,0.59669016,0.56646614,0
"15768",182,205,0,0,0,0.69082893,0.46286342,0.59669016,0.56646614,0
"15769",183,205,0,0,0,0.69082893,0.46286342,0.59669016,0.56646614,0
"15770",184,205,0,0,0,0.69082893,0.46286342,0.59669016,0.56646614,0
"15771",185,205,0,0,0,0.69082893,0.46286342,0.59669016,0.56646614,0
"15772",197,205,0,0,0,0.69082893,0.46286342,0.59669016,0.56646614,0
"15773",198,205,0,0,0,0.69082893,0.46286342,0.59669016,0.56646614,0
"15774",199,205,0,0,0,0.69082893,0.46286342,0.59669016,0.56646614,0
"15775",200,205,0,0,0,0.69082893,0.46286342,0.59669016,0.56646614,0
"15776",201,205,0,0,0,0.69082893,0.46286342,0.59669016,0.56646614,0
"15777",202,205,0,0,0,0.69082893,0.46286342,0.59669016,0.56646614,0.00126738
"15778",203,205,0,0,0,0.69082893,0.46286342,0.59669016,0.56646614,0
"15779",204,205,0,0,0,0.69082893,0.46286342,0.59669016,0.56646614,0
"15780",205,205,0,0,0,0.69082893,0.46286342,0.59669016,0.56646614,0
"15781",206,205,0,0,0,0.69082893,0.46286342,0.59669016,0.56646614,0
"15782",207,205,0,0,0,0.69082893,0.46286342,0.59669016,0.56646614,0
"15783",208,205,0,0,0,0.69082893,0.46286342,0.59669016,0.56646614,0
"15784",209,205,0,0,0,0.69082893,0.46286342,0.59669016,0.56646614,0
"15785",210,205,0,0,0,0.69082893,0.46286342,0.59669016,0.56646614,0
"15786",211,205,0,0,0,0.69082893,0.46286342,0.59669016,0.56646614,0
"15787",212,205,0,0,0,0.69082893,0.46286342,0.59669016,0.56646614,0
"15788",213,205,0,0,0,0.69082893,0.46286342,0.59669016,0.56646614,0
"15789",214,205,0,0,0,0.69082893,0.46286342,0.59669016,0.56646614,0
"15790",215,205,0,0,0,0.69082893,0.46286342,0.59669016,0.56646614,0
"15791",216,205,0,0,0,0.69082893,0.46286342,0.59669016,0.56646614,0
"15792",217,205,0,0,0,0.69082893,0.46286342,0.59669016,0.56646614,0
"15793",157,206,0,0.10080045,0,0.42210085,0.28281248,0.36458147,0.3461144,0
"15794",158,206,0,0.1399669,0,0.60778659,0.40722409,0.52496394,0.49837305,0
"15795",159,206,0,0.08746103,0,0.39313643,0.26340598,0.33956401,0.32236414,0
"15796",165,206,0,0,0,0.28247086,0.18925876,0.24397875,0.23162055,0
"15797",166,206,0,0,0,0.50672032,0.33950851,0.4376699,0.41550069,0
"15798",167,206,0,0,0,0.30292293,0.20296189,0.26164384,0.24839085,0
"15799",168,206,0,0.08733213,0,0.28605977,0.19166337,0.24707861,0.23456339,0
"15800",169,206,0,0.09154118,0,0.30656735,0.20540369,0.26479164,0.2513792,8.319e-05
"15801",170,206,0,0.15610398,0,0.50835017,0.34060053,0.43907766,0.41683715,0.00424251
"15802",171,206,0,0.18347825,0,0.59801354,0.40067603,0.51652266,0.49035934,0
"15803",172,206,0,0,0,0.624763,0.41859848,0.53962699,0.51229337,0.00614976
"15804",173,206,0,0,0,0.68563181,0.45938129,0.59220125,0.5622046,0.00019026
"15805",174,206,0,0,0,0.68563181,0.45938129,0.59220125,0.5622046,0.01415456
"15806",175,206,0,0,0,0.68563181,0.45938129,0.59220125,0.5622046,0.02736257
"15807",176,206,0,0,0,0.68563181,0.45938129,0.59220125,0.5622046,0
"15808",177,206,0,0,0,0.68563181,0.45938129,0.59220125,0.5622046,0
"15809",178,206,0,0,0,0.68563181,0.45938129,0.59220125,0.5622046,0
"15810",179,206,0,0,0,0.68563181,0.45938129,0.59220125,0.5622046,0.00434805
"15811",180,206,0,0,0,0.68563181,0.45938129,0.59220125,0.5622046,0
"15812",181,206,0,0,0,0.68563181,0.45938129,0.59220125,0.5622046,0
"15813",182,206,0,0,0,0.68563181,0.45938129,0.59220125,0.5622046,0
"15814",183,206,0,0,0,0.68563181,0.45938129,0.59220125,0.5622046,0
"15815",184,206,0,0,0,0.68406302,0.45833018,0.59084623,0.56091822,0
"15816",185,206,0,0,0,0.68527153,0.4591399,0.59189007,0.56190918,0
"15817",186,206,0,0,0,0.68563181,0.45938129,0.59220125,0.5622046,0
"15818",187,206,0,0,0,0.68563181,0.45938129,0.59220125,0.5622046,0
"15819",189,206,0,0,0,0.68563181,0.45938129,0.59220125,0.5622046,0
"15820",196,206,0,0,0,0.68563181,0.45938129,0.59220125,0.5622046,0
"15821",197,206,0,0,0,0.68563181,0.45938129,0.59220125,0.5622046,0
"15822",198,206,0,0,0,0.68563181,0.45938129,0.59220125,0.5622046,0
"15823",199,206,0,0,0,0.68563181,0.45938129,0.59220125,0.5622046,0
"15824",200,206,0,0,0,0.68563181,0.45938129,0.59220125,0.5622046,0
"15825",201,206,0,0,0,0.68563181,0.45938129,0.59220125,0.5622046,0
"15826",202,206,0,0,0,0.68563181,0.45938129,0.59220125,0.5622046,0.00952165
"15827",203,206,0,0,0,0.68563181,0.45938129,0.59220125,0.5622046,0
"15828",204,206,0,0,0,0.68563181,0.45938129,0.59220125,0.5622046,0
"15829",205,206,0,0,0,0.68563181,0.45938129,0.59220125,0.5622046,0
"15830",206,206,0,0,0,0.68563181,0.45938129,0.59220125,0.5622046,0
"15831",207,206,0,0,0,0.68563181,0.45938129,0.59220125,0.5622046,0
"15832",208,206,0,0,0,0.68563181,0.45938129,0.59220125,0.5622046,0
"15833",209,206,0,0,0,0.68563181,0.45938129,0.59220125,0.5622046,0
"15834",210,206,0,0,0,0.68563181,0.45938129,0.59220125,0.5622046,0
"15835",211,206,0,0,0,0.68563181,0.45938129,0.59220125,0.5622046,0
"15836",212,206,0,0,0,0.68563181,0.45938129,0.59220125,0.5622046,0
"15837",213,206,0,0,0,0.68563181,0.45938129,0.59220125,0.5622046,0
"15838",214,206,0,0,0,0.68563181,0.45938129,0.59220125,0.5622046,0
"15839",215,206,0,0,0,0.68563181,0.45938129,0.59220125,0.5622046,0
"15840",216,206,0,0,0,0.68563181,0.45938129,0.59220125,0.5622046,0
"15841",217,206,0,0,0,0.68563181,0.45938129,0.59220125,0.5622046,0
"15842",218,206,0,0,0,0.67181596,0.45939969,0.59135723,0.55837464,0
"15843",237,206,0,0,0,0.51146612,0.34268825,0.44176899,0.41939216,0
"15844",238,206,0,0,0,0.53437852,0.35803983,0.46155914,0.43817988,0
"15845",239,206,0,0,0,0.17902641,0.11994978,0.15463061,0.14679813,0
"15846",159,207,0,0.01383782,0,0.40611979,0.27210499,0.35077814,0.33301024,0.00349885
"15847",160,207,0,0.01604734,0,0.47096611,0.31555277,0.40678789,0.38618295,0.02669131
"15848",165,207,0,0.05342679,0,0.18646347,0.1249327,0.16105423,0.15289638,0
"15849",166,207,0,0,0,0.48239178,0.3232081,0.41665659,0.39555177,0
"15850",167,207,0,0,0,0.67336901,0.45116507,0.58160949,0.55214934,0
"15851",168,207,0,0,0,0.61463467,0.41181238,0.53087884,0.50398834,0
"15852",169,207,0,0,0,0.66564383,0.44598911,0.57493701,0.54581485,0
"15853",170,207,0,0,0,0.67810537,0.45433849,0.58570043,0.55603307,0
"15854",171,207,0,0,0,0.41186427,0.27595385,0.35573982,0.3377206,0.00708969
"15855",172,207,0,0,0,0.55607075,0.37257387,0.48029538,0.45596708,0.00124491
"15856",173,207,0,0,0,0.68042859,0.45589507,0.58770706,0.55793806,0
"15857",174,207,0,0.20594836,0,0.67009485,0.44897135,0.5787815,0.5494646,0
"15858",175,207,0,0.17222844,0,0.560378,0.37545978,0.48401569,0.45949894,0
"15859",176,207,0,0,0,0.64623373,0.43298412,0.55817192,0.52989895,0
"15860",177,207,0,0,0,0.61827354,0.41425046,0.53402184,0.50697214,0
"15861",178,207,0,0,0,0.68042859,0.45589507,0.58770706,0.55793806,0
"15862",179,207,0,0,0,0.57660665,0.38633316,0.49803287,0.47280611,0.00514787
"15863",180,207,0,0,0,0.49773166,0.333486,0.42990612,0.40813018,0
"15864",181,207,0,0,0,0.6729249,0.45086751,0.5812259,0.55178519,0.00304062
"15865",182,207,0,0,0,0.68042859,0.45589507,0.58770706,0.55793806,0
"15866",183,207,0,0,0,0.62491344,0.41869927,0.53975693,0.51241673,0
"15867",184,207,0,0,0,0.67460583,0.45199376,0.58267778,0.55316352,0
"15868",185,207,0,0,0,0.68042859,0.45589507,0.58770706,0.55793806,0
"15869",186,207,0,0,0,0.68042859,0.45589507,0.58770706,0.55793806,0
"15870",187,207,0,0,0,0.68042859,0.45589507,0.58770706,0.55793806,0
"15871",188,207,0,0,0,0.68042859,0.45589507,0.58770706,0.55793806,0
"15872",189,207,0,0,0,0.68042859,0.45589507,0.58770706,0.55793806,0
"15873",190,207,0,0,0,0.66671758,0.45591333,0.58686945,0.55413716,0
"15874",194,207,0,0,0,0.68042859,0.45589507,0.58770706,0.55793806,0
"15875",195,207,0,0,0,0.68042859,0.45589507,0.58770706,0.55793806,0
"15876",196,207,0,0,0,0.68042859,0.45589507,0.58770706,0.55793806,0
"15877",197,207,0,0,0,0.68042859,0.45589507,0.58770706,0.55793806,0
"15878",198,207,0,0,0,0.68042859,0.45589507,0.58770706,0.55793806,0
"15879",199,207,0,0,0,0.68042859,0.45589507,0.58770706,0.55793806,0
"15880",200,207,0,0,0,0.68042859,0.45589507,0.58770706,0.55793806,0
"15881",201,207,0,0,0,0.68042859,0.45589507,0.58770706,0.55793806,0
"15882",202,207,0,0,0,0.68042859,0.45589507,0.58770706,0.55793806,0
"15883",203,207,0,0,0,0.68042859,0.45589507,0.58770706,0.55793806,0
"15884",204,207,0,0,0,0.68042859,0.45589507,0.58770706,0.55793806,0
"15885",205,207,0,0,0,0.68042859,0.45589507,0.58770706,0.55793806,0
"15886",206,207,0,0,0,0.68042859,0.45589507,0.58770706,0.55793806,0
"15887",207,207,0,0,0,0.68042859,0.45589507,0.58770706,0.55793806,0
"15888",208,207,0,0,0,0.68042859,0.45589507,0.58770706,0.55793806,0
"15889",209,207,0,0,0,0.68042859,0.45589507,0.58770706,0.55793806,0
"15890",210,207,0,0,0,0.68042859,0.45589507,0.58770706,0.55793806,0
"15891",211,207,0,0,0,0.68042859,0.45589507,0.58770706,0.55793806,0
"15892",212,207,0,0,0,0.68042859,0.45589507,0.58770706,0.55793806,0
"15893",213,207,0,0,0,0.68042859,0.45589507,0.58770706,0.55793806,0
"15894",214,207,0,0,0,0.68042859,0.45589507,0.58770706,0.55793806,0
"15895",215,207,0,0,0,0.68042859,0.45589507,0.58770706,0.55793806,0
"15896",216,207,0,0,0,0.68042859,0.45589507,0.58770706,0.55793806,0
"15897",217,207,0,0,0,0.68042859,0.45589507,0.58770706,0.55793806,0
"15898",237,207,0,0,0,0.68042859,0.45589507,0.58770706,0.55793806,0
"15899",238,207,0,0,0,0.68042859,0.45589507,0.58770706,0.55793806,0
"15900",239,207,0,0,0,0.60018743,0.40213256,0.51840031,0.49214189,0
"15901",240,207,0,0,0,0.06521325,0.04369364,0.05632669,0.05347359,0
"15902",241,207,0,0,0,0.02695708,0.01806155,0.02328365,0.02210427,0
"15903",166,208,0,0,0,0.22220991,0.14888323,0.19192953,0.18220776,0.00129948
"15904",167,208,0,0,0,0.43363866,0.29054295,0.37454703,0.35557517,0
"15905",168,208,0,0,0,0.57667548,0.38637928,0.49809232,0.47286256,0
"15906",169,208,0,0,0,0.6087403,0.40786309,0.52578769,0.49915508,0
"15907",170,208,0,0,0,0.67100471,0.44958096,0.57956737,0.55021067,0
"15908",171,208,0,0,0,0.57123355,0.38273312,0.49339196,0.46840028,0
"15909",172,208,0,0.07874791,0,0.31340544,0.20998529,0.2706979,0.25698629,0.00121347
"15910",173,208,0,0.17934343,0,0.5797892,0.38846551,0.50078174,0.47541575,0
"15911",174,208,0,0.08171419,0,0.32521081,0.21789503,0.28089457,0.26666647,0
"15912",175,208,0,0,0,0.41480312,0.27792292,0.3582782,0.34013041,0
"15913",176,208,0,0,0,0.60633715,0.40625294,0.52371202,0.49718454,0
"15914",177,208,0,0,0,0.53308229,0.35717134,0.46043955,0.437117,0
"15915",178,208,0,0,0,0.51251253,0.34338936,0.44267281,0.4202502,0
"15916",179,208,0,0,0,0.56131339,0.3760865,0.48482361,0.46026594,0
"15917",180,208,0,0,0,0.63226724,0.4236264,0.54610863,0.5184467,0
"15918",181,208,0,0,0,0.58784468,0.39386278,0.50773951,0.48202108,0
"15919",182,208,0,0,0,0.63938344,0.42839434,0.55225511,0.52428185,0
"15920",183,208,0,0,0,0.67163367,0.45000237,0.58011063,0.5507264,0
"15921",184,208,0,0,0,0.57172262,0.38306081,0.49381438,0.46880131,0.00106735
"15922",185,208,0,0,0,0.37504144,0.25128213,0.32393481,0.3075266,0.00483975
"15923",186,208,0,0,0,0.66727147,0.44707965,0.57634286,0.54714948,0
"15924",187,208,0,0,0,0.6752187,0.45240438,0.58320712,0.55366605,0
"15925",188,208,0,0,0,0.67352999,0.45127293,0.58174854,0.55228135,0
"15926",189,208,0,0,0,0.66321181,0.44435963,0.5728364,0.54382064,0
"15927",190,208,0,0,0,0.6752187,0.45240438,0.58320712,0.55366605,0
"15928",191,208,0,0,0,0.6752187,0.45240438,0.58320712,0.55366605,0
"15929",192,208,0,0,0,0.6752187,0.45240438,0.58320712,0.55366605,0
"15930",193,208,0,0,0,0.6752187,0.45240438,0.58320712,0.55366605,0
"15931",194,208,0,0,0,0.6752187,0.45240438,0.58320712,0.55366605,0
"15932",195,208,0,0,0,0.6752187,0.45240438,0.58320712,0.55366605,0
"15933",196,208,0,0,0,0.6752187,0.45240438,0.58320712,0.55366605,0
"15934",197,208,0,0,0,0.6752187,0.45240438,0.58320712,0.55366605,0
"15935",198,208,0,0,0,0.6752187,0.45240438,0.58320712,0.55366605,0
"15936",199,208,0,0,0,0.6752187,0.45240438,0.58320712,0.55366605,0
"15937",200,208,0,0,0,0.6752187,0.45240438,0.58320712,0.55366605,0
"15938",201,208,0,0,0,0.6752187,0.45240438,0.58320712,0.55366605,0
"15939",202,208,0,0,0,0.6752187,0.45240438,0.58320712,0.55366605,0
"15940",203,208,0,0,0,0.6752187,0.45240438,0.58320712,0.55366605,0
"15941",204,208,0,0,0,0.6752187,0.45240438,0.58320712,0.55366605,0
"15942",205,208,0,0,0,0.6752187,0.45240438,0.58320712,0.55366605,0
"15943",206,208,0,0,0,0.6752187,0.45240438,0.58320712,0.55366605,0
"15944",207,208,0,0,0,0.6752187,0.45240438,0.58320712,0.55366605,0
"15945",208,208,0,0,0,0.6752187,0.45240438,0.58320712,0.55366605,0
"15946",209,208,0,0,0,0.6752187,0.45240438,0.58320712,0.55366605,0
"15947",210,208,0,0,0,0.6752187,0.45240438,0.58320712,0.55366605,0
"15948",211,208,0,0,0,0.6752187,0.45240438,0.58320712,0.55366605,0
"15949",212,208,0,0,0,0.6752187,0.45240438,0.58320712,0.55366605,0
"15950",213,208,0,0,0,0.6752187,0.45240438,0.58320712,0.55366605,0
"15951",214,208,0,0,0,0.6752187,0.45240438,0.58320712,0.55366605,0
"15952",215,208,0,0,0,0.6752187,0.45240438,0.58320712,0.55366605,0
"15953",216,208,0,0,0,0.6752187,0.45240438,0.58320712,0.55366605,0.02257036
"15954",217,208,0,0,0,0.6752187,0.45240438,0.58320712,0.55366605,0.00892366
"15955",218,208,0,0,0,0.6752187,0.45240438,0.58320712,0.55366605,0.00110989
"15956",239,208,0,0,0,0.6752187,0.45240438,0.58320712,0.55366605,0
"15957",240,208,0,0,0,0.6752187,0.45240438,0.58320712,0.55366605,0
"15958",241,208,0,0,0,0.66258396,0.44393896,0.57229411,0.54330581,0
"15959",242,208,0,0,0,0.45547467,0.30517333,0.39340746,0.37348027,0
"15960",243,208,0,0,0,0.32735139,0.21932924,0.28274345,0.2684217,0
"15961",244,208,0,0,0,0.17626242,0.11809787,0.15224326,0.14453172,0
"15962",169,209,0,0,0,0.17923292,0.12008814,0.15480897,0.14696747,0
"15963",170,209,0,0,0,0.2634438,0.17651041,0.2275445,0.21601874,0
"15964",171,209,0,0,0,0.18128134,0.12146061,0.15657826,0.14864714,0
"15965",172,209,0,0,0,0.30389108,0.20361056,0.26248005,0.24918471,0
"15966",173,209,0,0.14432287,0,0.46836921,0.31381282,0.40454487,0.38405354,0
"15967",174,209,0,0,0,0.53149906,0.35611056,0.45907206,0.43581878,0
"15968",175,209,0,0,0,0.55628392,0.3727167,0.4804795,0.45614188,0
"15969",176,209,0,0.16421902,0,0.53293796,0.35707463,0.46031488,0.43699865,0
"15970",177,209,0,0.06537081,0,0.21214708,0.14214101,0.18323795,0.17395644,0.0240712
"15971",178,209,0,0,0,0.60671797,0.4065081,0.52404094,0.4974968,0.0053767
"15972",179,209,0,0,0,0.64892556,0.43478767,0.56049693,0.53210619,0
"15973",180,209,0,0,0,0.67000326,0.44890998,0.57870239,0.5493895,0
"15974",181,209,0,0,0,0.64023001,0.42896156,0.55298632,0.52497602,0.00612473
"15975",182,209,0,0,0,0.37876968,0.2537801,0.32715501,0.31058369,0
"15976",183,209,0,0,0,0.61785775,0.41397188,0.53366271,0.5066312,0
"15977",184,209,0,0,0,0.65460786,0.43859488,0.56540491,0.53676557,0.00011546
"15978",185,209,0,0,0,0.45134506,0.30240644,0.38984059,0.37009408,0.00429106
"15979",186,209,0,0,0,0.30160616,0.20207964,0.26050651,0.24731112,0
"15980",187,209,0,0,0,0.54293806,0.36377482,0.46895227,0.44519853,0.00197663
"15981",188,209,0,0,0,0.62479298,0.41861856,0.53965288,0.51231795,0
"15982",189,209,0,0,0,0.66989945,0.44884042,0.57861273,0.54930437,0
"15983",190,209,0,0,0,0.67000326,0.44890998,0.57870239,0.5493895,0
"15984",191,209,0,0,0,0.67000326,0.44890998,0.57870239,0.5493895,0
"15985",192,209,0,0,0,0.67000326,0.44890998,0.57870239,0.5493895,0
"15986",193,209,0,0,0,0.67000326,0.44890998,0.57870239,0.5493895,0
"15987",194,209,0,0,0,0.67000326,0.44890998,0.57870239,0.5493895,0
"15988",195,209,0,0,0,0.67000326,0.44890998,0.57870239,0.5493895,0
"15989",196,209,0,0,0,0.67000326,0.44890998,0.57870239,0.5493895,0
"15990",197,209,0,0,0,0.67000326,0.44890998,0.57870239,0.5493895,0
"15991",198,209,0,0,0,0.67000326,0.44890998,0.57870239,0.5493895,0
"15992",199,209,0,0,0,0.67000326,0.44890998,0.57870239,0.5493895,0
"15993",200,209,0,0,0,0.67000326,0.44890998,0.57870239,0.5493895,0
"15994",201,209,0,0,0,0.67000326,0.44890998,0.57870239,0.5493895,0
"15995",202,209,0,0,0,0.67000326,0.44890998,0.57870239,0.5493895,0
"15996",203,209,0,0,0,0.67000326,0.44890998,0.57870239,0.5493895,0
"15997",204,209,0,0,0,0.67000326,0.44890998,0.57870239,0.5493895,0
"15998",205,209,0,0,0,0.67000326,0.44890998,0.57870239,0.5493895,0
"15999",206,209,0,0,0,0.67000326,0.44890998,0.57870239,0.5493895,0
"16000",207,209,0,0,0,0.67000326,0.44890998,0.57870239,0.5493895,0
"16001",208,209,0,0,0,0.67000326,0.44890998,0.57870239,0.5493895,0
"16002",209,209,0,0,0,0.67000326,0.44890998,0.57870239,0.5493895,0
"16003",210,209,0,0,0,0.67000326,0.44890998,0.57870239,0.5493895,0
"16004",211,209,0,0,0,0.67000326,0.44890998,0.57870239,0.5493895,0
"16005",212,209,0,0,0,0.67000326,0.44890998,0.57870239,0.5493895,0
"16006",213,209,0,0,0,0.67000326,0.44890998,0.57870239,0.5493895,0
"16007",214,209,0,0,0,0.67000326,0.44890998,0.57870239,0.5493895,0
"16008",215,209,0,0,0,0.67000326,0.44890998,0.57870239,0.5493895,0
"16009",216,209,0,0,0,0.67000326,0.44890998,0.57870239,0.5493895,0
"16010",217,209,0,0,0,0.67000326,0.44890998,0.57870239,0.5493895,0
"16011",218,209,0,0,0,0.67000326,0.44890998,0.57870239,0.5493895,0
"16012",219,209,0,0,0,0.67000326,0.44890998,0.57870239,0.5493895,0
"16013",239,209,0,0,0,0.67000326,0.44890998,0.57870239,0.5493895,0
"16014",240,209,0,0,0,0.66789488,0.44749734,0.57688132,0.54766067,0
"16015",241,209,0,0,0,0.66298753,0.44420936,0.57264269,0.54363674,0
"16016",242,209,0,0,0,0.67000326,0.44890998,0.57870239,0.5493895,0
"16017",243,209,0,0,0,0.67000326,0.44890998,0.57870239,0.5493895,0.02079872
"16018",244,209,0,0,0,0.60843609,0.40765926,0.52552494,0.49890563,0.02055066
"16019",245,209,0,0,0,0.09966013,0.06677345,0.08607952,0.08171935,0
"16020",246,209,0,0,0,0.28789114,0.19289041,0.24866042,0.23606507,0
"16021",247,209,0,0,0,0.49258228,0.33003586,0.42545844,0.40390779,0
"16022",248,209,0,0,0,0.49783769,0.33355705,0.4299977,0.40821712,0
"16023",249,209,0,0,0,0.27489445,0.18418248,0.23743478,0.22540805,0
"16024",173,210,0,0,0,0.18921025,0.12677307,0.16342671,0.15514869,0
"16025",174,210,0,0,0,0.40986081,0.27461151,0.35400937,0.3360778,0
"16026",175,210,0,0,0,0.44966802,0.3012828,0.38839207,0.36871893,0
"16027",176,210,0,0.14070296,0,0.45662157,0.30594176,0.39439807,0.3744207,0.00419343
"16028",177,210,0,0.17249322,0,0.55979012,0.37506589,0.48350791,0.45901689,0.03375781
"16029",178,210,0,0.1122726,0,0.36435686,0.24412334,0.31470621,0.29876546,0.01067631
"16030",179,210,0,0.16390582,0,0.53192152,0.35639361,0.45943695,0.43616519,0
"16031",180,210,0,0,0,0.47170165,0.31604559,0.4074232,0.38678608,0
"16032",181,210,0,0,0,0.54697218,0.36647773,0.47243667,0.44850643,0
"16033",182,210,0,0.05045992,0,0.16446481,0.11019334,0.14205331,0.13485791,0
"16034",183,210,0,0,0,0.48442744,0.32457202,0.41841485,0.39722097,0
"16035",184,210,0,0,0,0.64291961,0.43076362,0.55530941,0.52718144,0
"16036",185,210,0,0,0,0.54728083,0.36668453,0.47270326,0.44875952,0
"16037",187,210,0,0,0,0.53198369,0.35643526,0.45949065,0.43621617,0
"16038",188,210,0,0,0,0.6120572,0.41008545,0.5286526,0.50187487,0
"16039",189,210,0,0,0,0.58559086,0.39235269,0.50579281,0.48017299,0.01340446
"16040",190,210,0,0.19506459,0,0.63556359,0.425835,0.54895579,0.52114965,0.01158834
"16041",191,210,0,0,0,0.66256786,0.44392817,0.5722802,0.54329261,0
"16042",192,210,0,0,0,0.66478171,0.44541148,0.57419238,0.54510793,0
"16043",193,210,0,0,0,0.66478171,0.44541148,0.57419238,0.54510793,0
"16044",194,210,0,0,0,0.66478171,0.44541148,0.57419238,0.54510793,0
"16045",195,210,0,0,0,0.55834401,0.37409698,0.48225886,0.4578311,0
"16046",196,210,0,0,0,0.5481757,0.3672841,0.47347619,0.4494933,0
"16047",197,210,0,0,0,0.66478171,0.44541148,0.57419238,0.54510793,0
"16048",198,210,0,0,0,0.66478171,0.44541148,0.57419238,0.54510793,0
"16049",199,210,0,0,0,0.66478171,0.44541148,0.57419238,0.54510793,0
"16050",200,210,0,0,0,0.66478171,0.44541148,0.57419238,0.54510793,0
"16051",201,210,0,0,0,0.66478171,0.44541148,0.57419238,0.54510793,0
"16052",202,210,0,0,0,0.66478171,0.44541148,0.57419238,0.54510793,0
"16053",203,210,0,0,0,0.66478171,0.44541148,0.57419238,0.54510793,0.00493216
"16054",204,210,0,0,0,0.66478171,0.44541148,0.57419238,0.54510793,0
"16055",205,210,0,0,0,0.66478171,0.44541148,0.57419238,0.54510793,0
"16056",206,210,0,0,0,0.66478171,0.44541148,0.57419238,0.54510793,0
"16057",207,210,0,0,0,0.66478171,0.44541148,0.57419238,0.54510793,0
"16058",208,210,0,0,0,0.66478171,0.44541148,0.57419238,0.54510793,0
"16059",209,210,0,0,0,0.66478171,0.44541148,0.57419238,0.54510793,0
"16060",210,210,0,0,0,0.66478171,0.44541148,0.57419238,0.54510793,0
"16061",211,210,0,0,0,0.66478171,0.44541148,0.57419238,0.54510793,0
"16062",212,210,0,0,0,0.66478171,0.44541148,0.57419238,0.54510793,0
"16063",213,210,0,0,0,0.66478171,0.44541148,0.57419238,0.54510793,0
"16064",214,210,0,0,0,0.66478171,0.44541148,0.57419238,0.54510793,0
"16065",215,210,0,0,0,0.66478171,0.44541148,0.57419238,0.54510793,0
"16066",216,210,0,0,0,0.66478171,0.44541148,0.57419238,0.54510793,0
"16067",217,210,0,0,0,0.66478171,0.44541148,0.57419238,0.54510793,0
"16068",218,210,0,0,0,0.66478171,0.44541148,0.57419238,0.54510793,0
"16069",219,210,0,0,0,0.66478171,0.44541148,0.57419238,0.54510793,0
"16070",220,210,0,0,0,0.66478171,0.44541148,0.57419238,0.54510793,0
"16071",237,210,0,0,0,0.66478171,0.44541148,0.57419238,0.54510793,0
"16072",238,210,0,0,0,0.66478171,0.44541148,0.57419238,0.54510793,0
"16073",239,210,0,0,0,0.66478171,0.44541148,0.57419238,0.54510793,0
"16074",240,210,0,0,0,0.66178512,0.44340373,0.57160413,0.54265079,0
"16075",241,210,0,0,0,0.53391055,0.35772628,0.46115493,0.43779615,0
"16076",242,210,0,0,0,0.52484307,0.35165096,0.45332307,0.43036099,0
"16077",243,210,0,0,0,0.51856955,0.34744763,0.44790444,0.42521683,0.01495339
"16078",244,210,0,0,0,0.3908604,0.26188101,0.33759813,0.32049784,0.01397286
"16079",245,210,0,0,0,0.64787747,0.43408544,0.55959167,0.53124679,0
"16080",246,210,0,0,0,0.46604766,0.31225735,0.40253968,0.38214992,0
"16081",247,210,0,0,0,0.57013495,0.38199705,0.49244306,0.46749945,0
"16082",248,210,0,0,0,0.45795776,0.30683703,0.39555218,0.37551636,0
"16083",249,210,0,0,0,0.15162967,0.10159364,0.1309672,0.12433335,0
"16084",176,211,0,0,0,0.31782704,0.21294781,0.27451697,0.26061192,0
"16085",177,211,0,0,0,0.518846,0.34763286,0.44814323,0.42544352,0
"16086",178,211,0,0,0,0.65874246,0.44136511,0.56897609,0.54015586,0
"16087",179,211,0,0,0,0.65955406,0.44190889,0.5696771,0.54082136,0
"16088",180,211,0,0,0,0.55975348,0.37504134,0.48347627,0.45898685,0
"16089",181,211,0,0,0,0.47952231,0.32128553,0.41417815,0.39319887,0
"16090",182,211,0,0,0,0.39917402,0.26745123,0.34477885,0.32731484,0
"16091",184,211,0,0,0,0.20214032,0.13543637,0.17459481,0.16575109,0
"16092",185,211,0,0,0,0.45919015,0.30766274,0.39661663,0.37652689,0
"16093",187,211,0,0,0,0.26694056,0.17885328,0.23056476,0.21888601,0
"16094",188,211,0,0,0,0.30894164,0.20699449,0.26684238,0.25332607,0
"16095",189,211,0,0.12188378,0,0.39725771,0.26616729,0.34312368,0.32574351,0
"16096",190,211,0,0.05735161,0,0.18692701,0.12524327,0.1614546,0.15327647,0
"16097",191,211,0,0,0,0.47400266,0.3175873,0.40941066,0.38867286,0
"16098",192,211,0,0,0,0.65788146,0.44078823,0.56823242,0.53944986,0
"16099",193,211,0,0,0,0.39711449,0.26607133,0.34299998,0.32562607,0
"16100",194,211,0,0,0,0.24661062,0.16523198,0.21300516,0.20221586,0
"16101",195,211,0,0,0,0.3830414,0.2566422,0.33084462,0.31408642,0
"16102",196,211,0,0,0,0.60524188,0.4055191,0.522766,0.49628644,0.00216596
"16103",197,211,0,0,0,0.65955406,0.44190889,0.5696771,0.54082136,0
"16104",198,211,0,0,0,0.65955406,0.44190889,0.5696771,0.54082136,0
"16105",199,211,0,0,0,0.65955406,0.44190889,0.5696771,0.54082136,0
"16106",200,211,0,0,0,0.65955406,0.44190889,0.5696771,0.54082136,0
"16107",201,211,0,0,0,0.65955406,0.44190889,0.5696771,0.54082136,0
"16108",202,211,0,0,0,0.56597259,0.37920822,0.48884791,0.4640864,0
"16109",203,211,0,0,0,0.55021858,0.36865285,0.47524068,0.45116841,0.03070275
"16110",204,211,0,0,0,0.57766583,0.38704283,0.49894772,0.47367462,0.01986654
"16111",205,211,0,0,0,0.65900226,0.44153918,0.56920049,0.5403689,0
"16112",206,211,0,0,0,0.65955406,0.44190889,0.5696771,0.54082136,0
"16113",207,211,0,0,0,0.65955406,0.44190889,0.5696771,0.54082136,0
"16114",208,211,0,0,0,0.65955406,0.44190889,0.5696771,0.54082136,0
"16115",209,211,0,0,0,0.65955406,0.44190889,0.5696771,0.54082136,0
"16116",210,211,0,0,0,0.65955406,0.44190889,0.5696771,0.54082136,0
"16117",211,211,0,0,0,0.65955406,0.44190889,0.5696771,0.54082136,0
"16118",212,211,0,0,0,0.65955406,0.44190889,0.5696771,0.54082136,0
"16119",213,211,0,0,0,0.65955406,0.44190889,0.5696771,0.54082136,0.01717915
"16120",214,211,0,0,0,0.65955406,0.44190889,0.5696771,0.54082136,0.00093414
"16121",215,211,0,0,0,0.65955406,0.44190889,0.5696771,0.54082136,0
"16122",216,211,0,0,0,0.65955406,0.44190889,0.5696771,0.54082136,0
"16123",217,211,0,0,0,0.65955406,0.44190889,0.5696771,0.54082136,0
"16124",218,211,0,0,0,0.65955406,0.44190889,0.5696771,0.54082136,0
"16125",219,211,0,0,0,0.65955406,0.44190889,0.5696771,0.54082136,0
"16126",220,211,0,0,0,0.65955406,0.44190889,0.5696771,0.54082136,0
"16127",221,211,0,0,0,0.65955406,0.44190889,0.5696771,0.54082136,0
"16128",222,211,0,0,0,0.65955406,0.44190889,0.5696771,0.54082136,0
"16129",233,211,0,0,0,0.65955406,0.44190889,0.5696771,0.54082136,0
"16130",234,211,0,0,0,0.65955406,0.44190889,0.5696771,0.54082136,0
"16131",235,211,0,0,0,0.65955406,0.44190889,0.5696771,0.54082136,0
"16132",236,211,0,0,0,0.65955406,0.44190889,0.5696771,0.54082136,0
"16133",237,211,0,0,0,0.65955406,0.44190889,0.5696771,0.54082136,0
"16134",238,211,0,0,0,0.65955406,0.44190889,0.5696771,0.54082136,0
"16135",239,211,0,0,0,0.65955406,0.44190889,0.5696771,0.54082136,0
"16136",240,211,0,0,0,0.58924639,0.39480193,0.5089502,0.48317045,0
"16137",241,211,0,0,0,0.48403662,0.32431017,0.4180773,0.39690051,0.00301924
"16138",242,211,0,0,0,0.22092035,0.1480192,0.19081569,0.18115034,0
"16139",243,211,0,0,0,0.24887388,0.1667484,0.21496001,0.20407169,0
"16140",176,212,0,0,0,0.33200338,0.22244612,0.28676151,0.27223624,0
"16141",177,212,0,0,0,0.33404514,0.22381413,0.28852505,0.27391045,0
"16142",178,212,0,0,0,0.39767961,0.26644996,0.34348809,0.32608946,0
"16143",179,212,0,0,0,0.31899614,0.21373113,0.27552676,0.26157056,0
"16144",180,212,0,0,0,0.32147924,0.21539483,0.27767149,0.26360665,0
"16145",182,212,0,0,0,0.36677556,0.24574389,0.31679532,0.30074875,0
"16146",183,212,0,0,0,0.43188834,0.28937021,0.37303522,0.35413994,0
"16147",186,212,0,0,0,0.32921052,0.22057488,0.28434924,0.26994615,0
"16148",187,212,0,0,0,0.44216545,0.29625599,0.38191187,0.36256697,0
"16149",188,212,0,0,0,0.46252092,0.3098944,0.39949353,0.37925806,0
"16150",189,212,0,0,0,0.21614068,0.14481677,0.18668735,0.17723111,0.00951721
"16151",192,212,0,0,0,0.17742319,0.1188756,0.15324586,0.14548353,0
"16152",193,212,0,0,0,0.38378861,0.25714283,0.33149001,0.31469911,0
"16153",194,212,0,0,0,0.44812254,0.30024731,0.3870572,0.36745167,0
"16154",195,212,0,0,0,0.50259348,0.33674348,0.43410543,0.41211677,0
"16155",196,212,0,0,0,0.61146876,0.40969119,0.52814435,0.50139236,0
"16156",197,212,0,0,0,0.56799437,0.38056284,0.49059418,0.46574422,0
"16157",198,212,0,0,0,0.53634978,0.3593606,0.46326178,0.43979628,0
"16158",199,212,0,0,0,0.5936641,0.39776186,0.51276592,0.48679289,0
"16159",200,212,0,0,0,0.60623223,0.40618265,0.52362139,0.49709851,0
"16160",201,212,0,0,0,0.50631729,0.33923848,0.43732179,0.41517022,0
"16161",203,212,0,0,0,0.26608233,0.17827826,0.22982348,0.21818228,0
"16162",204,212,0,0,0,0.5248575,0.35166063,0.45333554,0.43037283,0
"16163",205,212,0,0,0,0.64243165,0.43043668,0.55488795,0.52678132,0
"16164",206,212,0,0,0,0.6543203,0.43840221,0.56515654,0.53652978,0
"16165",207,212,0,0,0,0.6543203,0.43840221,0.56515654,0.53652978,0
"16166",208,212,0,0,0,0.6543203,0.43840221,0.56515654,0.53652978,0
"16167",209,212,0,0,0,0.6543203,0.43840221,0.56515654,0.53652978,0
"16168",210,212,0,0,0,0.6543203,0.43840221,0.56515654,0.53652978,0
"16169",211,212,0,0,0,0.6543203,0.43840221,0.56515654,0.53652978,0
"16170",212,212,0,0,0,0.6543203,0.43840221,0.56515654,0.53652978,0
"16171",213,212,0,0,0,0.48452403,0.32463674,0.41849828,0.39730017,0.01572915
"16172",214,212,0,0,0,0.42085403,0.2819771,0.36350455,0.34509203,0
"16173",215,212,0,0,0,0.51215337,0.34314871,0.44236259,0.41995569,0
"16174",216,212,0,0,0,0.6543203,0.43840221,0.56515654,0.53652978,0
"16175",217,212,0,0,0,0.6543203,0.43840221,0.56515654,0.53652978,0
"16176",218,212,0,0,0,0.6543203,0.43840221,0.56515654,0.53652978,0
"16177",219,212,0,0,0,0.6543203,0.43840221,0.56515654,0.53652978,0
"16178",220,212,0,0,0,0.6543203,0.43840221,0.56515654,0.53652978,0
"16179",221,212,0,0,0,0.6543203,0.43840221,0.56515654,0.53652978,0
"16180",222,212,0,0,0,0.6543203,0.43840221,0.56515654,0.53652978,0
"16181",223,212,0,0,0,0.6543203,0.43840221,0.56515654,0.53652978,0
"16182",224,212,0,0,0,0.6543203,0.43840221,0.56515654,0.53652978,0
"16183",225,212,0,0,0,0.6543203,0.43840221,0.56515654,0.53652978,0
"16184",226,212,0,0,0,0.6543203,0.43840221,0.56515654,0.53652978,0
"16185",227,212,0,0,0,0.6543203,0.43840221,0.56515654,0.53652978,0
"16186",228,212,0,0,0,0.6543203,0.43840221,0.56515654,0.53652978,0
"16187",229,212,0,0,0,0.6543203,0.43840221,0.56515654,0.53652978,0
"16188",230,212,0,0,0,0.6543203,0.43840221,0.56515654,0.53652978,0
"16189",231,212,0,0,0,0.6411354,0.43841978,0.56435106,0.53287472,0.007504
"16190",232,212,0,0,0,0.6543203,0.43840221,0.56515654,0.53652978,0
"16191",233,212,0,0,0,0.6543203,0.43840221,0.56515654,0.53652978,0
"16192",234,212,0,0,0,0.6543203,0.43840221,0.56515654,0.53652978,0
"16193",235,212,0,0,0,0.60808081,0.40742122,0.52521807,0.49861431,0
"16194",236,212,0,0,0,0.45507387,0.30490478,0.39306127,0.37315162,0
"16195",237,212,0,0,0,0.37180725,0.24911519,0.32114134,0.30487464,0
"16196",238,212,0,0,0,0.36071577,0.24168376,0.31156129,0.29577984,0
"16197",239,212,0,0,0,0.26814297,0.17965891,0.23160332,0.21987196,0.00193735
"16198",240,212,0,0,0,0.30794629,0.2063276,0.26598267,0.25250991,0.00234955
"16199",241,212,0,0,0,0.29198633,0.19563424,0.25219756,0.23942305,0
"16200",242,212,0,0,0,0.35808501,0.23992112,0.30928902,0.29362267,0.01338939
"16201",243,212,0,0,0,0.39455312,0.26435518,0.34078765,0.3235258,0.00202967
"16202",244,212,0,0,0,0.32377636,0.21693393,0.27965559,0.26549025,0
"16203",245,212,0,0,0,0.17447102,0.11689761,0.15069598,0.1430628,0
"16204",181,213,0,0,0,0.24176545,0.16198566,0.20882024,0.19824292,0
"16205",182,213,0,0,0,0.17752256,0.11894218,0.15333169,0.14556501,0
"16206",187,213,0,0,0,0.24017167,0.16091782,0.20744365,0.19693605,0
"16207",188,213,0,0,0,0.20621497,0.13816643,0.1781142,0.16909222,0
"16208",191,213,0,0,0,0.22793774,0.15272093,0.19687682,0.18690446,0
"16209",192,213,0,0,0,0.36559314,0.24495165,0.31577402,0.29977918,0
"16210",193,213,0,0,0,0.4714313,0.31586446,0.40718969,0.3865644,0
"16211",194,213,0,0,0,0.3807687,0.25511946,0.32888162,0.31222285,0
"16212",195,213,0,0,0,0.56253023,0.3769018,0.48587464,0.46126373,0
"16213",196,213,0,0,0,0.49149201,0.32930536,0.42451674,0.40301378,0
"16214",197,213,0,0,0,0.29969319,0.20079792,0.25885421,0.24574252,0
"16215",198,213,0,0,0,0.46718346,0.31301835,0.4035207,0.38308125,0
"16216",199,213,0,0,0,0.49397954,0.33097204,0.4266653,0.40505351,0
"16217",200,213,0,0,0,0.50761352,0.34010696,0.43844138,0.4162331,0
"16218",201,213,0,0,0,0.3940202,0.26399811,0.34032734,0.32308881,0
"16219",203,213,0,0,0,0.31031892,0.20791728,0.26803198,0.25445541,0
"16220",204,213,0,0,0,0.42736681,0.28634073,0.36912984,0.35043238,0
"16221",205,213,0,0,0,0.62458647,0.4184802,0.53947451,0.51214862,0
"16222",206,213,0,0,0,0.64908044,0.43489144,0.56063071,0.53223319,0
"16223",207,213,0,0,0,0.64908044,0.43489144,0.56063071,0.53223319,0
"16224",208,213,0,0,0,0.64908044,0.43489144,0.56063071,0.53223319,0
"16225",209,213,0,0,0,0.64908044,0.43489144,0.56063071,0.53223319,0
"16226",210,213,0,0,0,0.64908044,0.43489144,0.56063071,0.53223319,0
"16227",211,213,0,0,0,0.64908044,0.43489144,0.56063071,0.53223319,0
"16228",212,213,0,0,0,0.64908044,0.43489144,0.56063071,0.53223319,0
"16229",213,213,0,0,0,0.54073919,0.36230155,0.46705304,0.4433955,0
"16230",214,213,0,0,0,0.22658766,0.15181637,0.19571072,0.18579743,0
"16231",216,213,0,0,0,0.34190022,0.22907713,0.29530972,0.28035146,0
"16232",217,213,0,0,0,0.64294848,0.43078296,0.55533434,0.52720511,0
"16233",218,213,0,0,0,0.64908044,0.43489144,0.56063071,0.53223319,0
"16234",219,213,0,0,0,0.64908044,0.43489144,0.56063071,0.53223319,0
"16235",220,213,0,0,0,0.64908044,0.43489144,0.56063071,0.53223319,0
"16236",221,213,0,0,0,0.64908044,0.43489144,0.56063071,0.53223319,0
"16237",222,213,0,0,0,0.64908044,0.43489144,0.56063071,0.53223319,0
"16238",223,213,0,0,0,0.64908044,0.43489144,0.56063071,0.53223319,0
"16239",224,213,0,0,0,0.64908044,0.43489144,0.56063071,0.53223319,0
"16240",225,213,0,0,0,0.64908044,0.43489144,0.56063071,0.53223319,0
"16241",226,213,0,0,0,0.64908044,0.43489144,0.56063071,0.53223319,0
"16242",227,213,0,0,0,0.64908044,0.43489144,0.56063071,0.53223319,0
"16243",228,213,0,0,0,0.64908044,0.43489144,0.56063071,0.53223319,0
"16244",229,213,0,0,0,0.64908044,0.43489144,0.56063071,0.53223319,0
"16245",230,213,0,0,0,0.64908044,0.43489144,0.56063071,0.53223319,0
"16246",231,213,0,0,0,0.64908044,0.43489144,0.56063071,0.53223319,0
"16247",232,213,0,0,0,0.64908044,0.43489144,0.56063071,0.53223319,0.01042189
"16248",233,213,0,0,0,0.64908044,0.43489144,0.56063071,0.53223319,0.00258903
"16249",234,213,0,0,0,0.64908044,0.43489144,0.56063071,0.53223319,0
"16250",235,213,0,0,0,0.61873374,0.4145588,0.53441933,0.5073495,0
"16251",236,213,0,0,0,0.62729494,0.42029491,0.54181391,0.51436952,0
"16252",237,213,0,0,0,0.64908044,0.43489144,0.56063071,0.53223319,0
"16253",238,213,0,0,0,0.64908044,0.43489144,0.56063071,0.53223319,0
"16254",239,213,0,0,0,0.64908044,0.43489144,0.56063071,0.53223319,0
"16255",240,213,0,0,0,0.64908044,0.43489144,0.56063071,0.53223319,0
"16256",241,213,0,0,0,0.64908044,0.43489144,0.56063071,0.53223319,0
"16257",242,213,0,0,0,0.64908044,0.43489144,0.56063071,0.53223319,0
"16258",243,213,0,0,0,0.64908044,0.43489144,0.56063071,0.53223319,0
"16259",244,213,0,0,0,0.64908044,0.43489144,0.56063071,0.53223319,0
"16260",245,213,0,0,0,0.64636863,0.4330745,0.55828843,0.53000957,0
"16261",246,213,0,0,0,0.49893518,0.33429238,0.43094564,0.40911704,0
"16262",247,213,0,0,0,0.33408733,0.2238424,0.28856149,0.27394504,0
"16263",248,213,0,0,0,0.29365394,0.19675155,0.25363792,0.24079045,0
"16264",249,213,0,0,0,0.23582723,0.15800699,0.20369122,0.19337369,0.00853444
"16265",199,214,0,0,0,0.1767687,0.11843708,0.15268055,0.14494686,0
"16266",201,214,0,0,0,0.33333347,0.2233373,0.28791035,0.27332689,0
"16267",202,214,0,0,0,0.58723682,0.3934555,0.50721447,0.48152264,0
"16268",203,214,0,0,0,0.61233477,0.41027142,0.52889234,0.50210247,0
"16269",204,214,0,0,0,0.53481541,0.35833254,0.46193649,0.43853812,0
"16270",205,214,0,0,0,0.47172108,0.31605861,0.40743998,0.38680201,0
"16271",206,214,0,0,0,0.45912242,0.30761736,0.39655814,0.37647136,0
"16272",207,214,0,0,0,0.6388161,0.42801422,0.55176508,0.52381664,0
"16273",208,214,0,0,0,0.63288787,0.42404224,0.54664469,0.51895561,0
"16274",209,214,0,0,0,0.57809384,0.3873296,0.4993174,0.47402558,0
"16275",210,214,0,0,0,0.64383502,0.43137695,0.55610008,0.52793206,0.00449023
"16276",211,214,0,0,0,0.64383502,0.43137695,0.55610008,0.52793206,0.00323171
"16277",212,214,0,0,0,0.64383502,0.43137695,0.55610008,0.52793206,0
"16278",213,214,0,0,0,0.64383502,0.43137695,0.55610008,0.52793206,0
"16279",214,214,0,0,0,0.46642404,0.31250953,0.40286476,0.38245854,0
"16280",217,214,0,0,0,0.38171242,0.25575177,0.32969674,0.31299668,0
"16281",218,214,0,0,0,0.64340757,0.43109056,0.55573088,0.52758156,0
"16282",219,214,0,0,0,0.64383502,0.43137695,0.55610008,0.52793206,0
"16283",220,214,0,0,0,0.64383502,0.43137695,0.55610008,0.52793206,0
"16284",221,214,0,0,0,0.64383502,0.43137695,0.55610008,0.52793206,0
"16285",222,214,0,0,0,0.63429179,0.42498288,0.5478573,0.5201068,0
"16286",223,214,0,0,0,0.366785,0.24575022,0.31680347,0.30075649,0
"16287",224,214,0,0,0,0.46818657,0.31369045,0.40438712,0.38390378,0
"16288",225,214,0,0,0,0.55091804,0.3691215,0.47584483,0.45174196,0
"16289",226,214,0,0,0,0.61024915,0.40887403,0.52709093,0.5003923,0
"16290",227,214,0,0,0,0.64383502,0.43137695,0.55610008,0.52793206,0
"16291",228,214,0,0,0,0.64383502,0.43137695,0.55610008,0.52793206,0
"16292",229,214,0,0,0,0.64383502,0.43137695,0.55610008,0.52793206,0
"16293",230,214,0,0,0,0.64252658,0.43050028,0.55496994,0.52685916,0
"16294",231,214,0,0,0,0.54723975,0.366657,0.47266778,0.44872584,0
"16295",232,214,0,0,0,0.59080574,0.39584672,0.51029706,0.48444909,0
"16296",233,214,0,0,0,0.5882466,0.39413206,0.50808665,0.48235064,0
"16297",234,214,0,0,0,0.5688365,0.38112707,0.49132156,0.46643475,0.0009592
"16298",235,214,0,0,0,0.62953989,0.42179905,0.54375293,0.51621033,0.00137592
"16299",236,214,0,0,0,0.64383502,0.43137695,0.55610008,0.52793206,0
"16300",237,214,0,0,0,0.64383502,0.43137695,0.55610008,0.52793206,0
"16301",238,214,0,0,0,0.64383502,0.43137695,0.55610008,0.52793206,0
"16302",239,214,0,0,0,0.64383502,0.43137695,0.55610008,0.52793206,0.00199
"16303",240,214,0,0,0,0.64383502,0.43137695,0.55610008,0.52793206,0
"16304",241,214,0,0,0,0.64383502,0.43137695,0.55610008,0.52793206,0
"16305",242,214,0,0,0,0.64383502,0.43137695,0.55610008,0.52793206,0
"16306",243,214,0,0,0,0.64383502,0.43137695,0.55610008,0.52793206,0
"16307",244,214,0,0,0,0.64383502,0.43137695,0.55610008,0.52793206,0
"16308",245,214,0,0,0,0.64383502,0.43137695,0.55610008,0.52793206,0
"16309",246,214,0,0,0,0.64383502,0.43137695,0.55610008,0.52793206,0
"16310",247,214,0,0,0,0.63552973,0.42581231,0.54892655,0.52112188,0
"16311",248,214,0,0,0,0.43950693,0.29447476,0.37961563,0.36038704,0
"16312",249,214,0,0,0,0.40631464,0.27223554,0.35094643,0.33317002,0
"16313",196,215,0,0,0,0.22248137,0.14906511,0.19216399,0.18243035,0
"16314",197,215,0,0,0,0.4368412,0.29268869,0.37731316,0.35820119,0.00224972
"16315",198,215,0,0,0,0.57153055,0.38293211,0.49364848,0.46864381,0
"16316",199,215,0,0,0,0.51649392,0.34605694,0.44611166,0.42351486,0
"16317",200,215,0,0,0,0.45995234,0.30817342,0.39727496,0.37715188,0
"16318",201,215,0,0,0,0.44152705,0.29582826,0.38136047,0.3620435,0
"16319",202,215,0,0,0,0.29486467,0.19756276,0.25468367,0.24178323,0
"16320",204,215,0,0,0,0.33568055,0.22490988,0.2899376,0.27525145,0
"16321",205,215,0,0,0,0.20548109,0.13767472,0.17748033,0.16849046,0.00166444
"16322",206,215,0,0,0,0.49820241,0.33380141,0.43031272,0.40851618,0.0104863
"16323",207,215,0,0,0,0.60272326,0.40383159,0.52059059,0.49422122,0
"16324",208,215,0,0,0,0.30999861,0.20770267,0.26775532,0.25419276,0
"16325",209,215,0,0,0,0.4878387,0.32685761,0.42136127,0.40001814,0
"16326",210,215,0,0,0,0.63824154,0.42762926,0.55126882,0.52334551,0
"16327",211,215,0,0,0,0.52014501,0.34850321,0.44926521,0.42650868,0
"16328",212,215,0,0,0,0.62821812,0.42091345,0.54261129,0.51512651,0
"16329",213,215,0,0,0,0.63858405,0.42785874,0.55156466,0.52362637,0
"16330",214,215,0,0,0,0.59314228,0.39741223,0.5123152,0.48636501,0
"16331",215,215,0,0,0,0.36853865,0.24692518,0.31831815,0.30219445,0
"16332",219,215,0,0,0,0.35766756,0.23964142,0.30892845,0.29328036,0
"16333",220,215,0,0,0,0.63779355,0.4273291,0.55088187,0.52297817,0
"16334",221,215,0,0,0,0.63785794,0.42737224,0.55093749,0.52303097,0
"16335",222,215,0,0,0,0.61135885,0.40961754,0.52804941,0.50130223,0
"16336",223,215,0,0,0,0.40514665,0.27145297,0.3499376,0.33221229,0
"16337",226,215,0,0,0,0.47422916,0.31773905,0.40960628,0.38885858,0
"16338",227,215,0,0,0,0.60348767,0.40434376,0.52125083,0.49484802,0
"16339",228,215,0,0,0,0.63858405,0.42785874,0.55156466,0.52362637,0
"16340",229,215,0,0,0,0.63571292,0.42593505,0.54908477,0.5212721,0
"16341",230,215,0,0,0,0.58865018,0.39440247,0.50843523,0.48268157,0
"16342",231,215,0,0,0,0.50025195,0.33517463,0.43208297,0.41019676,0
"16343",232,215,0,0,0,0.41509457,0.27811819,0.35852992,0.34036938,0
"16344",233,215,0,0,0,0.19322384,0.12946222,0.16689336,0.15843975,0
"16345",234,215,0,0,0,0.16101135,0.10787948,0.13907045,0.13202614,0
"16346",235,215,0,0,0,0.62570172,0.41922743,0.54043779,0.51306311,0
"16347",236,215,0,0,0,0.63858405,0.42785874,0.55156466,0.52362637,0
"16348",237,215,0,0,0,0.63858405,0.42785874,0.55156466,0.52362637,0
"16349",238,215,0,0,0,0.63858405,0.42785874,0.55156466,0.52362637,0
"16350",239,215,0,0,0,0.62708455,0.42015394,0.54163218,0.514197,0
"16351",240,215,0,0,0,0.63858405,0.42785874,0.55156466,0.52362637,0
"16352",241,215,0,0,0,0.63858405,0.42785874,0.55156466,0.52362637,0.00022094
"16353",242,215,0,0,0,0.57567736,0.38571053,0.49723021,0.47204412,0.0067694
"16354",243,215,0,0,0,0.62606145,0.41946845,0.5407485,0.51335808,0
"16355",244,215,0,0,0,0.53600838,0.35913185,0.4629669,0.43951633,0
"16356",245,215,0,0,0,0.34482076,0.23103392,0.29783228,0.28274624,0
"16357",246,215,0,0,0,0.18714961,0.12539242,0.16164687,0.153459,0
"16358",200,216,0,0,0,0.21220537,0.14218007,0.1832883,0.17400423,0
"16359",202,216,0,0,0,0.34969535,0.23429995,0.30204261,0.28674331,0
"16360",203,216,0,0,0,0.40614644,0.27212284,0.35080115,0.33303209,0
"16361",204,216,0,0,0,0.23225442,0.15561316,0.20060528,0.19044406,0
"16362",206,216,0,0,0,0.28239592,0.18920855,0.24391402,0.2315591,0.00468934
"16363",207,216,0,0,0,0.16537467,0.11080295,0.14283918,0.13560398,0
"16364",210,216,0,0,0,0.35738278,0.23945062,0.30868248,0.29304685,0
"16365",211,216,0,0,0,0.39761077,0.26640384,0.34342863,0.32603301,0
"16366",212,216,0,0,0,0.63332698,0.42433644,0.54702396,0.51931567,0
"16367",213,216,0,0,0,0.63332698,0.42433644,0.54702396,0.51931567,0
"16368",214,216,0,0,0,0.63332698,0.42433644,0.54702396,0.51931567,0
"16369",215,216,0,0,0,0.59891951,0.40128304,0.51730517,0.49110222,0
"16370",216,216,0,0,0,0.60928988,0.40823131,0.52626238,0.49960572,0
"16371",217,216,0,0,0,0.40123021,0.26882891,0.34655486,0.32900089,0
"16372",218,216,0,0,0,0.17689194,0.11851966,0.152787,0.14504791,0
"16373",220,216,0,0,0,0.23202626,0.1554603,0.20040821,0.19025697,0
"16374",221,216,0,0,0,0.54218586,0.36327083,0.46830258,0.44458174,0
"16375",222,216,0,0,0,0.58829989,0.39416777,0.50813268,0.48239434,0
"16376",223,216,0,0,0,0.47452226,0.31793544,0.40985945,0.38909893,0
"16377",227,216,0,0,0,0.39355444,0.26368605,0.33992506,0.3227069,0
"16378",228,216,0,0,0,0.59656854,0.39970786,0.51527457,0.48917447,0
"16379",229,216,0,0,0,0.6010662,0.40272134,0.51915933,0.49286246,0
"16380",230,216,0,0,0,0.60828177,0.40755586,0.52539164,0.49877909,0
"16381",231,216,0,0,0,0.47850088,0.32060115,0.4132959,0.39236131,0
"16382",232,216,0,0,0,0.31314286,0.20980936,0.2704711,0.25677099,0
"16383",233,216,0,0,0,0.25473383,0.17067463,0.22002143,0.20887673,0
"16384",235,216,0,0,0,0.27552231,0.18460315,0.23797708,0.22592287,0
"16385",236,216,0,0,0,0.61502104,0.41207125,0.53121256,0.50430516,0
"16386",237,216,0,0,0,0.63332698,0.42433644,0.54702396,0.51931567,0
"16387",238,216,0,0,0,0.63332698,0.42433644,0.54702396,0.51931567,0
"16388",239,216,0,0,0,0.47655792,0.31929935,0.41161771,0.39076813,0
"16389",241,216,0,0,0,0.17157546,0.11495756,0.148195,0.14068851,0
"16390",242,216,0,0,0,0.19180049,0.12850856,0.16566397,0.15727263,0
"16391",208,217,0,0,0,0.2226418,0.1491726,0.19230256,0.1825619,0
"16392",211,217,0,0,0,0.31597735,0.2117085,0.27291934,0.25909521,0.00134834
"16393",212,217,0,0,0,0.49668524,0.33278489,0.4290023,0.40727213,0
"16394",213,217,0,0,0,0.34356672,0.2301937,0.29674912,0.28171795,0
"16395",214,217,0,0,0,0.31951408,0.21407815,0.27597412,0.26199526,0
"16396",216,217,0,0,0,0.43650146,0.29246106,0.37701972,0.35792261,0
"16397",217,217,0,0,0,0.47595283,0.31889393,0.41109508,0.39027196,0
"16398",218,217,0,0,0,0.34078497,0.22832989,0.29434644,0.27943697,0
"16399",222,217,0,0,0,0.22347394,0.14973014,0.19302131,0.18324424,0
"16400",223,217,0,0,0,0.44133997,0.29570291,0.38119888,0.3618901,0
"16401",227,217,0,0,0,0.3005442,0.20136811,0.25958926,0.24644034,0.0021013
"16402",228,217,0,0,0,0.43458849,0.29117934,0.37536742,0.35635401,0.00223781
"16403",229,217,0,0,0,0.57302329,0.38393227,0.49493781,0.46986783,0
"16404",230,217,0,0,0,0.6280638,0.42081005,0.54247799,0.51499996,0
"16405",231,217,0,0,0,0.6280638,0.42081005,0.54247799,0.51499996,0
"16406",232,217,0,0,0,0.6280638,0.42081005,0.54247799,0.51499996,0
"16407",233,217,0,0,0,0.57379325,0.38444815,0.49560285,0.47049918,0
"16408",234,217,0,0,0,0.49093744,0.32893379,0.42403774,0.40255904,0
"16409",237,217,0,0,0,0.17645671,0.11822805,0.15241108,0.14469104,0
"16410",212,218,0,0,0,0.18535044,0.12418695,0.16009287,0.15198372,0
"16411",216,218,0,0,0,0.29877278,0.20018124,0.25805923,0.24498781,0
"16412",217,218,0,0,0,0.48512967,0.32504253,0.4190214,0.39779679,0
"16413",218,218,0,0,0,0.53745727,0.36010262,0.46421835,0.44070439,0
"16414",219,218,0,0,0,0.30935355,0.20727048,0.26719816,0.25366383,0
"16415",229,218,0,0,0,0.35210239,0.23591269,0.30412164,0.28871703,0
"16416",230,218,0,0,0,0.29080945,0.19484572,0.25118106,0.23845803,0.00121859
"16417",231,218,0,0,0,0.21124333,0.14153549,0.18245735,0.17321538,0.00219418
"16418",232,218,0,0,0,0.28296326,0.18958867,0.24440406,0.23202431,0
"16419",181,97,0.37698272,0.50467917,0,1.17267153,0.80742942,1.03035074,0.97329518,0.01506801
"16420",182,97,0.3803431,0,0.04735744,1.17267153,0.80742942,1.03035074,0.97329518,0.00385612
"16421",176,98,0.49942205,0.46031293,0.05269573,1.16851104,0.80456476,1.02669519,0.96984205,0.02418076
"16422",177,98,0.52461954,0.46681554,0.05848972,1.17045049,0.8046508,1.02669519,0.96984205,0.06596252
"16423",178,98,0.52690208,0.36826007,0.05848972,1.16851104,0.80456476,1.02669519,0.96984205,0.02453869
"16424",179,98,0.50440113,0.3932884,0.05756904,1.16851104,0.80456476,1.02669519,0.96984205,0.04592735
"16425",180,98,0.50143376,0.45715499,0,1.16851104,0.80456476,1.02669519,0.96984205,0.12948257
"16426",181,98,0.50140075,0.48244915,0,1.16851104,0.80456476,1.02669519,0.96984205,0.04967382
"16427",182,98,0.52131047,0.37529161,0,1.16851104,0.80456476,1.02669519,0.96984205,0.03433348
"16428",183,98,0.51531575,0.51028017,0.04718942,1.16851104,0.80456476,1.02669519,0.96984205,0.0180813
"16429",173,99,0.52788323,0.50109398,0.05704786,1.16434084,0.80169342,1.0230311,0.96638086,0.0521324
"16430",174,99,0.51682392,0,0.05658447,1.16434084,0.80169342,1.0230311,0.96638086,0.05607606
"16431",175,99,0.49335708,0.50109392,0,1.16434084,0.80169342,1.0230311,0.96638086,0.09951504
"16432",176,99,0.38241242,0.45425912,0.05828098,1.16434084,0.80169342,1.0230311,0.96638086,0.00979656
"16433",177,99,0.37542722,0.48209342,0,1.16434084,0.80169342,1.0230311,0.96638086,0.03096937
"16434",178,99,0.37794985,0.16122246,0,1.16434084,0.80169342,1.0230311,0.96638086,0.03853392
"16435",179,99,0.4865636,0.27005768,0,1.16434084,0.80169342,1.0230311,0.96638086,0.18199637
"16436",180,99,0.3458242,0.37970134,0,1.16434084,0.80169342,1.0230311,0.96638086,0.0980375
"16437",181,99,0.51751068,0,0,1.16434084,0.80169342,1.0230311,0.96638086,0.0432419
"16438",182,99,0.39235561,0,0.05207146,1.16434084,0.80169342,1.0230311,0.96638086,0.0105196
"16439",183,99,0.4007068,0.14993019,0.05531601,1.16434084,0.80169342,1.0230311,0.96638086,0.02052101
"16440",184,99,0.52311527,0,0.05480997,1.16434084,0.80169342,1.0230311,0.96638086,0.0149773
"16441",185,99,0.51657888,0,0.05154841,1.16123587,0.8018113,1.0230311,0.96638086,0.01955741
"16442",173,100,0.38502988,0.49929479,0.05378673,1.16016039,0.79881501,1.01935801,0.96291117,0.0173717
"16443",174,100,0.51376094,0.49929479,0.05638131,1.16016039,0.79881501,1.01935801,0.96291117,0.01572864
"16444",175,100,0.3864982,0.49929485,0.05638132,1.16016039,0.79881501,1.01935801,0.96291117,0.03326007
"16445",176,100,0.38234169,0.44369008,0.05807173,1.16016039,0.79881501,1.01935801,0.96291117,0.01928271
"16446",177,100,0.39755357,0.49929485,0.05807173,1.16016039,0.79881501,1.01935801,0.96291117,0.02856639
"16447",178,100,0.36135684,0.44668113,0.05188448,1.16016039,0.79881501,1.01935801,0.96291117,0.00671869
"16448",179,100,0.36273492,0.20626623,0,1.16016039,0.79881501,1.01935801,0.96291117,0.02797719
"16449",180,100,0.50073373,0.27052431,0,1.16016039,0.79881501,1.01935801,0.96291117,0.06019997
"16450",181,100,0.5292883,0,0.05638131,1.16016039,0.79881501,1.01935801,0.96291117,0.03938732
"16451",182,100,0.51827655,0,0,1.16016039,0.79881501,1.01935801,0.96291117,0.05910712
"16452",183,100,0.51863506,0,0.05706165,1.16016039,0.79881501,1.01935801,0.96291117,0.01946282
"16453",184,100,0.5149976,0,0,1.16016039,0.79881501,1.01935801,0.96291117,0.0457987
"16454",185,100,0.53154121,0,0.05638131,1.16016039,0.79881501,1.01935801,0.96291117,0.03029013
"16455",186,100,0.52926858,0.12699279,0.05635877,1.16016039,0.79881501,1.01935801,0.96291117,0.01008467
"16456",174,101,0.5109227,0.46928252,0.05617763,1.15596914,0.79592918,1.01567543,0.95943251,0.01994415
"16457",175,101,0.50875427,0.47082509,0.05617763,1.15596914,0.79592918,1.01567543,0.95943251,0.04245913
"16458",176,101,0.51875262,0.45723723,0.05729982,1.15596914,0.79592918,1.01567543,0.95943251,0.09617884
"16459",177,101,0.51662061,0.46231019,0.05786193,1.15596914,0.79592918,1.01567543,0.95943251,0.10755759
"16460",178,101,0.49836691,0.49749101,0.05117776,1.15596914,0.79592918,1.01567543,0.95943251,0.06397924
"16461",179,101,0.49660928,0.40206865,0.05169704,1.15596914,0.79592918,1.01567543,0.95943251,0.05999819
"16462",180,101,0.52079815,0.49749101,0.05617762,1.15596914,0.79592918,1.01567543,0.95943251,0.06192107
"16463",181,101,0.52918223,0,0.05617763,1.15596914,0.79592918,1.01567543,0.95943251,0.02916006
"16464",182,101,0.52804624,0,0,1.15596914,0.79592918,1.01567543,0.95943251,0.03139827
"16465",183,101,0.52567045,0.12653401,0,1.15596914,0.79592918,1.01567543,0.95943251,0.04171719
"16466",184,101,0.52640304,0.13067638,0.05169706,1.15596914,0.79592918,1.01567543,0.95943251,0.09585761
"16467",185,101,0.52994317,0.13311169,0.05666125,1.15596914,0.79592918,1.01567543,0.95943251,0.01630225
"16468",186,101,0.53068138,0.14885218,0.05265004,1.15596914,0.79592918,1.01567543,0.95943251,0
"16469",174,102,0.50513801,0.43363081,0.05099177,1.15194415,0.79308966,1.01198432,0.9559458,0.01721319
"16470",175,102,0.47917622,0.29186328,0.05590769,1.15176818,0.79303666,1.01198432,0.9559458,0.03843417
"16471",176,102,0.39494253,0.39301005,0.05445444,1.15176818,0.79303666,1.01198432,0.9559458,0.02309976
"16472",177,102,0.5208193,0.29833774,0.0561356,1.15176818,0.79303666,1.01198432,0.9559458,0.02024914
"16473",178,102,0.49612395,0.49568312,0.05597347,1.15176818,0.79303666,1.01198432,0.9559458,0.00385411
"16474",179,102,0.49567303,0.49568306,0,1.15176818,0.79303666,1.01198432,0.9559458,0.07527361
"16475",180,102,0.4851416,0,0.05597347,1.15176818,0.79303666,1.01198432,0.9559458,0.51721704
"16476",181,102,0.48111598,0,0,1.15176818,0.79303666,1.01198432,0.9559458,0.19082333
"16477",182,102,0.51046025,0,0.05597347,1.15176818,0.79303666,1.01198432,0.9559458,0.09064992
"16478",183,102,0.51392869,0.12607417,0.05597347,1.15176818,0.79303666,1.01198432,0.9559458,0.02614017
"16479",184,102,0.52774537,0.12607417,0.05597347,1.15176818,0.79303666,1.01198432,0.9559458,0.03885706
"16480",185,102,0.52575176,0.12913599,0.05708385,1.15176818,0.79303666,1.01198432,0.9559458,0.0309649
"16481",186,102,0.52963116,0.12607417,0.05597347,1.15176818,0.79303666,1.01198432,0.9559458,0.0121693
"16482",187,102,0.51861466,0,0.05597347,1.1561194,0.79367272,1.01198432,0.9559458,0.03969312
"16483",176,103,0.39643186,0,0.05721149,1.14773229,0.79018989,1.0082842,0.95245057,0.0233958
"16484",177,103,0.39746469,0.18604107,0.0561661,1.14755697,0.79013708,1.0082842,0.95245057,0.02965993
"16485",178,103,0.37287823,0.49387069,0,1.14755697,0.79013708,1.0082842,0.95245057,0.00785885
"16486",179,103,0.35745923,0.42414031,0.05132084,1.14755697,0.79013708,1.0082842,0.95245057,0.06095297
"16487",180,103,0.36834681,0,0.05576881,1.14755697,0.79013708,1.0082842,0.95245057,0.09035186
"16488",181,103,0.37325935,0,0.05576881,1.14755697,0.79013708,1.0082842,0.95245057,0.01311914
"16489",182,103,0.5237266,0,0.05576881,1.14755697,0.79013708,1.0082842,0.95245057,0.03408722
"16490",183,103,0.5140693,0,0,1.14755697,0.79013708,1.0082842,0.95245057,0.01612042
"16491",184,103,0.51323558,0,0.05576881,1.14755697,0.79013708,1.0082842,0.95245057,0.09378968
"16492",185,103,0.52314945,0.12926441,0.05386104,1.14755697,0.79013708,1.0082842,0.95245057,0.04480905
"16493",186,103,0.51092418,0,0.05576881,1.14755697,0.79013708,1.0082842,0.95245057,0.0087733
"16494",177,104,0.39693289,0.12863122,0.05370716,1.14351072,0.78728342,1.00457554,0.94894728,0.01618494
"16495",178,104,0.37365159,0.18444623,0.05380714,1.14333604,0.78723081,1.00457554,0.94894728,0.03278056
"16496",179,104,0.3686216,0.19984025,0.05247216,1.14333604,0.78723081,1.00457554,0.94894728,0.04499257
"16497",180,104,0.39343236,0.15275953,0.05273658,1.14333604,0.78723081,1.00457554,0.94894728,0.01807294
"16498",181,104,0.39581711,0.12923978,0.05241438,1.14333604,0.78723081,1.00457554,0.94894728,0.01085031
"16499",182,104,0.5016024,0.13485939,0.05170576,1.14333604,0.78723081,1.00457554,0.94894728,0.0300927
"16500",183,104,0.51231541,0.13381738,0.05666594,1.14333604,0.78723081,1.00457554,0.94894728,0.09081359
"16501",184,104,0.3802173,0.13109421,0.05666594,1.14333604,0.78723081,1.00457554,0.94894728,0.03613259
"16502",178,105,0.38827668,0.12468802,0.05535806,1.1392789,0.7843699,1.00085788,0.94543548,0.0150081
"16503",179,105,0.39439656,0.12468802,0.05535806,1.13910487,0.78431748,1.00085788,0.94543548,0.02178717
"16504",180,105,0.38830457,0.127627,0,1.13910487,0.78431748,1.00085788,0.94543548,0.05721115
"16505",181,105,0.39860727,0.12555543,0.05535806,1.13910487,0.78431748,1.00085788,0.94543548,0.02338624
"16506",182,105,0.39911953,0.12468802,0.05535806,1.13910487,0.78431748,1.00085788,0.94543548,0.01228176
"16507",183,105,0.37751361,0.12468802,0,1.13910487,0.78431748,1.00085788,0.94543548,0.01430569
"16508",191,98,0.51953989,0.39638978,0.05173302,1.17292551,0.80521007,1.02669519,0.96984205,0.06515632
"16509",192,98,0.51738228,0.36049318,0,1.17292551,0.80521007,1.02669519,0.96984205,0.05700236
"16510",193,98,0.51894778,0.3668683,0.05791366,1.17292551,0.80521007,1.02669519,0.96984205,0.09195831
"16511",194,98,0.5311861,0.40254802,0.05791366,1.17292551,0.80521007,1.02669519,0.96984205,0.08663101
"16512",187,99,0.37273075,0.51215636,0.05207145,1.16873955,0.80233643,1.0230311,0.96638086,0.00605204
"16513",188,99,0.37918525,0.51139137,0,1.16873955,0.80233643,1.0230311,0.96638086,0.03426622
"16514",189,99,0.38961811,0.12745039,0,1.16873955,0.80233643,1.0230311,0.96638086,0.05409032
"16515",190,99,0.40190158,0.13869029,0.05677706,1.16873955,0.80233643,1.0230311,0.96638086,0.07760044
"16516",191,99,0.50927592,0.13629158,0.05681573,1.16873955,0.80233643,1.0230311,0.96638086,0.02716535
"16517",192,99,0.52262058,0.13273974,0.05682771,1.16873955,0.80233643,1.0230311,0.96638086,0.03077442
"16518",193,99,0.40236182,0.13382645,0.05671993,1.16873955,0.80233643,1.0230311,0.96638086,0.04560411
"16519",194,99,0.4135777,0.13305281,0.05598704,1.16873955,0.80233643,1.0230311,0.96638086,0.03972872
"16520",187,100,0.51072972,0.12699279,0.05136331,1.16454331,0.79945571,1.01935801,0.96291117,0.02428257
"16521",188,100,0.38162691,0.12699279,0,1.16454331,0.79945571,1.01935801,0.96291117,0.00543258
"16522",189,100,0.39476841,0.12699279,0.05749978,1.16454331,0.79945571,1.01935801,0.96291117,0.01167806
"16523",190,100,0.39499629,0.12699279,0,1.16454331,0.79945571,1.01935801,0.96291117,0.2046547
"16524",191,100,0.36429944,0.12699279,0.05254122,1.16454331,0.79945571,1.01935801,0.96291117,0.14656779
"16525",192,100,0.36400068,0.12699279,0.05254122,1.16454331,0.79945571,1.01935801,0.96291117,0.06916839
"16526",193,100,0.36377072,0.12699279,0.05254122,1.16454331,0.79945571,1.01935801,0.96291117,0.03954865
"16527",194,100,0.38567492,0.12699279,0.05254121,1.16454331,0.79945571,1.01935801,0.96291117,0.00266086
"16528",187,101,0.50670961,0.14885218,0.05117776,1.16033623,0.79656757,1.01567543,0.95943251,0.03604841
"16529",188,101,0.50276743,0.12893642,0.05216904,1.16033623,0.79656757,1.01567543,0.95943251,0.0188792
"16530",189,101,0.39093639,0.12724733,0.0534887,1.16033623,0.79656757,1.01567543,0.95943251,0.01348053
"16531",190,101,0.39462603,0.12653401,0.05729206,1.16033623,0.79656757,1.01567543,0.95943251,0.01083838
"16532",191,101,0.39554119,0.12653401,0.05235141,1.16033623,0.79656757,1.01567543,0.95943251,0.00231065
"16533",192,101,0.38772916,0.12653401,0.05092803,1.16033623,0.79656757,1.01567543,0.95943251,0.03150308
"16534",193,101,0.38452201,0.12653401,0.05107019,1.16033623,0.79656757,1.01567543,0.95943251,0.03228666
"16535",194,101,0.38991791,0,0.0524129,1.15138531,0.7960143,1.01567543,0.95943251,0.03466285
"16536",188,102,0.49700303,0.12607417,0.05597347,1.1561194,0.79367272,1.01198432,0.9559458,0.08857233
"16537",189,102,0.50679089,0.12607417,0.05124713,1.1561194,0.79367272,1.01198432,0.9559458,0.07773466
"16538",190,102,0.51790369,0.12607417,0.05124713,1.1561194,0.79367272,1.01198432,0.9559458,0.05911341
"16539",191,102,0.506564,0.12607417,0.05216116,1.1561194,0.79367272,1.01198432,0.9559458,0.05242629
"16540",192,102,0.38045855,0.12607417,0.05076178,1.1561194,0.79367272,1.01198432,0.9559458,0.07533023
"16541",193,102,0.38929779,0.12607417,0.05708385,1.1561194,0.79367272,1.01198432,0.9559458,0.05622211
"16542",194,102,0.39345013,0.12607417,0.05708385,1.1561194,0.79367272,1.01198432,0.9559458,0.04783707
"16543",187,103,0.51530387,0,0.05576881,1.15189227,0.79077082,1.0082842,0.95245057,0.0271278
"16544",188,103,0.4905059,0,0.05576881,1.15189227,0.79077082,1.0082842,0.95245057,0.02916019
"16545",189,103,0.49914231,0.1256132,0.05619755,1.15189227,0.79077082,1.0082842,0.95245057,0.0825639
"16546",190,103,0.49771208,0.1256132,0,1.15189227,0.79077082,1.0082842,0.95245057,0.05618815
"16547",191,103,0.50249582,0.1256132,0.05033243,1.15189227,0.79077082,1.0082842,0.95245057,0.11400396
"16548",192,103,0.50464003,0,0.05331998,1.15189227,0.79077082,1.0082842,0.95245057,0.08094335
"16549",193,103,0.38945266,0.1276099,0.05687513,1.15189227,0.79077082,1.0082842,0.95245057,0.1245318
"16550",194,103,0.37680707,0.12649918,0.05646602,1.15189227,0.79077082,1.0082842,0.95245057,0.07336821
"16551",185,104,0.39358763,0.12600926,0.05666594,1.14333604,0.78723081,1.00457554,0.94894728,0
"16552",186,104,0.48738072,0.12515118,0,1.1476554,0.78786222,1.00457554,0.94894728,0.08203052
"16553",187,104,0.49745177,0.12515118,0,1.1476554,0.78786222,1.00457554,0.94894728,0.14917104
"16554",188,104,0.48629717,0.12515118,0.05556369,1.1476554,0.78786222,1.00457554,0.94894728,0.16607016
"16555",189,104,0.4850313,0.12515118,0.0558627,1.1476554,0.78786222,1.00457554,0.94894728,0.20988267
"16556",190,104,0.50003919,0.12515118,0.05666594,1.1476554,0.78786222,1.00457554,0.94894728,0.27297852
"16557",191,104,0.5031011,0,0.05160248,1.1476554,0.78786222,1.00457554,0.94894728,0.21787748
"16558",192,104,0.37939726,0.12515118,0.05113207,1.1476554,0.78786222,1.00457554,0.94894728,0.09861782
"16559",193,104,0.39332004,0.12515118,0.05556369,1.1476554,0.78786222,1.00457554,0.94894728,0.0348364
"16560",194,104,0.37274756,0.12515118,0.05556369,1.1476554,0.78786222,1.00457554,0.94894728,0.05956314
"16561",195,104,0.35825694,0.138171,0.0540446,1.1476554,0.78786222,1.00457554,0.94894728,0.03756794
"16562",196,104,0.39279817,0.13588867,0.0556249,1.1476554,0.78786222,1.00457554,0.94894728,0.0207356
"16563",197,104,0.4024305,0.13936355,0.05609693,1.1476554,0.78786222,1.00457554,0.94894728,0.07579432
"16564",198,104,0.52435382,0.12816039,0.05061846,1.1476554,0.78786222,1.00457554,0.94894728,0.02788811
"16565",199,104,0.53033142,0.13388919,0.05258344,1.1476554,0.78786222,1.00457554,0.94894728,0.04411252
"16566",184,105,0.36707418,0.12468802,0,1.14340824,0.78494655,1.00085788,0.94543548,0
"16567",185,105,0.50121047,0.13150701,0.05633806,1.14340824,0.78494655,1.00085788,0.94543548,0.10196352
"16568",186,105,0.50632537,0.1333702,0.05068368,1.14340824,0.78494655,1.00085788,0.94543548,0.02275375
"16569",187,105,0.49416803,0.12831871,0.04949409,1.14340824,0.78494655,1.00085788,0.94543548,0.06385381
"16570",188,105,0.51580415,0.12468802,0.04949409,1.14340824,0.78494655,1.00085788,0.94543548,0.16933261
"16571",189,105,0.49003255,0,0.05068368,1.14340824,0.78494655,1.00085788,0.94543548,0.55216388
"16572",190,105,0.50614714,0.12468802,0.05645623,1.14340824,0.78494655,1.00085788,0.94543548,0.55532572
"16573",191,105,0.37380308,0.12468802,0.05158766,1.14340824,0.78494655,1.00085788,0.94543548,0.18850135
"16574",192,105,0.38260189,0.12468802,0.05535806,1.14340824,0.78494655,1.00085788,0.94543548,0.07556939
"16575",193,105,0.38039347,0.12468802,0,1.14340824,0.78494655,1.00085788,0.94543548,0.10028664
"16576",194,105,0.36163381,0.12468802,0.05535806,1.14340824,0.78494655,1.00085788,0.94543548,0.04097132
"16577",195,105,0.36380234,0.12989034,0.05545631,1.14340824,0.78494655,1.00085788,0.94543548,0.04124978
"16578",196,105,0.36710685,0.13159958,0.05551562,1.14340824,0.78494655,1.00085788,0.94543548,0.0168751
"16579",197,105,0.37290854,0.13227085,0.05094324,1.14340824,0.78494655,1.00085788,0.94543548,0.0851371
"16580",198,105,0.49410024,0.13835079,0.05183036,1.14340824,0.78494655,1.00085788,0.94543548,0.02365252
"16581",199,105,0.50032244,0.12839273,0.05068368,1.14340824,0.78494655,1.00085788,0.94543548,0.02948546
"16582",200,105,0.501015,0.12468802,0,1.14340824,0.78494655,1.00085788,0.94543548,0.06261799
"16583",201,105,0.51546426,0.12468802,0.04993183,1.14340824,0.78494655,1.00085788,0.94543548,0.04899812
"16584",180,106,0.38115134,0.12422375,0.05515194,1.13915079,0.78202382,0.99713121,0.94191518,0.0204274
"16585",181,106,0.38529524,0.12422375,0.05515194,1.13915079,0.78202382,0.99713121,0.94191518,0.01333811
"16586",182,106,0.3767559,0.12422375,0.05543292,1.13915079,0.78202382,0.99713121,0.94191518,0.01303654
"16587",183,106,0.37755742,0.12422375,0.05121966,1.13915079,0.78202382,0.99713121,0.94191518,0.01246846
"16588",184,106,0.49364645,0,0.051607,1.13915079,0.78202382,0.99713121,0.94191518,0.0111383
"16589",185,106,0.51757512,0.14613444,0.0658839,1.13915079,0.78202382,0.99713121,0.94191518,0.01037392
"16590",186,106,0.50864514,0.14613444,0.05049496,1.13915079,0.78202382,0.99713121,0.94191518,0
"16591",187,106,0.50623086,0.14613444,0.05049496,1.13915079,0.78202382,0.99713121,0.94191518,0.04446065
"16592",188,106,0.50712774,0.13647618,0.04998453,1.13915079,0.78202382,0.99713121,0.94191518,0.10968399
"16593",189,106,0.48656615,0.12942589,0.04893516,1.13915079,0.78202382,0.99713121,0.94191518,0.18812716
"16594",190,106,0.36052657,0,0.04772521,1.13915079,0.78202382,0.99713121,0.94191518,0.10523287
"16595",191,106,0.37529616,0.12422375,0.05024335,1.13915079,0.78202382,0.99713121,0.94191518,0.11797374
"16596",192,106,0.38468442,0.12422375,0,1.13915079,0.78202382,0.99713121,0.94191518,0.05245586
"16597",193,106,0.37283607,0.12422375,0,1.13915079,0.78202382,0.99713121,0.94191518,0.02435867
"16598",194,106,0.37197039,0.12510998,0.05291652,1.13915079,0.78202382,0.99713121,0.94191518,0.0202711
"16599",195,106,0.39311867,0.12828965,0.05338216,1.13915079,0.78202382,0.99713121,0.94191518,0.04549907
"16600",196,106,0.3955087,0.12422375,0.04974591,1.13915079,0.78202382,0.99713121,0.94191518,0.04558602
"16601",197,106,0.50131018,0.12422375,0,1.13915079,0.78202382,0.99713121,0.94191518,0.07935055
"16602",198,106,0.50482465,0.12422375,0,1.13915079,0.78202382,0.99713121,0.94191518,0.04433799
"16603",199,106,0.51815023,0.12422375,0.04974591,1.13115141,0.781606,0.99713121,0.94191518,0.04579959
"16604",180,107,0.49329138,0,0.05230218,1.13488358,0.7790944,0.993396,0.93838681,0
"16605",181,107,0.50028274,0.14558703,0.05603532,1.13488358,0.7790944,0.993396,0.93838681,0.05580713
"16606",182,107,0.51789149,0,0.05030581,1.13488358,0.7790944,0.993396,0.93838681,0.12387176
"16607",183,107,0.52354219,0.12375842,0.06563711,1.13488358,0.7790944,0.993396,0.93838681,0.01239786
"16608",184,107,0.52148205,0.12375842,0.06563711,1.13488358,0.7790944,0.993396,0.93838681,0.00469251
"16609",185,107,0.51390864,0.12375842,0.06563711,1.13488358,0.7790944,0.993396,0.93838681,0.00519112
"16610",186,107,0.51571607,0.12375842,0.06563711,1.13488358,0.7790944,0.993396,0.93838681,0.02853387
"16611",187,107,0.49887775,0.14558703,0.05603532,1.13488358,0.7790944,0.993396,0.93838681,0.00508732
"16612",188,107,0.50981843,0,0.05603532,1.13488358,0.7790944,0.993396,0.93838681,0.02194785
"16613",189,107,0.51721301,0,0.06563711,1.13488358,0.7790944,0.993396,0.93838681,0.00862753
"16614",190,107,0.50482994,0.14558703,0.05030581,1.13488358,0.7790944,0.993396,0.93838681,0.03998204
"16615",191,107,0.51119709,0,0.05030581,1.13488358,0.7790944,0.993396,0.93838681,0.01942225
"16616",192,107,0.50446166,0,0.05023378,1.13488358,0.7790944,0.993396,0.93838681,0.08973527
"16617",193,107,0.36068638,0.14558703,0.05005139,1.13488358,0.7790944,0.993396,0.93838681,0.08514089
"16618",194,107,0.37187534,0.14558703,0.05115528,1.13488358,0.7790944,0.993396,0.93838681,0.06494633
"16619",195,107,0.37053714,0,0.05164528,1.13488358,0.7790944,0.993396,0.93838681,0.04393266
"16620",196,107,0.38256354,0.12375842,0.05085693,1.13488358,0.7790944,0.993396,0.93838681,0.02668136
"16621",197,107,0.50599063,0.13553237,0.05353982,1.13488358,0.7790944,0.993396,0.93838681,0.03589977
"16622",198,107,0.50140393,0.14558703,0.04999951,1.13488358,0.7790944,0.993396,0.93838681,0.03039759
"16623",181,108,0.51084602,0.31999503,0.06538971,1.13060608,0.77615791,0.98965179,0.93484993,0.00942285
"16624",182,108,0.51555332,0.12329196,0.06538971,1.13060608,0.77615791,0.98965179,0.93484993,0.00967683
"16625",183,108,0.38338284,0.12329196,0,1.13060608,0.77615791,0.98965179,0.93484993,0.01205624
"16626",184,108,0.37767236,0.12329196,0,1.13060608,0.77615791,0.98965179,0.93484993,0.02043251
"16627",185,108,0.37289869,0.12329196,0,1.13060608,0.77615791,0.98965179,0.93484993,0.0216648
"16628",186,108,0.37516501,0.12329196,0,1.13060608,0.77615791,0.98965179,0.93484993,0.01117406
"16629",187,108,0.50059677,0,0,1.13060608,0.77615791,0.98965179,0.93484993,0.00797707
"16630",188,108,0.49787777,0,0,1.13060608,0.77615791,0.98965179,0.93484993,0.01202409
"16631",189,108,0.49292605,0,0,1.13060608,0.77615791,0.98965179,0.93484993,0.00963808
"16632",190,108,0.50378916,0,0.0501162,1.13060608,0.77615791,0.98965179,0.93484993,0.04066703
"16633",191,108,0.49493824,0.14503829,0.04940232,1.13060608,0.77615791,0.98965179,0.93484993,0.01775747
"16634",192,108,0.49735352,0.14503829,0.05060672,1.13060608,0.77615791,0.98965179,0.93484993,0.01742331
"16635",193,108,0.36933348,0.14503829,0.05002938,1.13060608,0.77615791,0.98965179,0.93484993,0.02062755
"16636",194,108,0.36729401,0,0.0501825,1.13060608,0.77615791,0.98965179,0.93484993,0.0232033
"16637",195,108,0.36823347,0.12767777,0.05005169,1.13060608,0.77615791,0.98965179,0.93484993,0.06361815
"16638",196,108,0.36872993,0.12623838,0.05282959,1.13060608,0.77615791,0.98965179,0.93484993,0.06171401
"16639",197,108,0.39421739,0.12637459,0.05102961,1.13060608,0.77615791,0.98965179,0.93484993,0.02934409
"16640",181,109,0.48606702,0.14448831,0.06514176,1.12631884,0.77321472,0.98589904,0.93130499,0.01911748
"16641",182,109,0.36949209,0.12282443,0.05081663,1.12631884,0.77321472,0.98589904,0.93130499,0.01784643
"16642",183,109,0.35994244,0.1295299,0.04875435,1.12631884,0.77321472,0.98589904,0.93130499,0.01057269
"16643",184,109,0.35109308,0.30287525,0.04968251,1.12631884,0.77321472,0.98589904,0.93130499,0.00964415
"16644",185,109,0.35352158,0.30542112,0,1.12631884,0.77321472,0.98589904,0.93130499,0.03216382
"16645",186,109,0.35454169,0.35910759,0.04899434,1.12631884,0.77321472,0.98589904,0.93130499,0.006741
"16646",187,109,0.35354463,0.30527769,0,1.12631884,0.77321472,0.98589904,0.93130499,0.06434879
"16647",188,109,0.35320591,0.36440136,0,1.12631884,0.77321472,0.98589904,0.93130499,0.00228798
"16648",189,109,0.35311908,0.36087641,0,1.12631884,0.77321472,0.98589904,0.93130499,0.02513612
"16649",190,109,0.35244286,0.36252975,0,1.12631884,0.77321472,0.98589904,0.93130499,0.02370297
"16650",191,109,0.3521502,0.43872312,0,1.12631884,0.77321472,0.98589904,0.93130499,0.00644069
"16651",192,109,0.35200825,0.39906171,0.04793667,1.12631884,0.77321472,0.98589904,0.93130499,0.00805268
"16652",193,109,0.35174101,0.28249944,0.04858548,1.12631884,0.77321472,0.98589904,0.93130499,0.02416504
"16653",194,109,0.35110972,0.34941355,0.04562314,1.12631884,0.77321472,0.98589904,0.93130499,0.04440426
"16654",195,109,0.3533316,0.35072135,0.04793667,1.12631884,0.77321472,0.98589904,0.93130499,0.01798863
"16655",182,110,0.34562594,0.14393701,0.04998999,1.1220213,0.77026448,0.98213728,0.92775154,0
"16656",183,110,0.35169245,0.34163443,0.04825269,1.1220213,0.77026448,0.98213728,0.92775154,0.04318414
"16657",184,110,0.35349615,0.27839855,0.04825269,1.1220213,0.77026448,0.98213728,0.92775154,0.02949352
"16658",185,110,0.35229565,0.2409557,0.04841995,1.1220213,0.77026448,0.98213728,0.92775154,0.04239144
"16659",186,110,0.35152974,0.35806927,0.0484001,1.1220213,0.77026448,0.98213728,0.92775154,0.06032112
"16660",187,110,0.35182556,0.40638248,0,1.1220213,0.77026448,0.98213728,0.92775154,0.01421472
"16661",188,110,0.35327196,0.30697282,0,1.1220213,0.77026448,0.98213728,0.92775154,0.01674806
"16662",189,110,0.35310263,0.36987595,0,1.1220213,0.77026448,0.98213728,0.92775154,0.0311906
"16663",190,110,0.35282983,0.34367287,0.04825269,1.1220213,0.77026448,0.98213728,0.92775154,0.01579091
"16664",191,110,0.35057942,0.45581551,0.04880739,1.1220213,0.77026448,0.98213728,0.92775154,0.00826367
"16665",192,110,0.3504502,0.38683981,0.0488074,1.1220213,0.77026448,0.98213728,0.92775154,0.00396871
"16666",193,110,0.33408242,0.36671964,0.04810734,1.1220213,0.77026448,0.98213728,0.92775154,0.12638688
"16667",194,110,0.3501291,0.39761251,0.04815625,1.1220213,0.77026448,0.98213728,0.92775154,0.01920046
"16668",188,111,0.35182742,0.28594123,0.04806748,1.11771456,0.76730791,0.97836746,0.92419047,0.0022686
"16669",189,111,0.34957093,0.31940542,0.04821432,1.11771456,0.76730791,0.97836746,0.92419047,0.01616895
"16670",190,111,0.33407433,0.34679852,0.04783336,1.11771456,0.76730791,0.97836746,0.92419047,0
"16671",191,111,0.28151508,0.36794172,0.04790801,1.11771456,0.76730791,0.97836746,0.92419047,0.01093276
"16672",192,111,0.34921094,0.4414099,0.04862005,1.11771456,0.76730791,0.97836746,0.92419047,0.02418562
"16673",193,111,0.34880357,0.47083561,0.04862005,1.11771456,0.76730791,0.97836746,0.92419047,0
"16674",192,112,0.34794843,0.32153626,0.04843226,1.11339752,0.76434427,0.97458864,0.9206209,0.01207661
"16675",193,112,0.34782483,0.45397781,0.04843226,1.11339752,0.76434427,0.97458864,0.9206209,0.00925606
"16676",183,87,0,0.41263058,0,1.21081014,0.83594801,1.06640083,1.007349,0.07980412
"16677",184,87,0,0.33342264,0,1.21081014,0.83594801,1.06640083,1.007349,0.00829556
"16678",182,88,0.02884631,0.28475503,0,1.206764,0.83315454,1.06283726,1.00398277,0.0603296
"16679",183,88,0.04867046,0.28815908,0.07941658,1.206764,0.83315454,1.06283726,1.00398277,0.08413016
"16680",184,88,0.01522896,0.51465381,0.07832984,1.206764,0.83315454,1.06283726,1.00398277,0.13280569
"16681",185,88,0.14340391,0.30854696,0.08748086,1.206764,0.83315454,1.06283726,1.00398277,0.03483529
"16682",186,88,0.05059097,0.26372282,0.08021441,1.206764,0.83315454,1.06283726,1.00398277,0.03962696
"16683",187,88,0.04949995,0.30761389,0.0545213,1.206764,0.83315454,1.06283726,1.00398277,0.03332003
"16684",188,88,0.04824021,0.29628256,0.08125018,1.206764,0.83315454,1.06283726,1.00398277,0.04527151
"16685",189,88,0.04885035,0.25941596,0,1.206764,0.83315454,1.06283726,1.00398277,0.09278879
"16686",190,88,0.04934748,0.28335908,0.0584364,1.20481509,0.83250878,1.06952841,1.00557904,0.02383415
"16687",181,89,0,0.29550179,0,1.20270763,0.830354,1.05926469,1.00060802,0.02041956
"16688",182,89,0.04608627,0.28227579,0.05619487,1.20270763,0.830354,1.05926469,1.00060802,0.01307487
"16689",183,89,0.04608628,0.28189857,0,1.20270763,0.830354,1.05926469,1.00060802,0.0636541
"16690",184,89,0.04883302,0.30427186,0.07914964,1.20270763,0.830354,1.05926469,1.00060802,0.00698176
"16691",185,89,0.04846737,0.33278251,0.07914964,1.20270763,0.830354,1.05926469,1.00060802,0.00380551
"16692",186,89,0.0514195,0.28412774,0.08508933,1.20270763,0.830354,1.05926469,1.00060802,0.00584199
"16693",187,89,0.05465838,0.23286925,0.0836826,1.20270763,0.830354,1.05926469,1.00060802,0.15188492
"16694",188,89,0.05310603,0.23543277,0.08172658,1.20270763,0.830354,1.05926469,1.00060802,0.13854996
"16695",189,89,0.05342477,0.23617588,0.08028291,1.20270763,0.830354,1.05926469,1.00060802,0.05787839
"16696",190,89,0.05313268,0.23161611,0.08097707,1.20270763,0.830354,1.05926469,1.00060802,0.0350732
"16697",191,89,0.05289199,0.25629178,0.05939565,1.20270763,0.830354,1.05926469,1.00060802,0.01998953
"16698",180,90,0.04851333,0.30469406,0.07888198,1.20349667,0.8273691,1.05568262,0.99722431,0.03895802
"16699",181,90,0.04958121,0.27639644,0.07888198,1.1986405,0.82754604,1.05568262,0.99722431,0.04680027
"16700",182,90,0.04762162,0.31984986,0.07888198,1.1986405,0.82754604,1.05568262,0.99722431,0.01740359
"16701",183,90,0.04414133,0.32518228,0.05600484,1.1986405,0.82754604,1.05568262,0.99722431,0.00420963
"16702",184,90,0.0471876,0.33354136,0.07888198,1.1986405,0.82754604,1.05568262,0.99722431,0.02394022
"16703",185,90,0.04876661,0.29724565,0.07888198,1.1986405,0.82754604,1.05568262,0.99722431,0.01989765
"16704",186,90,0.04801848,0.3014313,0.07888198,1.1986405,0.82754604,1.05568262,0.99722431,0.03526882
"16705",187,90,0.57384571,0.46957426,0.75878808,1.1986405,0.82754604,1.05568262,0.99722431,0.01974562
"16706",188,90,0.58681841,0.46447883,0.75954397,1.1986405,0.82754604,1.05568262,0.99722431,0.00808113
"16707",189,90,0.5905158,0.46957426,0.7648436,1.1986405,0.82754604,1.05568262,0.99722431,0.01884087
"16708",190,90,0.58956847,0.46957426,0.68528351,1.1986405,0.82754604,1.05568262,0.99722431,0.06139618
"16709",191,90,0.58755115,0.46957426,0.74017827,1.1986405,0.82754604,1.05568262,0.99722431,0.11148029
"16710",179,91,0,0.28082549,0.05817169,1.1945626,0.82473064,1.05209108,0.99383165,0.18191871
"16711",180,91,0.59652468,0.46797679,0.7374281,1.1945626,0.82473064,1.05209108,0.99383165,0.12281911
"16712",181,91,0.59724819,0.46797672,0.75910415,1.1945626,0.82473064,1.05209108,0.99383165,0.042784
"16713",182,91,0.59814641,0.46797672,0.75829295,1.1945626,0.82473064,1.05209108,0.99383165,0.07080907
"16714",183,91,0.59853551,0.46797679,0.73859852,1.1945626,0.82473064,1.05209108,0.99383165,0.04041625
"16715",184,91,0.59734247,0.46797679,0.73486875,1.1945626,0.82473064,1.05209108,0.99383165,0.06981941
"16716",185,91,0.59698059,0.46797679,0.73468805,1.1945626,0.82473064,1.05209108,0.99383165,0.0283966
"16717",186,91,0.59767379,0.46797672,0.74151849,1.1945626,0.82473064,1.05209108,0.99383165,0.05784256
"16718",187,91,0.59564167,0.46797672,0.7574181,1.1945626,0.82473064,1.05209108,0.99383165,0.05769415
"16719",188,91,0.57739468,0.46797672,0.76453467,1.1945626,0.82473064,1.05209108,0.99383165,0.02409913
"16720",189,91,0.59196885,0.46797672,0.74187836,1.1945626,0.82473064,1.05209108,0.99383165,0.04393923
"16721",190,91,0.5851378,0.46797672,0.7328872,1.1945626,0.82473064,1.05209108,0.99383165,0.03410027
"16722",179,92,0.58933335,0,0.73607213,1.19047446,0.82190818,1.04849053,0.99043048,0.21390381
"16723",180,92,0.58375685,0.36535523,0.72691537,1.19047446,0.82190818,1.04849053,0.99043048,0.19043559
"16724",181,92,0.58615702,0.46637524,0.73474664,1.19047446,0.82190818,1.04849053,0.99043048,0.14537034
"16725",182,92,0.59654988,0.46637517,0.75436244,1.19047446,0.82190818,1.04849053,0.99043048,0.12207603
"16726",183,92,0.59888094,0,0.75422414,1.19047446,0.82190818,1.04849053,0.99043048,0.42289724
"16727",184,92,0.6004916,0,0.75484831,1.19047446,0.82190818,1.04849053,0.99043048,0.2442869
"16728",185,92,0.59495655,0,0.73270385,1.19047446,0.82190818,1.04849053,0.99043048,0.05054656
"16729",186,92,0.58924355,0,0.73370034,1.19047446,0.82190818,1.04849053,0.99043048,0.02429521
"16730",187,92,0.421288,0.13062215,0.05914309,1.19047446,0.82190818,1.04849053,0.99043048,0.06050163
"16731",188,92,0.40309556,0,0.05914309,1.19047446,0.82190818,1.04849053,0.99043048,0.06266615
"16732",189,92,0.4188421,0,0.05914309,1.19047446,0.82190818,1.04849053,0.99043048,0.1994602
"16733",190,92,0.39496342,0.13062215,0,1.19047446,0.82190818,1.04849053,0.99043048,0.06633866
"16734",180,93,0.57293663,0.40140041,0.67243102,1.18637611,0.81907866,1.04488097,0.9870208,0.26737776
"16735",181,93,0.04707713,0.29265006,0.04627881,1.18637611,0.81907866,1.04488097,0.9870208,0.16526244
"16736",182,93,0.04457176,0.26786506,0.04627881,1.18637611,0.81907866,1.04488097,0.9870208,0.09817504
"16737",183,93,0.59162764,0.40140041,0.72939176,1.18637611,0.81907866,1.04488097,0.9870208,0.06248663
"16738",184,93,0.59404003,0.40140041,0.75192914,1.18637611,0.81907866,1.04488097,0.9870208,0.02368023
"16739",185,93,0.59836962,0.40140041,0.75358181,1.18637611,0.81907866,1.04488097,0.9870208,0.03162399
"16740",188,93,0.53676944,0.26244639,0.05893948,1.18637611,0.81907866,1.04488097,0.9870208,0.03448715
"16741",189,93,0.41227608,0,0.05893948,1.18637611,0.81907866,1.04488097,0.9870208,0.04303746
"16742",190,93,0.40659607,0,0.05893948,1.18637611,0.81907866,1.04488097,0.9870208,0.01973519
"16743",182,94,0.59248193,0.44574019,0.72731149,1.18226698,0.8162417,1.04126192,0.98360216,0.05334046
"16744",183,94,0.59382261,0.42362235,0.74899771,1.18226698,0.8162417,1.04126192,0.98360216,0.03610751
"16745",184,94,0.58971987,0.40001019,0.74815845,1.18226698,0.8162417,1.04126192,0.98360216,0.03722114
"16746",185,94,0.52972422,0.40865,0.05841742,1.18226698,0.8162417,1.04126192,0.98360216,0.00492806
"16747",178,88,0,0.30274414,0,1.21165309,0.8329764,1.06283726,1.00398277,0.04230955
"16748",177,89,0.04521963,0.32638774,0,1.20758028,0.83017646,1.05926469,1.00060802,0.06044527
"16749",178,89,0.04878372,0.31674085,0.07914964,1.20758028,0.83017646,1.05926469,1.00060802,0.05139157
"16750",179,89,0,0.30258374,0.05335664,1.20758028,0.83017646,1.05926469,1.00060802,0.04603197
"16751",176,90,0.26897354,0.29693695,0.05545718,1.20349667,0.8273691,1.05568262,0.99722431,0.05426506
"16752",177,90,0.01491986,0.29686102,0.08353645,1.20349667,0.8273691,1.05568262,0.99722431,0.03901708
"16753",178,90,0.01550232,0.29686103,0.08504823,1.20349667,0.8273691,1.05568262,0.99722431,0.14862212
"16754",179,90,0.01504873,0.29686102,0.08503673,1.20349667,0.8273691,1.05568262,0.99722431,0.05908571
"16755",175,91,0.66133025,0.46797672,0.73489004,1.19940225,0.8245543,1.05209108,0.99383165,0.19412347
"16756",176,91,0.05214186,0.28017636,0.05799009,1.19940225,0.8245543,1.05209108,0.99383165,0.04836934
"16757",177,91,0.05215021,0.28046067,0.05817168,1.19940225,0.8245543,1.05209108,0.99383165,0.08330926
"16758",178,91,0.05200587,0.28004665,0.05817168,1.19940225,0.8245543,1.05209108,0.99383165,0.14308044
"16759",172,92,0.54313762,0.35844181,0,1.19529755,0.82173244,1.04849053,0.99043048,0.06309496
"16760",173,92,0.51429222,0.42126894,0.05973138,1.19529755,0.82173244,1.04849053,0.99043048,0.10916647
"16761",174,92,0.56230206,0.46637517,0.68284264,1.19529755,0.82173244,1.04849053,0.99043048,0.16339992
"16762",175,92,0.55214313,0.46637517,0,1.19529755,0.82173244,1.04849053,0.99043048,0.19995254
"16763",176,92,0.57115035,0.46637524,0,1.19529755,0.82173244,1.04849053,0.99043048,0.11379697
"16764",177,92,0.57549384,0.46637524,0,1.19529755,0.82173244,1.04849053,0.99043048,0.13624156
"16765",178,92,0.57193593,0.46637517,0.06106648,1.19529755,0.82173244,1.04849053,0.99043048,0.10348731
"16766",174,93,0.3841444,0.47529828,0,1.19118259,0.81890352,1.04488097,0.9870208,0.01772786
"16767",175,93,0.55053195,0.46476969,0,1.19118259,0.81890352,1.04488097,0.9870208,0.16445581
"16768",176,93,0.55162404,0.46476962,0,1.19118259,0.81890352,1.04488097,0.9870208,0.31106757
"16769",177,93,0.54634411,0.46476962,0,1.19118259,0.81890352,1.04488097,0.9870208,0.44994414
"16770",178,93,0.52476643,0,0,1.19118259,0.81890352,1.04488097,0.9870208,0.43527881
"16771",179,93,0.54476084,0,0,1.19118259,0.81890352,1.04488097,0.9870208,0.31319752
"16772",174,94,0.543976,0.34153177,0.05931958,1.18705682,0.81606717,1.04126192,0.98360216,0.037748
"16773",175,94,0.38383012,0.15200089,0,1.18705682,0.81606717,1.04126192,0.98360216,0.08566911
"16774",176,94,0.36631463,0.12972161,0.05367022,1.18705682,0.81606717,1.04126192,0.98360216,0.11508012
"16775",177,94,0.51683289,0,0.05299939,1.18705682,0.81606717,1.04126192,0.98360216,0.31032926
"16776",178,94,0.52675932,0.51752002,0,1.18705682,0.81606717,1.04126192,0.98360216,0.12908262
"16777",179,94,0.5736188,0,0.74564712,1.18705682,0.81606717,1.04126192,0.98360216,0.1822226
"16778",180,94,0.57527943,0,0.74697897,1.18705682,0.81606717,1.04126192,0.98360216,0.11086415
"16779",181,94,0.58491513,0.40001012,0.72591781,1.18705682,0.81606717,1.04126192,0.98360216,0.05311862
"16780",175,95,0.52983767,0.42778351,0.05281471,1.17754893,0.81309333,1.03763387,0.98017501,0.02244296
"16781",176,95,0.38072675,0.48841488,0,1.18292078,0.81322376,1.03763387,0.98017501,0.03346251
"16782",177,95,0.37993883,0.47805528,0,1.18292078,0.81322376,1.03763387,0.98017501,0.04791073
"16783",178,95,0.38171663,0.38933005,0.05818241,1.18292078,0.81322376,1.03763387,0.98017501,0.03019868
"16784",179,95,0.39000472,0.3990973,0.05911288,1.18292078,0.81322376,1.03763387,0.98017501,0.07642804
"16785",180,95,0.56760054,0.39234366,0.74523235,1.18292078,0.81322376,1.03763387,0.98017501,0.05394387
"16786",181,95,0.5799359,0.42806075,0.72362211,1.18292078,0.81322376,1.03763387,0.98017501,0.02118193
"16787",182,95,0.53796383,0.35671169,0.05794295,1.18292078,0.81322376,1.03763387,0.98017501,0.01739886
"16788",175,96,0.41036336,0.50646506,0.05262959,1.17877446,0.81037329,1.03399681,0.97673935,0.01558848
"16789",176,96,0.38119064,0.50646506,0,1.17877446,0.81037329,1.03399681,0.97673935,0.02849948
"16790",177,96,0.37895919,0.50646506,0,1.17877446,0.81037329,1.03399681,0.97673935,0.0290087
"16791",178,96,0.38754273,0.50646513,0.05262959,1.17877446,0.81037329,1.03399681,0.97673935,0.2198649
"16792",179,96,0.38517101,0.49127725,0.05890568,1.17877446,0.81037329,1.03399681,0.97673935,0.05793526
"16793",180,96,0.49438151,0.4659681,0.05262959,1.17877446,0.81037329,1.03399681,0.97673935,0.0114655
"16794",181,96,0.50841554,0.37745251,0.05797847,1.17877446,0.81037329,1.03399681,0.97673935,0.02108305
"16795",182,96,0.51185161,0.28614094,0.0526296,1.17368297,0.81040579,1.03399681,0.97673935,0.02135628
"16796",176,97,0.52547448,0.50467917,0.05869797,1.17461788,0.80751576,1.03035074,0.97329518,0.03157444
"16797",177,97,0.38080255,0.50467917,0,1.17461788,0.80751576,1.03035074,0.97329518,0.03620667
"16798",178,97,0.38147167,0.35487206,0,1.17461788,0.80751576,1.03035074,0.97329518,0.05940054
"16799",179,97,0.50973645,0.18417854,0.05869797,1.17461788,0.80751576,1.03035074,0.97329518,0.05895041
"16800",180,97,0.52394663,0.41119,0.05342248,1.17461788,0.80751576,1.03035074,0.97329518,0.02166454
"16801",205,93,0.14089857,0.08629153,0.01747133,0.40390196,0.27923905,0.35629541,0.33656559,0
"16802",206,93,0.00091121,0.00046071,0,0.00300668,0.00207868,0.00265229,0.00250542,0
"16803",199,94,0.53995449,0,0.05873534,1.18039055,0.81606717,1.04126192,0.98360216,0.02698386
"16804",200,94,0.5415956,0,0.05272975,1.18039055,0.81606717,1.04126192,0.98360216,0.02041771
"16805",201,94,0.54753453,0,0.05272975,1.18039055,0.81606717,1.04126192,0.98360216,0.03105614
"16806",202,94,0.41766309,0.35187531,0.05217268,1.18039055,0.81606717,1.04126192,0.98360216,0.018514
"16807",203,94,0.53384636,0.34384436,0.05232889,1.18039055,0.81606717,1.04126192,0.98360216,0.01824444
"16808",204,94,0.40289244,0.29604105,0.05232889,1.18039055,0.81606717,1.04126192,0.98360216,0.050221
"16809",205,94,0.54490736,0.2994931,0.05368045,1.18039055,0.81606717,1.04126192,0.98360216,0.03879299
"16810",206,94,0.36702104,0.14464634,0.03650259,0.80756529,0.55831311,0.71238031,0.67293232,0.00787603
"16811",207,94,0.27894711,0.10018305,0,0.63157901,0.43664438,0.55713693,0.52628554,0.00955797
"16812",208,94,0.05677425,0.01633094,0.00569201,0.12592731,0.08706029,0.11108468,0.10493338,0.00327966
"16813",199,95,0.53920673,0,0.05191534,1.17627773,0.81322376,1.03763387,0.98017501,0.00729507
"16814",200,95,0.54180126,0.12926962,0.05254603,1.17627773,0.81322376,1.03763387,0.98017501,0.04193649
"16815",201,95,0.53561769,0.47585522,0.05202714,1.17627773,0.81322376,1.03763387,0.98017501,0.01656147
"16816",202,95,0.39451443,0.34856166,0.05191534,1.17627773,0.81322376,1.03763387,0.98017501,0.01106251
"16817",203,95,0.54187694,0.27483465,0.05254603,1.17627773,0.81322376,1.03763387,0.98017501,0.00961825
"16818",204,95,0.52395762,0.37134149,0.05395857,1.17627773,0.81322376,1.03763387,0.98017501,0.00400341
"16819",205,95,0.54394577,0.47194555,0.05214656,1.17627773,0.81322376,1.03763387,0.98017501,0.02712552
"16820",206,95,0.53868898,0.33473748,0.05352071,1.17627773,0.81322376,1.03763387,0.98017501,0.02078892
"16821",207,95,0.54020693,0.28094356,0.05316869,1.17627773,0.81322376,1.03763387,0.98017501,0.01045856
"16822",208,95,0.27406335,0.14221612,0.02802263,0.60219914,0.4163325,0.53121997,0.50180372,0.00306126
"16823",197,96,0.53364592,0.37038845,0.05234276,1.1721547,0.81037329,1.03399681,0.97673935,0.0132389
"16824",198,96,0.52910623,0.27604529,0.05236184,1.1721547,0.81037329,1.03399681,0.97673935,0.02717979
"16825",199,96,0.52160119,0.29792433,0.05236184,1.1721547,0.81037329,1.03399681,0.97673935,0.03676127
"16826",200,96,0.53723633,0.45084457,0.05832553,1.1721547,0.81037329,1.03399681,0.97673935,0.02591099
"16827",201,96,0.53676634,0.46823213,0.05196378,1.1721547,0.81037329,1.03399681,0.97673935,0.0246655
"16828",202,96,0.54149253,0.38040009,0.05236184,1.1721547,0.81037329,1.03399681,0.97673935,0.04341018
"16829",203,96,0.54188868,0.27447691,0.05236184,1.1721547,0.81037329,1.03399681,0.97673935,0.13581817
"16830",204,96,0.52849343,0.24302081,0.0538397,1.1721547,0.81037329,1.03399681,0.97673935,0.04012198
"16831",205,96,0.53818189,0.46788948,0.05773986,1.1721547,0.81037329,1.03399681,0.97673935,0.02084377
"16832",206,96,0.53753024,0.42473506,0.05773986,1.1721547,0.81037329,1.03399681,0.97673935,0.02922123
"16833",207,96,0.49741394,0.26721572,0.04855173,1.08686268,0.75140635,0.95875787,0.90566676,0.03193962
"16834",208,96,0.09594576,0.06877691,0.00942296,0.21750572,0.15037335,0.19186906,0.18124433,0.00215308
"16835",195,97,0.52839145,0.4549715,0.05791567,1.16802146,0.80751576,1.03035074,0.97329518,0.02553287
"16836",196,97,0.53501107,0.37312069,0,1.16802146,0.80751576,1.03035074,0.97329518,0.03778132
"16837",197,97,0.53539792,0.37866435,0.05811986,1.16802146,0.80751576,1.03035074,0.97329518,0.06444994
"16838",198,97,0.53885926,0.31275266,0,1.16802146,0.80751576,1.03035074,0.97329518,0.04557828
"16839",199,97,0.52177954,0.38767682,0.05811986,1.16802146,0.80751576,1.03035074,0.97329518,0.01916507
"16840",200,97,0.52259013,0.36893797,0,1.16802146,0.80751576,1.03035074,0.97329518,0.02810524
"16841",201,97,0.52302958,0.36819652,0.05217721,1.16802146,0.80751576,1.03035074,0.97329518,0.00816173
"16842",202,97,0.53598405,0.35754661,0.05217721,1.16802146,0.80751576,1.03035074,0.97329518,0.04725412
"16843",203,97,0.53713295,0.12836228,0.05217721,1.16802146,0.80751576,1.03035074,0.97329518,0.0546026
"16844",204,97,0.52378695,0.17097672,0.05217721,1.16802146,0.80751576,1.03035074,0.97329518,0.03607907
"16845",205,97,0.5234731,0.29209994,0.05217721,1.16802146,0.80751576,1.03035074,0.97329518,0.03955311
"16846",206,97,0.52981229,0.41321799,0.05178055,1.16802146,0.80751576,1.03035074,0.97329518,0.02544873
"16847",207,97,0.47690265,0.28376792,0.0474383,1.07007281,0.73979861,0.94394696,0.891676,0.0197718
"16848",208,97,0.14578942,0.12789882,0.01442418,0.33294675,0.23018391,0.29370345,0.27743965,0.01233868
"16849",195,98,0.53648726,0.33946332,0.05768855,1.16387747,0.8046508,1.02669519,0.96984205,0.0632009
"16850",196,98,0.53766264,0.3046861,0.05199209,1.16387747,0.8046508,1.02669519,0.96984205,0.02686104
"16851",197,98,0.53782094,0.30441558,0,1.16387747,0.8046508,1.02669519,0.96984205,0.04093717
"16852",198,98,0.53630434,0.20684548,0,1.16387747,0.8046508,1.02669519,0.96984205,0.02583782
"16853",199,98,0.52443542,0.36692179,0,1.16387747,0.8046508,1.02669519,0.96984205,0.03223035
"16854",200,98,0.52114975,0.36699986,0,1.16387747,0.8046508,1.02669519,0.96984205,0.02551876
"16855",201,98,0.53391422,0.36697321,0,1.16387747,0.8046508,1.02669519,0.96984205,0.04658524
"16856",202,98,0.52049722,0.37082103,0.05199209,1.16387747,0.8046508,1.02669519,0.96984205,0.0282814
"16857",203,98,0.51373444,0.41929487,0.05733212,1.16387747,0.8046508,1.02669519,0.96984205,0.06827792
"16858",204,98,0.54152958,0.51028017,0.05733212,1.16387747,0.8046508,1.02669519,0.96984205,0.09847074
"16859",205,98,0.52338024,0.51028017,0.05733212,1.16387747,0.8046508,1.02669519,0.96984205,0.06736834
"16860",206,98,0.38358578,0.29590568,0.05531032,1.16114921,0.80276461,1.0242885,0.96756863,0.01131678
"16861",207,98,0.12658528,0.04160524,0.01637613,0.37858331,0.26173491,0.33396098,0.31546793,0.00900872
"16862",195,99,0.53380126,0.2582677,0.05770697,1.15972381,0.80177915,1.0230311,0.96638086,0.03422935
"16863",196,99,0.53711921,0.33772838,0.05180654,1.15972381,0.80177915,1.0230311,0.96638086,0.05124558
"16864",197,99,0.5188804,0.36530797,0,1.15972381,0.80177915,1.0230311,0.96638086,0.05006696
"16865",198,99,0.53267394,0.36587574,0,1.15972381,0.80177915,1.0230311,0.96638086,0.04140845
"16866",199,99,0.5339469,0.36593356,0.05770697,1.15972381,0.80177915,1.0230311,0.96638086,0.26008702
"16867",200,99,0.52811855,0.36532474,0.05770697,1.15972381,0.80177915,1.0230311,0.96638086,0.05099702
"16868",201,99,0.53131895,0.36622268,0.05649286,1.15972381,0.80177915,1.0230311,0.96638086,0.0429509
"16869",202,99,0.51247508,0.36242518,0.05712752,1.15972381,0.80177915,1.0230311,0.96638086,0.02054146
"16870",203,99,0.51517549,0.4363225,0.05712752,1.15972381,0.80177915,1.0230311,0.96638086,0.00828376
"16871",204,99,0.52879551,0.31795477,0.05712752,1.15972381,0.80177915,1.0230311,0.96638086,0.02252258
"16872",205,99,0.37157345,0.12313554,0.05304525,1.12046125,0.77463484,0.98839629,0.93366395,0.02356544
"16873",206,99,0.14741756,0.04812225,0.01994268,0.43788429,0.30273285,0.38627236,0.36488257,0.01603146
"16874",195,100,0.53122139,0.12699279,0.05414567,1.15555993,0.79890044,1.01935801,0.96291117,0.08297303
"16875",196,100,0.5311077,0.25812448,0.05641569,1.15555993,0.79890044,1.01935801,0.96291117,0.05020092
"16876",197,100,0.53428543,0.25081407,0.0569224,1.15555993,0.79890044,1.01935801,0.96291117,0.03382535
"16877",198,100,0.53383961,0.21985708,0.0569224,1.15555993,0.79890044,1.01935801,0.96291117,0.01134911
"16878",199,100,0.5189849,0.17847903,0.05749978,1.15555993,0.79890044,1.01935801,0.96291117,0.05043183
"16879",200,100,0.39080804,0,0.05749978,1.15555993,0.79890044,1.01935801,0.96291117,0.02578419
"16880",201,100,0.51076824,0.12699279,0.0569224,1.15555993,0.79890044,1.01935801,0.96291117,0.02591826
"16881",202,100,0.38461743,0,0.05136755,1.15555993,0.79890044,1.01935801,0.96291117,0.00440031
"16882",203,100,0.40712088,0.5066335,0.05308729,1.15555993,0.79890044,1.01935801,0.96291117,0.00889154
"16883",204,100,0.39739101,0.12699279,0.05590005,1.15555993,0.79890044,1.01935801,0.96291117,0.0048448
"16884",205,100,0.37549103,0.12259248,0.04923376,1.11551964,0.77121844,0.98403712,0.92954618,0.01079196
"16885",206,100,0.02616134,0.01521329,0.00360321,0.07971564,0.05511169,0.07031983,0.06642588,0
"16886",195,101,0.51842418,0.12653401,0.05729206,1.15138531,0.7960143,1.01567543,0.95943251,0.06351491
"16887",196,101,0.5230982,0.12653401,0.05292285,1.15138531,0.7960143,1.01567543,0.95943251,0.041924
"16888",197,101,0.51659936,0.12653401,0.05310486,1.15138531,0.7960143,1.01567543,0.95943251,0.03199764
"16889",198,101,0.39809312,0.12653401,0.05235081,1.15138531,0.7960143,1.01567543,0.95943251,0.01302912
"16890",199,101,0.39454034,0.12653401,0.05729206,1.15138531,0.7960143,1.01567543,0.95943251,0.027026
"16891",200,101,0.39253152,0.12653401,0.0547362,1.15138531,0.7960143,1.01567543,0.95943251,0.02555564
"16892",201,101,0.38841912,0.12653401,0.05059227,1.15138531,0.7960143,1.01567543,0.95943251,0.05225907
"16893",202,101,0.40729413,0.12653401,0.05308686,1.15138531,0.7960143,1.01567543,0.95943251,0.02064462
"16894",203,101,0.53933196,0.12653401,0.05117502,1.15138531,0.7960143,1.01567543,0.95943251,0.00680508
"16895",204,101,0.53606879,0,0.05143405,1.15138531,0.7960143,1.01567543,0.95943251,0.01811225
"16896",205,101,0.15647949,0.20495857,0.02003173,0.45966631,0.31779193,0.405487,0.3830332,0.04502493
"16897",195,102,0.52966918,0.12607417,0,1.14720101,0.79312147,1.01198432,0.9559458,0.05017607
"16898",196,102,0.5313388,0.12607417,0,1.14720101,0.79312147,1.01198432,0.9559458,0.01653335
"16899",197,102,0.53386484,0.12607417,0.05651065,1.14720101,0.79312147,1.01198432,0.9559458,0.026401
"16900",198,102,0.53619047,0,0.05651065,1.14720101,0.79312147,1.01198432,0.9559458,0.02126979
"16901",199,102,0.39623581,0.12607417,0.05425103,1.14720101,0.79312147,1.01198432,0.9559458,0.05985882
"16902",200,102,0.39282478,0.12607417,0.05651065,1.14720101,0.79312147,1.01198432,0.9559458,0.01777849
"16903",201,102,0.39308296,0.12607417,0.05651065,1.14720101,0.79312147,1.01198432,0.9559458,0.04772237
"16904",202,102,0.4019467,0.12607417,0.05651065,1.14720101,0.79312147,1.01198432,0.9559458,0.02563373
"16905",203,102,0.40150321,0.12607417,0.05651065,1.14720101,0.79312147,1.01198432,0.9559458,0.03372229
"16906",204,102,0.40005626,0.12607417,0.05308186,1.14720101,0.79312147,1.01198432,0.9559458,0.00571168
"16907",205,102,0.19340724,0.24928097,0.02424507,0.55906939,0.3865146,0.49317378,0.46586434,0.0133022
"16908",195,103,0.40553117,0.1256132,0.05687513,1.14300649,0.79022157,1.0082842,0.95245057,0.06993612
"16909",196,103,0.40919915,0.1256132,0.05630403,1.14300649,0.79022157,1.0082842,0.95245057,0.0259765
"16910",197,103,0.53071988,0.1256132,0.0504469,1.14300649,0.79022157,1.0082842,0.95245057,0.02887275
"16911",198,103,0.39979407,0.1256132,0.05630402,1.14300649,0.79022157,1.0082842,0.95245057,0.06369967
"16912",199,103,0.39335346,0.1256132,0.05630403,1.14300649,0.79022157,1.0082842,0.95245057,0.03332383
"16913",200,103,0.38869026,0.1256132,0.05630403,1.14300649,0.79022157,1.0082842,0.95245057,0.07061228
"16914",201,103,0.37570045,0,0.05630403,1.14300649,0.79022157,1.0082842,0.95245057,0.00735795
"16915",202,103,0.37684473,0,0.05630403,1.14300649,0.79022157,1.0082842,0.95245057,0.01493376
"16916",203,103,0.38101753,0,0.0550269,1.14300649,0.79022157,1.0082842,0.95245057,0.01989374
"16917",204,103,0.38913657,0.1256132,0,1.14300649,0.79022157,1.0082842,0.95245057,0.04097178
"16918",205,103,0.31406789,0,0.04034814,0.91142088,0.63011404,0.80399479,0.75947367,0.0189542
"16919",206,103,0.0060309,0.00789061,0.00083752,0.01936173,0.0133858,0.01707963,0.01613385,0
"16920",200,104,0.52945031,0.12515118,0,1.1388023,0.78731499,1.00457554,0.94894728,0.02978166
"16921",201,104,0.52685853,0.12778731,0,1.1388023,0.78731499,1.00457554,0.94894728,0.026352
"16922",202,104,0.51583877,0.12515118,0.05609693,1.1388023,0.78731499,1.00457554,0.94894728,0.09899981
"16923",203,104,0.3762105,0.12515118,0.05609693,1.1388023,0.78731499,1.00457554,0.94894728,0.026774
"16924",204,104,0.38870618,0.12430822,0.05545694,1.13113189,0.78201203,0.99780922,0.94255564,0.02734226
"16925",205,104,0.25382392,0.08061316,0.03229958,0.73353245,0.50713025,0.64707347,0.61124184,0.06018735
"16926",206,104,0.00205836,0.00168803,0.00027055,0.00624501,0.00431751,0.00550893,0.00520387,0
"16927",202,105,0.50609923,0,0.05242437,1.14340824,0.78494655,1.00085788,0.94543548,0.02685841
"16928",203,105,0.16678399,0,0.02190161,0.49770556,0.34409049,0.43904269,0.41473075,0.01502046
"16929",204,105,0.04945663,0,0.00636198,0.14707617,0.10168163,0.1297408,0.12255642,0
"16930",199,86,0,0.33041614,0,0.81010337,0.56068349,0.71534742,0.67573513,0.00384145
"16931",200,86,0,0.31144127,0,0.79448284,0.54987231,0.70155399,0.66270552,0
"16932",201,86,0,0.11033201,0,0.20003527,0.13844711,0.1766376,0.16685631,0
"16933",196,87,0.05131546,0.29870649,0.05660014,1.20765782,0.8358363,1.06640083,1.007349,0.00635865
"16934",197,87,0,0.42056443,0,1.20765782,0.8358363,1.06640083,1.007349,0.01046953
"16935",198,87,0.04958117,0.26699419,0.05590028,1.20765782,0.8358363,1.06640083,1.007349,0.0002287
"16936",199,87,0.04961487,0.23485415,0.05693785,1.20765782,0.8358363,1.06640083,1.007349,0.00824179
"16937",200,87,0.02261894,0.10342455,0.02546326,0.5151637,0.35655176,0.45490618,0.4297158,0.00754829
"16938",194,88,0.05083631,0.24966564,0.05814403,1.20362222,0.8330432,1.06283726,1.00398277,0.01100361
"16939",195,88,0.05137228,0.25605193,0.08125024,1.20362222,0.8330432,1.06283726,1.00398277,0.00172856
"16940",196,88,0.05314603,0.24148681,0.05959598,1.20362222,0.8330432,1.06283726,1.00398277,0.00602052
"16941",197,88,0.0532547,0.23274023,0.05959598,1.20362222,0.8330432,1.06283726,1.00398277,0.0224857
"16942",198,88,0.05340028,0.23312852,0.08125018,1.20362222,0.8330432,1.06283726,1.00398277,0.01178964
"16943",199,88,0.05225717,0.25141831,0.05959598,1.20362222,0.8330432,1.06283726,1.00398277,0.01996991
"16944",200,88,0.01799834,0.08480626,0.02039532,0.41192607,0.2850996,0.36374401,0.34360173,0
"16945",192,89,0.05275687,0.24016195,0.08097707,1.19957641,0.83024304,1.05926469,1.00060802,0.00970561
"16946",193,89,0.05341849,0.22906203,0.08097707,1.19957641,0.83024304,1.05926469,1.00060802,0.02169448
"16947",194,89,0.05317983,0.23531324,0.08097707,1.19957641,0.83024304,1.05926469,1.00060802,0.06069899
"16948",195,89,0.05303013,0.23123347,0.08097707,1.19957641,0.83024304,1.05926469,1.00060802,0.05388036
"16949",196,89,0.05314463,0.2303091,0.08097707,1.19957641,0.83024304,1.05926469,1.00060802,0.03365882
"16950",197,89,0.05262665,0.2384169,0.08097707,1.19957641,0.83024304,1.05926469,1.00060802,0.04085868
"16951",198,89,0.5584418,0.47116765,0.73861647,1.19957641,0.83024304,1.05926469,1.00060802,0.00126375
"16952",199,89,0.51867015,0.45989263,0.72094152,1.17087077,0.81037548,1.03391668,0.97666366,0.00012209
"16953",200,89,0.13686387,0.12184002,0.01390284,0.311059,0.21528814,0.27467514,0.25946503,0.00805209
"16954",192,90,0.58488284,0.46957426,0.73655544,1.19551986,0.82743545,1.05568262,0.99722431,0.09533464
"16955",193,90,0.52307563,0.19756276,0.05409351,1.19551986,0.82743545,1.05568262,0.99722431,0.05173441
"16956",194,90,0.52310236,0.2340155,0.05409351,1.19551986,0.82743545,1.05568262,0.99722431,0.08342006
"16957",195,90,0.52286357,0.33090802,0.05317817,1.19551986,0.82743545,1.05568262,0.99722431,0.01561548
"16958",196,90,0.52587897,0.27287582,0,1.19551986,0.82743545,1.05568262,0.99722431,0.03362439
"16959",197,90,0.52116028,0.40319987,0.05317817,1.19551986,0.82743545,1.05568262,0.99722431,0.01069022
"16960",198,90,0.5229852,0.43505107,0.05413455,1.19551986,0.82743545,1.05568262,0.99722431,0.00736905
"16961",199,90,0.52400386,0.39424686,0.05451373,1.19551986,0.82743545,1.05568262,0.99722431,0.00167592
"16962",200,90,0.52309738,0.40223215,0.05098704,1.14895146,0.79520483,1.01456122,0.95838,0.11194936
"16963",201,90,0.1832491,0.12789593,0.02003442,0.4022172,0.27837996,0.35517077,0.33550323,0.02562726
"16964",191,91,0.5878565,0.46797672,0.76295199,1.1945626,0.82473064,1.05209108,0.99383165,0.00695718
"16965",192,91,0.40030784,0.13107072,0.05390947,1.19145258,0.82462043,1.05209108,0.99383165,0.00600224
"16966",193,91,0.40195785,0.14591064,0.05934619,1.19145258,0.82462043,1.05209108,0.99383165,0.01507015
"16967",194,91,0.52507535,0.13107072,0.05390947,1.19145258,0.82462043,1.05209108,0.99383165,0.02392041
"16968",195,91,0.54344048,0.16850463,0.05934619,1.19145258,0.82462043,1.05209108,0.99383165,0.06972357
"16969",196,91,0.52301298,0.17357431,0,1.19145258,0.82462043,1.05209108,0.99383165,0.02137359
"16970",197,91,0.40346521,0.13107072,0.05390947,1.19145258,0.82462043,1.05209108,0.99383165,0.00467771
"16971",198,91,0.52898021,0.13107072,0.05390947,1.19145258,0.82462043,1.05209108,0.99383165,0.04520379
"16972",199,91,0.52935267,0.24746053,0,1.19145258,0.82462043,1.05209108,0.99383165,0.03738716
"16973",200,91,0.53164179,0.37177296,0.05934619,1.19145258,0.82462043,1.05209108,0.99383165,0.04928295
"16974",201,91,0.54158781,0.23602727,0.05892228,1.18294215,0.81873025,1.0445761,0.98673281,0.02443513
"16975",202,91,0.18975318,0.06013204,0.02722658,0.54660932,0.3783157,0.48267367,0.45594567,0.00444543
"16976",203,91,0.00115106,0.00085276,0,0.00378647,0.00262067,0.00334357,0.00315842,0
"16977",191,92,0.39885025,0,0.05245853,1.18737509,0.82179834,1.04849053,0.99043048,0.02861191
"16978",192,92,0.41447144,0.13062215,0.05914309,1.18737509,0.82179834,1.04849053,0.99043048,0.10699826
"16979",193,92,0.4220603,0.13062215,0.05914309,1.18737509,0.82179834,1.04849053,0.99043048,0.04308472
"16980",194,92,0.5514799,0.13062215,0.05309581,1.18737509,0.82179834,1.04849053,0.99043048,0.04476191
"16981",195,92,0.55189838,0.13062215,0.05309581,1.18737509,0.82179834,1.04849053,0.99043048,0.16454877
"16982",196,92,0.54941676,0.13062215,0.05914309,1.18737509,0.82179834,1.04849053,0.99043048,0.15381432
"16983",197,92,0.54283464,0.13062215,0.05914309,1.18737509,0.82179834,1.04849053,0.99043048,0.08130049
"16984",198,92,0.54310988,0.13062215,0.05914309,1.18737509,0.82179834,1.04849053,0.99043048,0.06141206
"16985",199,92,0.54264568,0.35570387,0.05914309,1.18737509,0.82179834,1.04849053,0.99043048,0.06359956
"16986",200,92,0.41906029,0.13062215,0.05198125,1.18737509,0.82179834,1.04849053,0.99043048,0.06134526
"16987",201,92,0.54193991,0.13062215,0.05203053,1.18737509,0.82179834,1.04849053,0.99043048,0.02392701
"16988",202,92,0.55073578,0.13062215,0.05317401,1.18737509,0.82179834,1.04849053,0.99043048,0.03427905
"16989",203,92,0.33725866,0.13215139,0.03170534,0.73221767,0.50677774,0.64657184,0.61076799,0.00381837
"16990",204,92,0.02081692,0.01289119,0,0.04926758,0.03409876,0.04350486,0.04109578,0
"16991",191,93,0.40403585,0,0.05893948,1.1832874,0.8189692,1.04488097,0.9870208,0.02524525
"16992",192,93,0.4101009,0,0.05893948,1.1832874,0.8189692,1.04488097,0.9870208,0.10468972
"16993",193,93,0.4077399,0.13017247,0.05227793,1.1832874,0.8189692,1.04488097,0.9870208,0.01014592
"16994",194,93,0.40859894,0.13017247,0.05431079,1.1832874,0.8189692,1.04488097,0.9870208,0.05028253
"16995",195,93,0.42055331,0.13017247,0.05227379,1.1832874,0.8189692,1.04488097,0.9870208,0.0430144
"16996",196,93,0.40874829,0.13017247,0.05354003,1.1832874,0.8189692,1.04488097,0.9870208,0.04584843
"16997",197,93,0.4093139,0.13017247,0.05354003,1.1832874,0.8189692,1.04488097,0.9870208,0.04230462
"16998",198,93,0.54684084,0.37312013,0.05893948,1.1832874,0.8189692,1.04488097,0.9870208,0.06666883
"16999",199,93,0.538919,0.51931873,0.05893948,1.1832874,0.8189692,1.04488097,0.9870208,0.02247661
"17000",200,93,0.52863229,0,0.05227793,1.1832874,0.8189692,1.04488097,0.9870208,0.01211757
"17001",201,93,0.54394252,0,0.05291302,1.1832874,0.8189692,1.04488097,0.9870208,0.02575579
"17002",202,93,0.55157723,0,0.05291302,1.1832874,0.8189692,1.04488097,0.9870208,0.03367234
"17003",203,93,0.54515649,0.21510163,0.05291302,1.1832874,0.8189692,1.04488097,0.9870208,0.01631401
"17004",204,93,0.48006608,0.2677013,0.04714745,1.04200521,0.72118589,0.92012423,0.86917245,0.0074242
"17005",192,94,0.41548642,0.12972161,0.05873534,1.17918897,0.81613262,1.04126192,0.98360216,0.02228236
"17006",193,94,0.400929,0,0.05209686,1.17918897,0.81613262,1.04126192,0.98360216,0.02880664
"17007",194,94,0.42071388,0.12972161,0.05209686,1.17918897,0.81613262,1.04126192,0.98360216,0.03707247
"17008",195,94,0.4041957,0.12972161,0.05209686,1.17918897,0.81613262,1.04126192,0.98360216,0.00713618
"17009",196,94,0.39552413,0.12972161,0.05209686,1.17918897,0.81613262,1.04126192,0.98360216,0.03250556
"17010",197,94,0.40684171,0,0.05533628,1.17918897,0.81613262,1.04126192,0.98360216,0.05088544
"17011",198,94,0.40886812,0,0.0584659,1.18039055,0.81606717,1.04126192,0.98360216,0.04393358
"17012",194,95,0.41183299,0,0.05274628,1.17508035,0.81328898,1.03763387,0.98017501,0.13188703
"17013",195,95,0.40126671,0,0.05155341,1.17508035,0.81328898,1.03763387,0.98017501,0.03598244
"17014",196,95,0.39537885,0,0.051443,1.17508035,0.81328898,1.03763387,0.98017501,0.09541915
"17015",197,95,0.3979274,0,0.05191534,1.17508035,0.81328898,1.03763387,0.98017501,0.01349297
"17016",198,95,0.3883965,0,0.05191534,1.17627773,0.81322376,1.03763387,0.98017501,0.00609563
"17017",195,96,0.39920707,0,0.05126269,1.17096151,0.81043828,1.03399681,0.97673935,0.01303866
"17018",196,96,0.53933364,0.36992091,0.05173337,1.17096151,0.81043828,1.03399681,0.97673935,0.01676689
"17019",186,93,0.59706158,0,0.75297999,1.1860375,0.81893636,1.04488097,0.9870208,0.03567816
"17020",187,93,0.59684635,0,0.75270475,1.1860375,0.81893636,1.04488097,0.9870208,0.03013558
"17021",186,94,0.52563798,0.32892278,0.05344337,1.18192955,0.8160999,1.04126192,0.98360216,0.00649792
"17022",187,94,0.53958393,0.27995773,0.05404733,1.18192955,0.8160999,1.04126192,0.98360216,0.01390071
"17023",188,94,0.52068961,0.31711775,0.05377644,1.18192955,0.8160999,1.04126192,0.98360216,0.02445676
"17024",189,94,0.53721659,0.30705229,0.05506804,1.18192955,0.8160999,1.04126192,0.98360216,0.00711014
"17025",190,94,0.53644623,0.26467702,0.05873534,1.18192955,0.8160999,1.04126192,0.98360216,0.0137624
"17026",191,94,0.41351121,0.12972161,0.05873534,1.18192955,0.8160999,1.04126192,0.98360216,0.0273244
"17027",183,95,0.53802406,0.5157169,0.05335066,1.17781137,0.81325637,1.03763387,0.98017501,0.00908006
"17028",184,95,0.53537311,0.51571683,0.05794295,1.17781137,0.81325637,1.03763387,0.98017501,0.01806069
"17029",185,95,0.53209173,0.51571676,0.05794295,1.17781137,0.81325637,1.03763387,0.98017501,0.03570873
"17030",186,95,0.53644479,0.51571676,0.05390362,1.17781137,0.81325637,1.03763387,0.98017501,0.01006658
"17031",187,95,0.52187526,0.18711115,0.05383665,1.17781137,0.81325637,1.03763387,0.98017501,0.02543137
"17032",188,95,0.52387629,0.16946206,0.05437215,1.17781137,0.81325637,1.03763387,0.98017501,0.02214555
"17033",189,95,0.54078408,0.15589818,0.05281473,1.17781137,0.81325637,1.03763387,0.98017501,0.00733389
"17034",190,95,0.54298322,0.18464202,0,1.17781137,0.81325637,1.03763387,0.98017501,0.04132517
"17035",191,95,0.5366646,0.14013012,0.05348324,1.17781137,0.81325637,1.03763387,0.98017501,0.01964972
"17036",192,95,0.53654888,0.2119213,0.05348323,1.17781137,0.81325637,1.03763387,0.98017501,0.01697795
"17037",193,95,0.53528888,0.30765675,0.05853069,1.17781137,0.81325637,1.03763387,0.98017501,0.09169544
"17038",183,96,0.51107281,0.51390917,0.0526296,1.17368297,0.81040579,1.03399681,0.97673935,0.0184055
"17039",184,96,0.53132447,0.51390917,0.05546504,1.17368297,0.81040579,1.03399681,0.97673935,0.02454065
"17040",185,96,0.53316459,0.51390917,0.05397819,1.17368297,0.81040579,1.03399681,0.97673935,0.02473651
"17041",186,96,0.53344354,0.35261379,0.05485223,1.17368297,0.81040579,1.03399681,0.97673935,0.03891976
"17042",187,96,0.52166525,0.30465537,0.05541341,1.17368297,0.81040579,1.03399681,0.97673935,0.09960421
"17043",188,96,0.52619963,0.28211934,0.05498001,1.17368297,0.81040579,1.03399681,0.97673935,0.01053798
"17044",189,96,0.40257795,0.24286405,0.0526296,1.17368297,0.81040579,1.03399681,0.97673935,0.00189778
"17045",190,96,0.53228276,0.32874954,0.05307048,1.17368297,0.81040579,1.03399681,0.97673935,0.0126685
"17046",191,96,0.52462528,0.35406199,0.05243445,1.17368297,0.81040579,1.03399681,0.97673935,0.00827169
"17047",192,96,0.52222933,0.37839121,0.05243445,1.17368297,0.81040579,1.03399681,0.97673935,0.01499898
"17048",193,96,0.52204504,0.32624408,0,1.17368297,0.81040579,1.03399681,0.97673935,0.00272909
"17049",194,96,0.53452329,0.39745718,0.05832553,1.17368297,0.81040579,1.03399681,0.97673935,0.02664324
"17050",183,97,0.50475058,0.51209703,0.05244402,1.16954434,0.80754814,1.03035074,0.97329518,0.03721663
"17051",184,97,0.52026715,0.51209703,0.05244402,1.16954434,0.80754814,1.03035074,0.97329518,0.01682661
"17052",185,97,0.53431428,0.51209696,0.05244402,1.16954434,0.80754814,1.03035074,0.97329518,0.01493993
"17053",186,97,0.52399974,0.24892968,0.05244402,1.16954434,0.80754814,1.03035074,0.97329518,0.02937584
"17054",187,97,0.51968471,0.20418002,0.05310783,1.16954434,0.80754814,1.03035074,0.97329518,0.20532843
"17055",188,97,0.51905317,0.25239655,0.05310784,1.16954434,0.80754814,1.03035074,0.97329518,0.08388272
"17056",189,97,0.52090428,0.36144754,0.05224956,1.16954434,0.80754814,1.03035074,0.97329518,0.01758446
"17057",190,97,0.5205983,0.42882303,0.05224956,1.16954434,0.80754814,1.03035074,0.97329518,0.02642584
"17058",191,97,0.53308642,0.4011591,0.05224956,1.16954434,0.80754814,1.03035074,0.97329518,0.01344411
"17059",192,97,0.52659241,0.4590291,0.05312886,1.16954434,0.80754814,1.03035074,0.97329518,0.11852898
"17060",193,97,0.5321043,0.35507002,0.05712039,1.16954434,0.80754814,1.03035074,0.97329518,0.02794563
"17061",194,97,0.53329415,0.31765538,0.05502923,1.16954434,0.80754814,1.03035074,0.97329518,0.00583194
"17062",184,98,0.51662897,0,0.05225796,1.16539495,0.80468307,1.02669519,0.96984205,0.00679193
"17063",185,98,0.521104,0,0.05269573,1.16539495,0.80468307,1.02669519,0.96984205,0.00693778
"17064",186,98,0.52107669,0,0.05269573,1.16539495,0.80468307,1.02669519,0.96984205,0.00694753
"17065",187,98,0.38452116,0.35047804,0.05225796,1.16539495,0.80468307,1.02669519,0.96984205,0.01842185
"17066",188,98,0.50646556,0.51114767,0.05173302,1.16539495,0.80468307,1.02669519,0.96984205,0.03246329
"17067",189,98,0.38430895,0.26512971,0.05291942,1.16539495,0.80468307,1.02669519,0.96984205,0.11164625
"17068",190,98,0.50730959,0.51223266,0.05678714,1.16539495,0.80468307,1.02669519,0.96984205,0.11519535
"17069",186,99,0.52282668,0.12745039,0.0515484,1.16123587,0.8018113,1.0230311,0.96638086,0.05687253
"17070",200,106,0.39834861,0.12422375,0.04978994,1.13115141,0.781606,0.99713121,0.94191518,0.01855449
"17071",201,106,0.39377879,0.12422375,0.04978994,1.13115141,0.781606,0.99713121,0.94191518,0.05412072
"17072",202,106,0.38988983,0,0.04988889,1.13115141,0.781606,0.99713121,0.94191518,0.02188462
"17073",203,106,0.29272882,0,0,0.87823749,0.60684687,0.77418284,0.73131255,0.0167228
"17074",204,106,0.0206213,0,0,0.06483976,0.04480315,0.05715747,0.05399238,0.0017679
"17075",199,107,0.39246082,0.12375842,0.05227062,1.12691417,0.77867814,0.993396,0.93838681,0.00915224
"17076",200,107,0.39705261,0.12375842,0,1.12691417,0.77867814,0.993396,0.93838681,0.01250594
"17077",201,107,0.35432285,0.24483073,0,1.12691417,0.77867814,0.993396,0.93838681,0.02017649
"17078",202,107,0.35408854,0.24783209,0.04870829,1.12691417,0.77867814,0.993396,0.93838681,0.02951608
"17079",203,107,0.35449227,0.38889784,0.04870829,1.12691417,0.77867814,0.993396,0.93838681,0.02893141
"17080",204,107,0.29169381,0.32004781,0.04244398,0.96888257,0.66948105,0.85408818,0.80679314,0.03601934
"17081",205,107,0.15296851,0.1086293,0.02136292,0.50798733,0.35101043,0.44780037,0.42300347,0
"17082",206,107,0.08977714,0.05494031,0.01256338,0.29874366,0.20642668,0.26334814,0.24876527,0
"17083",207,107,0.00018734,0.00065262,0.00017127,0.00407265,0.00281413,0.00359012,0.00339132,0
"17084",198,108,0.39842126,0.12329196,0,1.13060608,0.77615791,0.98965179,0.93484993,0.02120983
"17085",199,108,0.39823405,0.12329196,0.05526356,1.12266671,0.77574322,0.98965179,0.93484993,0.00579242
"17086",200,108,0.35295804,0.2425119,0,1.12266671,0.77574322,0.98965179,0.93484993,0.01615604
"17087",201,108,0.35315286,0.23261167,0,1.12266671,0.77574322,0.98965179,0.93484993,0.01307875
"17088",202,108,0.35337275,0.23299709,0,1.12266671,0.77574322,0.98965179,0.93484993,0.03299366
"17089",203,108,0.35259366,0.2682476,0.0485247,1.12266671,0.77574322,0.98965179,0.93484993,0.07262908
"17090",204,108,0.35332135,0.28461781,0,1.12266671,0.77574322,0.98965179,0.93484993,0.03817242
"17091",205,108,0.35329365,0.37683141,0.04918082,1.12266671,0.77574322,0.98965179,0.93484993,0.07145567
"17092",206,108,0.35232812,0.28489487,0.04918082,1.12266671,0.77574322,0.98965179,0.93484993,0.00115629
"17093",207,108,0.19742661,0.12596672,0.02649195,0.62995022,0.43528468,0.55531295,0.52456256,0.00871672
"17094",196,109,0.35348011,0.25585447,0.04787477,1.11840957,0.77280161,0.98589904,0.93130499,0.02920831
"17095",197,109,0.3526286,0.23380142,0,1.11840957,0.77280161,0.98589904,0.93130499,0.03097788
"17096",198,109,0.35199559,0.26163259,0,1.11840957,0.77280161,0.98589904,0.93130499,0.02624727
"17097",199,109,0.35231008,0.2419399,0,1.11840957,0.77280161,0.98589904,0.93130499,0.02614492
"17098",200,109,0.3513082,0.28173311,0,1.11840957,0.77280161,0.98589904,0.93130499,0.01392452
"17099",201,109,0.35190946,0.24334924,0.0483407,1.11840957,0.77280161,0.98589904,0.93130499,0.04216948
"17100",202,109,0.35196932,0.25868854,0.04787477,1.11840957,0.77280161,0.98589904,0.93130499,0.02043512
"17101",203,109,0.35184043,0.28657457,0.04899433,1.11840957,0.77280161,0.98589904,0.93130499,0.01991619
"17102",204,109,0.35185776,0.35445615,0.04899433,1.11840957,0.77280161,0.98589904,0.93130499,0.00535453
"17103",205,109,0.35186808,0.34947553,0.04899433,1.11840957,0.77280161,0.98589904,0.93130499,0.02329348
"17104",206,109,0.35198958,0.28239386,0.04899433,1.11840957,0.77280161,0.98589904,0.93130499,0.01636596
"17105",207,109,0.19876027,0.11985722,0.02660077,0.63253785,0.43707268,0.557594,0.52671729,0.00588852
"17106",195,110,0.35061594,0.43901331,0,1.11414221,0.76985294,0.98213728,0.92775154,0.01949956
"17107",196,110,0.35218934,0.32534863,0.0484001,1.11414221,0.76985294,0.98213728,0.92775154,0.04154194
"17108",197,110,0.35102381,0.23365025,0.04775376,1.11414221,0.76985294,0.98213728,0.92775154,0.01553855
"17109",198,110,0.34984107,0.24747048,0.04880739,1.11414221,0.76985294,0.98213728,0.92775154,0.01829421
"17110",199,110,0.35057494,0.24331538,0.0476921,1.11414221,0.76985294,0.98213728,0.92775154,0.00728006
"17111",200,110,0.35020107,0.24388811,0.04815625,1.11414221,0.76985294,0.98213728,0.92775154,0.0056096
"17112",201,110,0.34999111,0.27246521,0.04880739,1.11414221,0.76985294,0.98213728,0.92775154,0.01806303
"17113",202,110,0.3501606,0.26487247,0.04880739,1.11414221,0.76985294,0.98213728,0.92775154,0.15984555
"17114",203,110,0.35246965,0.25096294,0.0476921,1.11414221,0.76985294,0.98213728,0.92775154,0.10039372
"17115",204,110,0.35132537,0.27397462,0.0476921,1.11414221,0.76985294,0.98213728,0.92775154,0.00114506
"17116",205,110,0.34984327,0.27393635,0.04880739,1.11414221,0.76985294,0.98213728,0.92775154,0.01438206
"17117",206,110,0.3505802,0.40741267,0.04867726,1.11414221,0.76985294,0.98213728,0.92775154,0.00185631
"17118",207,110,0.24856119,0.07526894,0.01944249,0.46232164,0.31945623,0.40754521,0.38497743,0.00605539
"17119",194,111,0.34939474,0.45934407,0.04805673,1.10986571,0.76689795,0.97836746,0.92419047,0.00570766
"17120",195,111,0.34903137,0.36889822,0.04821432,1.10986571,0.76689795,0.97836746,0.92419047,0.01829971
"17121",196,111,0.34902,0.34309026,0.04757047,1.10986571,0.76689795,0.97836746,0.92419047,0.05775628
"17122",197,111,0.33582815,0.30902428,0.04797141,1.10986571,0.76689795,0.97836746,0.92419047,0.0171804
"17123",198,111,0.34898921,0.28352713,0.04757047,1.10986571,0.76689795,0.97836746,0.92419047,0.01169833
"17124",199,111,0.33607521,0.27017708,0.04776272,1.10986571,0.76689795,0.97836746,0.92419047,0.00366277
"17125",200,111,0.34957056,0.28192242,0.04783444,1.10986571,0.76689795,0.97836746,0.92419047,0.01480689
"17126",201,111,0.34905772,0.24213236,0.04807114,1.10986571,0.76689795,0.97836746,0.92419047,0.01733327
"17127",202,111,0.34805922,0.30902915,0.04858549,1.10986571,0.76689795,0.97836746,0.92419047,0.0046105
"17128",203,111,0.3491134,0.30553883,0.04852614,1.10986571,0.76689795,0.97836746,0.92419047,0.053809
"17129",204,111,0.34725178,0.25505032,0.0474188,1.10986571,0.76689795,0.97836746,0.92419047,0.00241534
"17130",205,111,0.34875212,0.34174251,0.04852247,1.10986571,0.76689795,0.97836746,0.92419047,0.0039194
"17131",206,111,0.50344437,0.1976813,0.04042573,0.9612805,0.66422815,0.84738681,0.80046286,0.00808626
"17132",207,111,0.00129607,0.01693331,0.00466147,0.11084485,0.07659187,0.09771181,0.09230103,0
"17133",194,112,0.34787057,0.37273126,0.04843226,1.10557899,0.7639359,0.97458864,0.9206209,0.00170832
"17134",195,112,0.34754291,0.46440015,0.04843227,1.10557899,0.7639359,0.97458864,0.9206209,0.03117422
"17135",196,112,0.33103939,0.51490871,0,1.10557899,0.7639359,0.97458864,0.9206209,0.01382878
"17136",197,112,0.33107172,0.45211576,0,1.10557899,0.7639359,0.97458864,0.9206209,0.00801037
"17137",198,112,0.34758147,0.30591813,0.04843226,1.10557899,0.7639359,0.97458864,0.9206209,0.01270207
"17138",199,112,0.32991304,0.413829,0.04810902,1.10557899,0.7639359,0.97458864,0.9206209,0.00160516
"17139",200,112,0.34748137,0.25004736,0.04843227,1.10557899,0.7639359,0.97458864,0.9206209,0.0386928
"17140",201,112,0.34749476,0.23646954,0,1.10557899,0.7639359,0.97458864,0.9206209,0.01009088
"17141",202,112,0.34755141,0.23532895,0.04778613,1.10557899,0.7639359,0.97458864,0.9206209,0.01367114
"17142",203,112,0.34736557,0.26517939,0.04743998,1.10557899,0.7639359,0.97458864,0.9206209,0.00954821
"17143",204,112,0.34773477,0.24337081,0.04649406,1.10557899,0.7639359,0.97458864,0.9206209,0.02172703
"17144",205,112,0.34946696,0.24392883,0,1.10557899,0.7639359,0.97458864,0.9206209,0.02616987
"17145",206,112,0.19133667,0.06089629,0,0.36459567,0.25192928,0.32139793,0.30360055,0.00136456
"17146",197,113,0.34735313,0.27472773,0,1.10128258,0.76096716,0.97080128,0.91704326,0.01358503
"17147",198,113,0.34745663,0.40296063,0.04824405,1.10128258,0.76096716,0.97080128,0.91704326,0.04449312
"17148",199,113,0.27933799,0.27904184,0.04756416,1.10128258,0.76096716,0.97080128,0.91704326,0.01221828
"17149",200,113,0.27933799,0.40040204,0.04763939,1.10128258,0.76096716,0.97080128,0.91704326,0
"17150",201,113,0.34612668,0.24090825,0.04790295,1.10128258,0.76096716,0.97080128,0.91704326,0.01283497
"17151",202,113,0.34601571,0.27466036,0.04824405,1.10128258,0.76096716,0.97080128,0.91704326,0.01320424
"17152",203,113,0.34638739,0.26287833,0.04760042,1.10128258,0.76096716,0.97080128,0.91704326,0.00200272
"17153",204,113,0.34655628,0.23207614,0.04631338,1.10128258,0.76096716,0.97080128,0.91704326,0.01687217
"17154",205,113,0.28321686,0.21671977,0,0.89684359,0.61970336,0.79058446,0.74680593,0.0140738
"17155",206,113,0.00213599,0.00063463,0,0.00400865,0.00276991,0.0035337,0.00333802,0
"17156",200,114,0.34718525,0.29905124,0.0487304,1.0969765,0.75799173,0.96700538,0.91345756,0.01017305
"17157",201,114,0.34791118,0.22957105,0.04727372,1.0969765,0.75799173,0.96700538,0.91345756,0.00711512
"17158",202,114,0.34499398,0.34619378,0.04805541,1.0969765,0.75799173,0.96700538,0.91345756,0.00900077
"17159",203,114,0.34448698,0.32965945,0.04805541,1.0969765,0.75799173,0.96700538,0.91345756,0.00992832
"17160",204,114,0.34528639,0.27407321,0.04725964,1.0969765,0.75799173,0.96700538,0.91345756,0.01543746
"17161",205,114,0.14169003,0.08576391,0.01896625,0.45099705,0.31163114,0.39756237,0.3755474,0.00230426
"17162",200,115,0.34553487,0.31909144,0.04853868,1.09259983,0.75478763,0.96320095,0.9098638,0.01189778
"17163",201,115,0.34491407,0.36918113,0.04786635,1.09266073,0.75500961,0.96320095,0.9098638,0.03083596
"17164",202,115,0.3214647,0.49191947,0.04651325,1.09266073,0.75500961,0.96320095,0.9098638,0.00576759
"17165",203,115,0.56916124,0.46316624,0.04773873,1.09266073,0.75500961,0.96320095,0.9098638,0
"17166",204,115,0.57313136,0.48715405,0.04554366,1.09266073,0.75500961,0.96320095,0.9098638,0
"17167",200,116,0.33045194,0.38620924,0.04834653,1.08833528,0.7520208,0.95938799,0.90626198,0.00185198
"17168",201,116,0.34293774,0.37026156,0.04754975,1.08833528,0.7520208,0.95938799,0.90626198,0.0983928
"17169",202,116,0.34275982,0.34489176,0.04754975,1.08833528,0.7520208,0.95938799,0.90626198,0
"17170",203,116,0.59094149,0.26874371,0.047135,1.08833528,0.7520208,0.95938799,0.90626198,0.00499161
"17171",204,116,0.58966455,0.33017255,0.04754975,1.08833528,0.7520208,0.95938799,0.90626198,0.00654784
"17172",199,117,0.58568893,0.24163943,0.04736035,1.08400015,0.7490253,0.95556649,0.9026521,0.00521325
"17173",200,117,0.34356167,0.25873618,0.04815396,1.08400015,0.7490253,0.95556649,0.9026521,0
"17174",201,117,0.58874416,0.28070349,0.04694725,1.08400015,0.7490253,0.95556649,0.9026521,0
"17175",202,117,0.58876362,0.25293276,0.04694725,1.08400015,0.7490253,0.95556649,0.9026521,0.00999716
"17176",203,117,0.57778426,0.21068636,0.07559876,1.08400015,0.7490253,0.95556649,0.9026521,0.01992585
"17177",171,99,0.38606982,0.12745039,0.05689648,1.16451873,0.801747,1.0230311,0.96638086,0.05923146
"17178",172,99,0.51677735,0.12745039,0.05828098,1.16451873,0.801747,1.0230311,0.96638086,0.06332276
"17179",170,100,0.48107092,0.33932319,0,1.16033764,0.79886841,1.01935801,0.96291117,0.01021047
"17180",171,100,0.36217826,0.29882315,0,1.16033764,0.79886841,1.01935801,0.96291117,0.04197457
"17181",172,100,0.51109377,0.12699279,0,1.16033764,0.79886841,1.01935801,0.96291117,0.01334899
"17182",165,101,0.51920135,0.49749101,0.0507014,1.15614575,0.79598238,1.01567543,0.95943251,0.0872537
"17183",166,101,0.52218759,0.49490852,0.0507014,1.15614575,0.79598238,1.01567543,0.95943251,0.05445632
"17184",169,101,0.51581331,0.49749101,0.05097762,1.15614575,0.79598238,1.01567543,0.95943251,0.06644503
"17185",170,101,0.36279569,0,0.05169705,1.15614575,0.79598238,1.01567543,0.95943251,0.13892397
"17186",171,101,0.37753503,0,0.05695114,1.15614575,0.79598238,1.01567543,0.95943251,0.06636212
"17187",172,101,0.37649395,0.12653401,0.05745908,1.15614575,0.79598238,1.01567543,0.95943251,0.02520658
"17188",173,101,0.36507084,0,0,1.15614575,0.79598238,1.01567543,0.95943251,0.01398416
"17189",164,102,0.49745625,0.12607417,0,1.15194415,0.79308966,1.01198432,0.9559458,0.01580577
"17190",165,102,0.50111113,0,0,1.15194415,0.79308966,1.01198432,0.9559458,0.02387466
"17191",166,102,0.49121866,0.12607417,0,1.15194415,0.79308966,1.01198432,0.9559458,0.06399871
"17192",167,102,0.50605042,0.12607417,0.05674417,1.15194415,0.79308966,1.01198432,0.9559458,0.05460186
"17193",168,102,0.50518398,0.12607417,0.05674417,1.15194415,0.79308966,1.01198432,0.9559458,0.09907887
"17194",169,102,0.49068754,0.12607417,0.05194068,1.15194415,0.79308966,1.01198432,0.9559458,0.0261928
"17195",170,102,0.50519455,0,0.05194068,1.15194415,0.79308966,1.01198432,0.9559458,0.04850964
"17196",171,102,0.49052902,0.34154457,0,1.15194415,0.79308966,1.01198432,0.9559458,0.05133898
"17197",172,102,0.37950064,0.33353907,0.05765166,1.15194415,0.79308966,1.01198432,0.9559458,0.1413635
"17198",173,102,0.49317564,0.4227618,0.05763618,1.15194415,0.79308966,1.01198432,0.9559458,0.04016468
"17199",161,103,0.47600266,0,0.04978817,1.14773229,0.79018989,1.0082842,0.95245057,0.02888239
"17200",162,103,0.3770499,0.1256132,0.05080533,1.14773229,0.79018989,1.0082842,0.95245057,0.0331023
"17201",163,103,0.49721106,0.1256132,0,1.14773229,0.79018989,1.0082842,0.95245057,0.06348214
"17202",164,103,0.50211652,0.1256132,0.05291774,1.14773229,0.79018989,1.0082842,0.95245057,0.01654566
"17203",165,103,0.50205947,0.1256132,0,1.14773229,0.79018989,1.0082842,0.95245057,0.02518607
"17204",166,103,0.50247773,0.1256132,0.0567626,1.14773229,0.79018989,1.0082842,0.95245057,0.06660963
"17205",167,103,0.4894142,0.1256132,0,1.14773229,0.79018989,1.0082842,0.95245057,0.04558566
"17206",168,103,0.48943519,0.1256132,0.05630819,1.14773229,0.79018989,1.0082842,0.95245057,0.07338186
"17207",169,103,0.35302244,0.1256132,0.0560152,1.14773229,0.79018989,1.0082842,0.95245057,0.05871824
"17208",170,103,0.48892906,0.1256132,0.05576881,1.14773229,0.79018989,1.0082842,0.95245057,0.05367623
"17209",171,103,0.49705674,0,0.05662523,1.14773229,0.79018989,1.0082842,0.95245057,0.03536748
"17210",172,103,0.36887359,0.1256132,0,1.14773229,0.79018989,1.0082842,0.95245057,0.02666938
"17211",173,103,0.37025679,0.1256132,0.05744086,1.14773229,0.79018989,1.0082842,0.95245057,0.00399262
"17212",174,103,0.37717196,0.1256132,0.05132084,1.14773229,0.79018989,1.0082842,0.95245057,0.01877273
"17213",175,103,0.37437717,0.1256132,0,1.14773229,0.79018989,1.0082842,0.95245057,0.03590656
"17214",160,104,0.4895055,0,0.0501473,1.14351072,0.78728342,1.00457554,0.94894728,0.0595457
"17215",161,104,0.49857837,0,0.05137236,1.14351072,0.78728342,1.00457554,0.94894728,0.04099527
"17216",162,104,0.49648537,0,0.05144464,1.14351072,0.78728342,1.00457554,0.94894728,0.03435761
"17217",163,104,0.50084199,0.12515118,0.05156043,1.14351072,0.78728342,1.00457554,0.94894728,0.08202615
"17218",164,104,0.49833609,0.12515118,0.05177928,1.14351072,0.78728342,1.00457554,0.94894728,0.05011762
"17219",165,104,0.35899552,0.12515118,0.05722959,1.14351072,0.78728342,1.00457554,0.94894728,0.0249674
"17220",166,104,0.35816448,0.12515118,0.05649458,1.14351072,0.78728342,1.00457554,0.94894728,0.04588781
"17221",167,104,0.37538246,0,0.05722959,1.14351072,0.78728342,1.00457554,0.94894728,0.02731366
"17222",168,104,0.37875134,0,0.05722959,1.14351072,0.78728342,1.00457554,0.94894728,0.05486363
"17223",169,104,0.37916985,0,0.05558895,1.14351072,0.78728342,1.00457554,0.94894728,0.03726235
"17224",170,104,0.36768024,0,0.05370942,1.14351072,0.78728342,1.00457554,0.94894728,0.03406655
"17225",171,104,0.3669964,0,0.0501473,1.14351072,0.78728342,1.00457554,0.94894728,0.01760991
"17226",172,104,0.364627,0,0.05113207,1.14351072,0.78728342,1.00457554,0.94894728,0.01383183
"17227",173,104,0.37199911,0,0.06757943,1.14351072,0.78728342,1.00457554,0.94894728,0.007976
"17228",174,104,0.38094833,0.12515118,0.06757943,1.14351072,0.78728342,1.00457554,0.94894728,0.04395957
"17229",175,104,0.37473954,0.12515118,0.06757943,1.14351072,0.78728342,1.00457554,0.94894728,0.12452405
"17230",176,104,0.38825158,0.13351016,0.05330202,1.14351072,0.78728342,1.00457554,0.94894728,0.02326355
"17231",159,105,0.45184198,0.23960618,0.04949409,1.1392789,0.7843699,1.00085788,0.94543548,0.02042415
"17232",160,105,0.36546903,0,0,1.1392789,0.7843699,1.00085788,0.94543548,0.02353458
"17233",161,105,0.5971565,0.49365953,0,1.1392789,0.7843699,1.00085788,0.94543548,0.01720438
"17234",162,105,0.48572733,0,0.05136961,1.1392789,0.7843699,1.00085788,0.94543548,0.05138976
"17235",163,105,0.49907903,0,0.05136961,1.1392789,0.7843699,1.00085788,0.94543548,0.04037712
"17236",164,105,0.49724479,0,0.05043114,1.1392789,0.7843699,1.00085788,0.94543548,0.05169268
"17237",165,105,0.3715869,0,0.05042706,1.1392789,0.7843699,1.00085788,0.94543548,0.1110006
"17238",166,105,0.35810347,0.12468802,0.05043114,1.1392789,0.7843699,1.00085788,0.94543548,0.04019473
"17239",167,105,0.49382393,0.12468802,0.04949409,1.1392789,0.7843699,1.00085788,0.94543548,0.05023055
"17240",168,105,0.37776061,0,0.05043114,1.1392789,0.7843699,1.00085788,0.94543548,0.01491724
"17241",169,105,0.35681482,0.12468802,0,1.1392789,0.7843699,1.00085788,0.94543548,0.07345648
"17242",170,105,0.35994581,0.12468802,0.05144005,1.1392789,0.7843699,1.00085788,0.94543548,0.04952706
"17243",171,105,0.37544004,0.12468802,0.05169131,1.1392789,0.7843699,1.00085788,0.94543548,0.10256284
"17244",172,105,0.38000609,0.12468802,0.06732934,1.1392789,0.7843699,1.00085788,0.94543548,0.05990718
"17245",173,105,0.38333653,0,0.06732934,1.1392789,0.7843699,1.00085788,0.94543548,0.15328295
"17246",174,105,0.38393769,0,0.06732934,1.1392789,0.7843699,1.00085788,0.94543548,0.00956575
"17247",175,105,0.37989976,0,0.06732934,1.1392789,0.7843699,1.00085788,0.94543548,0.07050496
"17248",176,105,0.37166916,0.12468802,0.05094285,1.1392789,0.7843699,1.00085788,0.94543548,0.02415065
"17249",177,105,0.38086421,0.12468802,0.05535806,1.1392789,0.7843699,1.00085788,0.94543548,0.01980211
"17250",159,106,0.59320016,0.45078843,0.04938457,1.13503682,0.78144932,0.99713121,0.94191518,0.02022759
"17251",160,106,0.59350866,0.42094763,0.04938457,1.13503682,0.78144932,0.99713121,0.94191518,0.00643083
"17252",161,106,0.59796218,0.44687497,0.04952952,1.13503682,0.78144932,0.99713121,0.94191518,0.02052314
"17253",162,106,0.59484299,0.44530285,0.04952952,1.13503682,0.78144932,0.99713121,0.94191518,0.01324643
"17254",163,106,0.59518823,0.38063539,0,1.13503682,0.78144932,0.99713121,0.94191518,0.03562988
"17255",164,106,0.35591627,0.33649274,0.05075316,1.13503682,0.78144932,0.99713121,0.94191518,0.14970368
"17256",165,106,0.36062779,0.33650013,0.05680549,1.13503682,0.78144932,0.99713121,0.94191518,0.48898854
"17257",166,106,0.49146976,0,0.05075316,1.13503682,0.78144932,0.99713121,0.94191518,0.08536913
"17258",167,106,0.49110473,0,0.05075317,1.13503682,0.78144932,0.99713121,0.94191518,0.04602814
"17259",168,106,0.48771963,0,0.05075316,1.13503682,0.78144932,0.99713121,0.94191518,0.02492161
"17260",169,106,0.35438583,0.12422375,0.04930979,1.13503682,0.78144932,0.99713121,0.94191518,0.03148211
"17261",170,106,0.35562998,0.12422375,0,1.13503682,0.78144932,0.99713121,0.94191518,0.04301609
"17262",171,106,0.37774884,0,0.06707864,1.13503682,0.78144932,0.99713121,0.94191518,0.02090405
"17263",172,106,0.3776552,0.12422375,0.06707864,1.13503682,0.78144932,0.99713121,0.94191518,0.06250834
"17264",173,106,0.37709319,0.12422375,0.06707864,1.13503682,0.78144932,0.99713121,0.94191518,0.10327032
"17265",174,106,0.50703262,0,0.06707864,1.13503682,0.78144932,0.99713121,0.94191518,0.06079465
"17266",175,106,0.5107008,0,0.06707864,1.13503682,0.78144932,0.99713121,0.94191518,0.00659426
"17267",159,107,0.59728172,0.36408684,0.04816592,1.13078503,0.77852205,0.993396,0.93838681,0.0317223
"17268",160,107,0.59757282,0.3730317,0.04880252,1.13078503,0.77852205,0.993396,0.93838681,0.01552547
"17269",161,107,0.59521081,0.3792185,0.04881894,1.13078503,0.77852205,0.993396,0.93838681,0.0253719
"17270",162,107,0.57559261,0.42411349,0,1.13078503,0.77852205,0.993396,0.93838681,0.01001956
"17271",163,107,0.37208372,0.33624652,0,1.13078503,0.77852205,0.993396,0.93838681,0.0342444
"17272",164,107,0.35894387,0.33527147,0.0565927,1.13078503,0.77852205,0.993396,0.93838681,0.04517343
"17273",165,107,0.37578813,0.3344953,0.05020963,1.13078503,0.77852205,0.993396,0.93838681,0.03387257
"17274",166,107,0.37411126,0,0.06682736,1.13078503,0.77852205,0.993396,0.93838681,0.03958141
"17275",167,107,0.49157298,0,0.05005515,1.13078503,0.77852205,0.993396,0.93838681,0.0224998
"17276",168,107,0.48239915,0,0.05098662,1.13078503,0.77852205,0.993396,0.93838681,0.00951123
"17277",169,107,0.49713369,0,0.06682736,1.13078503,0.77852205,0.993396,0.93838681,0.08155618
"17278",170,107,0.38866965,0,0.06682736,1.13078503,0.77852205,0.993396,0.93838681,0.01054176
"17279",171,107,0.51815781,0.46803939,0.06682736,1.1289713,0.77831392,0.993396,0.93838681,0.0178692
"17280",159,108,0.57132363,0.50866793,0.04597322,1.12441103,0.77542184,0.98965179,0.93484993,0.00596058
"17281",160,108,0.56802128,0.50825914,0.04758346,1.12652298,0.77558771,0.98965179,0.93484993,0.00728362
"17282",161,108,0.57224107,0.49395296,0.04901414,1.12652298,0.77558771,0.98965179,0.93484993,0.00030226
"17283",162,108,0.57280723,0.49750939,0.04901414,1.12652298,0.77558771,0.98965179,0.93484993,0.01535979
"17284",163,108,0.5732001,0.48171649,0.0476649,1.12652298,0.77558771,0.98965179,0.93484993,0.01611087
"17285",164,108,0.36382114,0,0.04986649,1.12652298,0.77558771,0.98965179,0.93484993,0.01793256
"17286",165,108,0.37373784,0,0.04986649,1.12652298,0.77558771,0.98965179,0.93484993,0.02806573
"17287",166,108,0.36845085,0,0,1.12652298,0.77558771,0.98965179,0.93484993,0.01718074
"17288",167,108,0.35421586,0,0,1.12652298,0.77558771,0.98965179,0.93484993,0.04590804
"17289",168,108,0.49769827,0,0,1.12652298,0.77558771,0.98965179,0.93484993,0.01766051
"17290",160,109,0.57074122,0.3281054,0.04811188,1.12225121,0.77264669,0.98589904,0.93130499,0.02927413
"17291",161,109,0.58782646,0.39966194,0.04882828,1.12225121,0.77264669,0.98589904,0.93130499,0.00890223
"17292",162,109,0.58782668,0.39844897,0.04882828,1.12225121,0.77264669,0.98589904,0.93130499,0.00294398
"17293",163,109,0.58815075,0.33830128,0.04845051,1.12225121,0.77264669,0.98589904,0.93130499,0.02972758
"17294",164,109,0.58777396,0.46823156,0,1.12225121,0.77264669,0.98589904,0.93130499,0.00231707
"17295",165,109,0.57099593,0.48292231,0,1.12225121,0.77264669,0.98589904,0.93130499,0.03416242
"17296",166,109,0.58763484,0.45316044,0.04845051,1.12225121,0.77264669,0.98589904,0.93130499,0.00669191
"17297",167,109,0.47773992,0,0.04967739,1.12225121,0.77264669,0.98589904,0.93130499,0.01043299
"17298",168,109,0.51085283,0.46450719,0,1.12225121,0.77264669,0.98589904,0.93130499,0.02182009
"17299",162,110,0.58469315,0.45964711,0,1.1179692,0.76969861,0.98213728,0.92775154,0.02476425
"17300",163,110,0.58784672,0.35056306,0.04826565,1.1179692,0.76969861,0.98213728,0.92775154,0.01387645
"17301",164,110,0.58811109,0.33993192,0.04864197,1.1179692,0.76969861,0.98213728,0.92775154,0.10883088
"17302",165,110,0.59200287,0.29097864,0.04836309,1.1179692,0.76969861,0.98213728,0.92775154,0.02288927
"17303",166,110,0.59157546,0.27889054,0.0485452,1.1179692,0.76969861,0.98213728,0.92775154,0.03132345
"17304",167,110,0.59054397,0.27501503,0.04852292,1.1179692,0.76969861,0.98213728,0.92775154,0.0219736
"17305",164,111,0.58497419,0.45885706,0.04712141,1.11367801,0.76674422,0.97836746,0.92419047,0.02223015
"17306",165,111,0.58813786,0.41748793,0.04845526,1.11367801,0.76674422,0.97836746,0.92419047,0.00913862
"17307",166,111,0.5905419,0.33060614,0,1.11367801,0.76674422,0.97836746,0.92419047,0.00873739
"17308",167,111,0.58628853,0.37069878,0.04859749,1.11367801,0.76674422,0.97836746,0.92419047,0.01437002
"17309",163,112,0.5801089,0.31930389,0.04826811,1.10937656,0.76378276,0.97458864,0.9206209,0.00369251
"17310",164,112,0.58056376,0.28519238,0.04826811,1.10937656,0.76378276,0.97458864,0.9206209,0.02586322
"17311",165,112,0.58189022,0.3841507,0,1.10937656,0.76378276,0.97458864,0.9206209,0.00041028
"17312",166,112,0.58193567,0.35503311,0,1.10937656,0.76378276,0.97458864,0.9206209,0.02926279
"17313",167,112,0.58147252,0.25703954,0.04826811,1.10937656,0.76378276,0.97458864,0.9206209,0.00424544
"17314",165,113,0.58061671,0.41215511,0.04808053,1.1050654,0.76081461,0.97080128,0.91704326,0.00608735
"17315",150,108,0.63493517,0.28917831,0.07684389,1.12601454,0.77558771,0.98965179,0.93484993,0.040093
"17316",151,108,0.57112314,0.37938544,0.04577972,1.12601454,0.77558771,0.98965179,0.93484993,0.02088136
"17317",152,108,0.57028761,0.4817306,0.04590211,1.12601454,0.77558771,0.98965179,0.93484993,0.0391049
"17318",149,109,0.58942814,0.26595014,0.04560613,1.12174471,0.77264669,0.98589904,0.93130499,0.00869717
"17319",150,109,0.59025203,0.35209096,0.04560613,1.12174471,0.77264669,0.98589904,0.93130499,0.06602029
"17320",151,109,0.59007612,0.36252125,0.04560613,1.12174471,0.77264669,0.98589904,0.93130499,0.02090878
"17321",152,109,0.58772686,0.37842371,0.04572805,1.12174471,0.77264669,0.98589904,0.93130499,0.01247219
"17322",153,109,0.58809567,0.37247163,0.04572804,1.12174471,0.77264669,0.98589904,0.93130499,0.02936538
"17323",154,109,0.58851631,0.37963439,0.04572805,1.12174471,0.77264669,0.98589904,0.93130499,0.01343658
"17324",155,109,0.56832012,0.46363969,0.04560613,1.12174471,0.77264669,0.98589904,0.93130499,0.02450116
"17325",150,110,0.61027362,0.31582476,0.04855227,1.11746463,0.76969861,0.98213728,0.92775154,0.01917191
"17326",151,110,0.5681454,0.37989993,0.04543212,1.11746463,0.76969861,0.98213728,0.92775154,0.02695405
"17327",152,110,0.5679235,0.37741129,0.04543211,1.11746463,0.76969861,0.98213728,0.92775154,0.03378421
"17328",153,110,0.58536544,0.3369909,0.04543212,1.11746463,0.76969861,0.98213728,0.92775154,0.06767725
"17329",154,110,0.56780117,0.36153185,0.04543212,1.11746463,0.76969861,0.98213728,0.92775154,0.03871643
"17330",155,110,0.56683241,0.34392424,0.04543211,1.11746463,0.76969861,0.98213728,0.92775154,0.04126228
"17331",156,110,0.59256719,0.32078911,0.04503583,1.11746463,0.76969861,0.98213728,0.92775154,0.03426171
"17332",157,110,0.5895023,0.35853956,0.04555357,1.11746463,0.76969861,0.98213728,0.92775154,0.01683392
"17333",158,110,0.56622542,0.49809584,0.04520217,1.11746463,0.76969861,0.98213728,0.92775154,0.00778295
"17334",160,110,0.56737926,0.51593463,0.04656913,1.11746463,0.76969861,0.98213728,0.92775154,0.00837452
"17335",161,110,0.56675604,0.47165034,0.04555357,1.11746463,0.76969861,0.98213728,0.92775154,0.00222074
"17336",150,111,0.63805683,0.25650297,0.05403499,1.12867201,0.76729766,0.98342266,0.93304461,0.09582642
"17337",151,111,0.56516818,0.28820109,0.04525773,1.11317537,0.76674422,0.97836746,0.92419047,0.02157666
"17338",152,111,0.5662568,0.35753755,0.04525773,1.11317537,0.76674422,0.97836746,0.92419047,0.02063189
"17339",153,111,0.51351877,0.2673317,0.04653311,1.11317537,0.76674422,0.97836746,0.92419047,0.0441833
"17340",154,111,0.5662568,0.34524445,0.04525772,1.11317537,0.76674422,0.97836746,0.92419047,0.0607571
"17341",155,111,0.56625677,0.35052318,0,1.11317537,0.76674422,0.97836746,0.92419047,0.0274241
"17342",156,111,0.58450671,0.35840975,0.04525773,1.11317537,0.76674422,0.97836746,0.92419047,0.03052317
"17343",157,111,0.59014592,0.31426337,0.04486298,1.11317537,0.76674422,0.97836746,0.92419047,0.01605807
"17344",158,111,0.56353328,0.41815508,0.04525773,1.11317537,0.76674422,0.97836746,0.92419047,0.01659173
"17345",159,111,0.58407842,0.41523988,0.04537872,1.11317537,0.76674422,0.97836746,0.92419047,0.02143394
"17346",160,111,0.58264151,0.41523732,0.04537872,1.11317537,0.76674422,0.97836746,0.92419047,0.0055865
"17347",161,111,0.56460211,0.40464451,0.04537872,1.11317537,0.76674422,0.97836746,0.92419047,0.00223456
"17348",162,111,0.5642299,0.45808954,0.04537872,1.11317537,0.76674422,0.97836746,0.92419047,0.0474376
"17349",163,111,0.58964968,0.35308984,0.04739559,1.11317537,0.76674422,0.97836746,0.92419047,0.00351683
"17350",150,112,0.60268425,0.37703266,0.06223258,1.10887586,0.76378276,0.97458864,0.9206209,0.09715109
"17351",151,112,0.51153537,0.24640989,0.04515779,1.10887586,0.76378276,0.97458864,0.9206209,0.36043674
"17352",152,112,0.5543913,0.39475511,0.04516907,1.10887586,0.76378276,0.97458864,0.9206209,0.06992935
"17353",153,112,0.5619375,0.40488558,0.04482622,1.10887586,0.76378276,0.97458864,0.9206209,0.00860059
"17354",154,112,0.56368239,0.36972467,0,1.10887586,0.76378276,0.97458864,0.9206209,0.05188356
"17355",155,112,0.56297666,0.41067729,0.04508293,1.10887586,0.76378276,0.97458864,0.9206209,0.01751582
"17356",156,112,0.58467671,0.33466056,0.04468969,1.10887586,0.76378276,0.97458864,0.9206209,0.01435825
"17357",157,112,0.58529725,0.27496067,0.04468969,1.10887586,0.76378276,0.97458864,0.9206209,0.01754509
"17358",158,112,0.56155232,0,0.04513436,1.10887586,0.76378276,0.97458864,0.9206209,0.01580603
"17359",159,112,0.58631844,0.27898132,0.04528932,1.10887586,0.76378276,0.97458864,0.9206209,0.00506832
"17360",160,112,0.58671287,0.34533277,0.04468969,1.10887586,0.76378276,0.97458864,0.9206209,0.04134677
"17361",161,112,0.58175991,0.40067002,0.04520345,1.10887586,0.76378276,0.97458864,0.9206209,0.00132294
"17362",162,112,0.56219553,0.47148143,0.04520345,1.10887586,0.76378276,0.97458864,0.9206209,0.01938368
"17363",150,113,0.57527975,0.44531391,0.04502778,1.10456665,0.76081461,0.97080128,0.91704326,0.00694774
"17364",151,113,0.50954748,0.31679164,0.04457247,1.10456665,0.76081461,0.97080128,0.91704326,0.15321135
"17365",152,113,0.50954746,0.35639294,0.04458449,1.10456665,0.76081461,0.97080128,0.91704326,0.03493347
"17366",153,113,0.56039234,0.42090152,0.04465202,1.10456665,0.76081461,0.97080128,0.91704326,0.04884003
"17367",154,113,0.56030072,0.24511662,0.04465202,1.10456665,0.76081461,0.97080128,0.91704326,0.0086679
"17368",155,113,0.56025929,0.39662529,0.04465202,1.10456665,0.76081461,0.97080128,0.91704326,0.0082917
"17369",156,113,0.59340691,0.3604165,0.04490773,1.10456665,0.76081461,0.97080128,0.91704326,0.00383572
"17370",157,113,0.59852098,0.3105155,0.04451603,1.10456665,0.76081461,0.97080128,0.91704326,0.0400423
"17371",158,113,0.58568362,0.27767226,0.04451602,1.10456665,0.76081461,0.97080128,0.91704326,0.0237303
"17372",159,113,0.58426413,0.28662139,0.04465855,1.10456665,0.76081461,0.97080128,0.91704326,0.02118608
"17373",160,113,0.58457542,0.29410537,0.04474958,1.10456665,0.76081461,0.97080128,0.91704326,0.01693306
"17374",161,113,0.58426761,0.31682144,0.04451602,1.10456665,0.76081461,0.97080128,0.91704326,0.02609913
"17375",162,113,0.57805004,0.42875012,0.04490773,1.10456665,0.76081461,0.97080128,0.91704326,0.0077862
"17376",163,113,0.58040613,0.34232921,0.04502778,1.10456665,0.76081461,0.97080128,0.91704326,0.01801772
"17377",164,113,0.58116,0.34451341,0.04490773,1.1050654,0.76081461,0.97080128,0.91704326,0.02148727
"17378",151,114,0.56241296,0.29204977,0.04540729,1.10024772,0.75783978,0.96700538,0.91345756,0.02737863
"17379",152,114,0.58534187,0.4189532,0.04484516,1.10024772,0.75783978,0.96700538,0.91345756,0.01260162
"17380",153,114,0.58573218,0.42044935,0.04485172,1.10024772,0.75783978,0.96700538,0.91345756,0.02876754
"17381",154,114,0.57109265,0.34499195,0.04553016,1.10024772,0.75783978,0.96700538,0.91345756,0.04115679
"17382",155,114,0.58848668,0.35667631,0.04553016,1.10024772,0.75783978,0.96700538,0.91345756,0.02968643
"17383",156,114,0.59018552,0.35763904,0.04473213,1.10024772,0.75783978,0.96700538,0.91345756,0.02442555
"17384",157,114,0.59047836,0.25408739,0.04473214,1.10024772,0.75783978,0.96700538,0.91345756,0.00482856
"17385",158,114,0.59381004,0.2259686,0.04473214,1.10024772,0.75783978,0.96700538,0.91345756,0.04123844
"17386",159,114,0.58291656,0.25264862,0.04434196,1.10024772,0.75783978,0.96700538,0.91345756,0.02446191
"17387",160,114,0.58511469,0.26396965,0.04434197,1.10024772,0.75783978,0.96700538,0.91345756,0.02710572
"17388",161,114,0.58447587,0.25894623,0.04434197,1.10024772,0.75783978,0.96700538,0.91345756,0.00037637
"17389",162,114,0.58290114,0.26403775,0.04434196,1.10024772,0.75783978,0.96700538,0.91345756,0.01524582
"17390",163,114,0.57627382,0.35778236,0.04473214,1.10024772,0.75783978,0.96700538,0.91345756,0.01531642
"17391",164,114,0.55857373,0.40084733,0.04473214,1.10024772,0.75783978,0.96700538,0.91345756,0.05034941
"17392",149,115,0.38549355,0.19925485,0.02740756,0.6723288,0.46309345,0.59090835,0.55818687,0.12644122
"17393",150,115,0.31840312,0.30786832,0.02757789,0.67209737,0.46293404,0.59070495,0.55799473,0.02166613
"17394",151,115,0.54462666,0.22862256,0.04132419,1.01642463,0.70010326,0.89333345,0.8438652,0.01665389
"17395",152,115,0.57205178,0.31610103,0.04289556,1.09591909,0.75485826,0.96320095,0.9098638,0.01869866
"17396",153,115,0.58482191,0.24042325,0.04455615,1.09591909,0.75485826,0.96320095,0.9098638,0.03517663
"17397",154,115,0.58752681,0.20065853,0.04455615,1.09591909,0.75485826,0.96320095,0.9098638,0.00957547
"17398",155,115,0.58810717,0.28160344,0.04455615,1.09591909,0.75485826,0.96320095,0.9098638,0.03995644
"17399",156,115,0.56976251,0.3947936,0.04455615,1.09591909,0.75485826,0.96320095,0.9098638,0.01226761
"17400",157,115,0.56946187,0.38993773,0.04467526,1.09591909,0.75485826,0.96320095,0.9098638,0.02356376
"17401",158,115,0.58567406,0.32331869,0.04455615,1.09591909,0.75485826,0.96320095,0.9098638,0.01051538
"17402",159,115,0.58461885,0.3321106,0.04467526,1.09591909,0.75485826,0.96320095,0.9098638,0.02182834
"17403",160,115,0.58737242,0.34131582,0.04535103,1.09591909,0.75485826,0.96320095,0.9098638,0.01142667
"17404",161,115,0.58657457,0.39099179,0.04467526,1.09591909,0.75485826,0.96320095,0.9098638,0.01591399
"17405",162,115,0.59366441,0.3064424,0.04416751,1.09591909,0.75485826,0.96320095,0.9098638,0.00345591
"17406",163,115,0.59323071,0.30339509,0.04416752,1.09591909,0.75485826,0.96320095,0.9098638,0.00978591
"17407",164,115,0.57629169,0.33680747,0.04455615,1.09591909,0.75485826,0.96320095,0.9098638,0.02307529
"17408",153,116,0.22341587,0.11339894,0.01776725,0.43706818,0.30104825,0.38413829,0.36286668,0.00597921
"17409",154,116,0.34939777,0.21784339,0.02775407,0.6835264,0.47080624,0.6007499,0.56748344,0.0109214
"17410",155,116,0.47605777,0.25884861,0.03808902,0.93131115,0.64147794,0.81852739,0.77320152,0.0393319
"17411",156,116,0.51222225,0.29904065,0.04408784,1.07874966,0.74303212,0.94811078,0.89560925,0.01779101
"17412",157,116,0.58473643,0.19868642,0.04437976,1.09158074,0.75187005,0.95938799,0.90626198,0.02571511
"17413",158,116,0.58478701,0.18407366,0.04437977,1.09158074,0.75187005,0.95938799,0.90626198,0.00698679
"17414",159,116,0.58391026,0.2847682,0.0451715,1.09158074,0.75187005,0.95938799,0.90626198,0.03399656
"17415",160,116,0.58380387,0.31305333,0.04517151,1.09158074,0.75187005,0.95938799,0.90626198,0.04128526
"17416",161,116,0.58325322,0.38008134,0.04517151,1.09158074,0.75187005,0.95938799,0.90626198,0.06117428
"17417",162,116,0.56679781,0.48446606,0.04449841,1.09158074,0.75187005,0.95938799,0.90626198,0.00580084
"17418",163,116,0.56763391,0.49672911,0.04517151,1.09158074,0.75187005,0.95938799,0.90626198,0.01172498
"17419",164,116,0.58959718,0.34351103,0.04517151,1.09158074,0.75187005,0.95938799,0.90626198,0.01156718
"17420",158,117,0.19916535,0.06752036,0.01517571,0.37326719,0.25710276,0.32806374,0.30989725,0.02677028
"17421",159,117,0.26554859,0.11593928,0.02281637,0.55944818,0.38534239,0.49169781,0.4644701,0.01219044
"17422",160,117,0.34416552,0.18245735,0.02982907,0.72642057,0.50035133,0.63844949,0.60309542,0.07448924
"17423",161,117,0.56368457,0.32724137,0.04356873,1.05316733,0.72541127,0.92562653,0.87437006,0.10956328
"17424",162,117,0.58207722,0.38337453,0.04499158,1.08723268,0.74887515,0.95556649,0.9026521,0.02758478
"17425",163,117,0.58194121,0.33345595,0.04499157,1.08723268,0.74887515,0.95556649,0.9026521,0.01198455
"17426",164,117,0.58185565,0.3190503,0.04499157,1.08723268,0.74887515,0.95556649,0.9026521,0.0091954
"17427",162,118,0.4623969,0.26186585,0.03682069,0.90023603,0.6200737,0.79121553,0.74740206,0.03337194
"17428",163,118,0.58095906,0.24412809,0.04402582,1.08287492,0.74587356,0.95173646,0.89903416,0.01538091
"17429",164,118,0.58023641,0.20031756,0.04402582,1.08287492,0.74587356,0.95173646,0.89903416,0.03407193
"17430",163,119,0.17857996,0.12549637,0.01485522,0.37229886,0.25643578,0.32721267,0.30909331,0.0189838
"17431",154,100,0.61472997,0.48898104,0.04715388,1.15816229,0.79869755,1.01935801,0.96291117,0.01961069
"17432",152,101,0.68673525,0.3185205,0.05598276,1.15397826,0.79581214,1.01567543,0.95943251,0.11608898
"17433",153,101,0.58620468,0.45518882,0.04710914,1.15397826,0.79581214,1.01567543,0.95943251,0.0061735
"17434",154,101,0.58635026,0.44608901,0.04710914,1.15397826,0.79581214,1.01567543,0.95943251,0.07996511
"17435",155,101,0.58558387,0.45322213,0.04710914,1.15397826,0.79581214,1.01567543,0.95943251,0.05682145
"17436",156,101,0.59535464,0.35221038,0.04710913,1.15397826,0.79581214,1.01567543,0.95943251,0.03353493
"17437",157,101,0.58578982,0.35296865,0.04710914,1.15397826,0.79581214,1.01567543,0.95943251,0.05623167
"17438",158,101,0.51670606,0.42646923,0.04357073,1.15397826,0.79581214,1.01567543,0.95943251,0.049484
"17439",152,102,0.64454603,0.41190235,0.05181572,1.14978454,0.79292005,1.01198432,0.9559458,0.02552784
"17440",153,102,0.58423547,0.41422409,0.04693794,1.14978454,0.79292005,1.01198432,0.9559458,0.04178871
"17441",154,102,0.5836289,0.47369845,0.04693794,1.14978454,0.79292005,1.01198432,0.9559458,0.02969164
"17442",155,102,0.60721513,0.35143399,0.04693794,1.14978454,0.79292005,1.01198432,0.9559458,0.01694035
"17443",156,102,0.60880031,0.27644432,0,1.14978454,0.79292005,1.01198432,0.9559458,0.0002547
"17444",157,102,0.58443333,0.28594958,0,1.14978454,0.79292005,1.01198432,0.9559458,0.02551795
"17445",158,102,0.48215307,0.276832,0.04714932,1.14978454,0.79292005,1.01198432,0.9559458,0.08226271
"17446",159,102,0.50333292,0.50011901,0.04714932,1.14978454,0.79292005,1.01198432,0.9559458,0.02601908
"17447",161,102,0.4933086,0.24944846,0.04714932,1.14978454,0.79292005,1.01198432,0.9559458,0.02461561
"17448",152,103,0.6385616,0.30397016,0.05557536,1.14558058,0.79002089,1.0082842,0.95245057,0.13761061
"17449",153,103,0.58162005,0.44882148,0.04637605,1.14558058,0.79002089,1.0082842,0.95245057,0.00544709
"17450",154,103,0.58153554,0.39655508,0.04676632,1.14558058,0.79002089,1.0082842,0.95245057,0.01127499
"17451",155,103,0.5818602,0.31819487,0.04637605,1.14558058,0.79002089,1.0082842,0.95245057,0.00949619
"17452",156,103,0.582099,0.35928858,0,1.14558058,0.79002089,1.0082842,0.95245057,0.08482124
"17453",157,103,0.58215265,0.3401342,0.04637605,1.14558058,0.79002089,1.0082842,0.95245057,0.07513397
"17454",158,103,0.47641119,0,0.04697693,1.14558058,0.79002089,1.0082842,0.95245057,0.02783146
"17455",159,103,0.46729674,0,0.04325366,1.14558058,0.79002089,1.0082842,0.95245057,0.00992848
"17456",160,103,0.49259538,0.47505398,0.04789946,1.14558058,0.79002089,1.0082842,0.95245057,0.01941538
"17457",152,104,0.66098991,0.31263318,0.07800268,1.14136692,0.78711505,1.00457554,0.94894728,0.06398725
"17458",153,104,0.60426584,0.34350708,0.0465943,1.14136692,0.78711505,1.00457554,0.94894728,0.01565933
"17459",154,104,0.57912143,0.32890323,0.0465943,1.14136692,0.78711505,1.00457554,0.94894728,0.03538552
"17460",155,104,0.57913484,0.35132543,0.0465943,1.14136692,0.78711505,1.00457554,0.94894728,0.00282347
"17461",156,104,0.57972188,0.3197649,0.04634941,1.14136692,0.78711505,1.00457554,0.94894728,0.04574679
"17462",157,104,0.59938334,0.28646645,0.04620547,1.14136692,0.78711505,1.00457554,0.94894728,0.04167569
"17463",158,104,0.48746103,0,0.06757943,1.14136692,0.78711505,1.00457554,0.94894728,0.03698509
"17464",159,104,0.47931508,0.47330664,0.04407592,1.14351072,0.78728342,1.00457554,0.94894728,0.03330482
"17465",152,105,0.63634309,0.35368901,0.04642187,1.13714303,0.78420215,1.00085788,0.94543548,0.01619442
"17466",153,105,0.57813483,0.51287498,0.04642187,1.13714303,0.78420215,1.00085788,0.94543548,0.00647033
"17467",154,105,0.57673404,0.5105879,0.04642187,1.13714303,0.78420215,1.00085788,0.94543548,0.00935188
"17468",155,105,0.57667896,0.51521928,0.04642187,1.13714303,0.78420215,1.00085788,0.94543548,0.00518712
"17469",156,105,0.57697334,0.41267076,0,1.13714303,0.78420215,1.00085788,0.94543548,0.01248047
"17470",157,105,0.59917585,0.28872518,0.04603448,1.13714303,0.78420215,1.00085788,0.94543548,0.03301641
"17471",158,105,0.59639622,0.29258292,0.04603448,1.13714303,0.78420215,1.00085788,0.94543548,0.03091399
"17472",151,106,0.67497564,0.28088722,0.07742465,1.13290891,0.78128219,0.99713121,0.94191518,0.10790219
"17473",152,106,0.57559066,0.40557443,0.04624901,1.13290891,0.78128219,0.99713121,0.94191518,0.01342307
"17474",153,106,0.59637941,0.3408974,0.04586307,1.13290891,0.78128219,0.99713121,0.94191518,0.01191216
"17475",154,106,0.59756232,0.36909098,0.04586308,1.13290891,0.78128219,0.99713121,0.94191518,0.02033655
"17476",155,106,0.60048,0.24337971,0.04572338,1.13290891,0.78128219,0.99713121,0.94191518,0.01233154
"17477",156,106,0.59606038,0.40566633,0.04586307,1.13290891,0.78128219,0.99713121,0.94191518,0.00074451
"17478",157,106,0.57445637,0.46945352,0.04624902,1.13290891,0.78128219,0.99713121,0.94191518,0.05123603
"17479",158,106,0.57479883,0.44944381,0.04624902,1.13290891,0.78128219,0.99713121,0.94191518,0.02005273
"17480",152,107,0.52140685,0.31843811,0.04595293,1.12866508,0.77835554,0.993396,0.93838681,0.02715162
"17481",153,107,0.52140688,0.32456721,0.04566297,1.12866508,0.77835554,0.993396,0.93838681,0.00611874
"17482",154,107,0.57296513,0.35574107,0.04607577,1.12866508,0.77835554,0.993396,0.93838681,0.01071896
"17483",155,107,0.57237929,0.448864,0.04607577,1.12866508,0.77835554,0.993396,0.93838681,0
"17484",156,107,0.57486828,0.37402185,0.04607577,1.12866508,0.77835554,0.993396,0.93838681,0.03716128
"17485",157,107,0.59659678,0.33088996,0.04607577,1.12866508,0.77835554,0.993396,0.93838681,0.01820494
"17486",158,107,0.59709481,0.3166782,0.04623229,1.12866508,0.77835554,0.993396,0.93838681,0.0240846
"17487",153,108,0.57021799,0.44189749,0.04590211,1.12441103,0.77542184,0.98965179,0.93484993,0.02217812
"17488",154,108,0.57082955,0.37370829,0.0459021,1.12441103,0.77542184,0.98965179,0.93484993,0.02067934
"17489",155,108,0.57062308,0.32934682,0.04590211,1.12441103,0.77542184,0.98965179,0.93484993,0.17850276
"17490",156,108,0.57049444,0.32778675,0.04590211,1.12441103,0.77542184,0.98965179,0.93484993,0.0087813
"17491",157,108,0.51944161,0.3715566,0.04547447,1.12441103,0.77542184,0.98965179,0.93484993,0.01112306
"17492",158,108,0.57046659,0.44618348,0.04590211,1.12441103,0.77542184,0.98965179,0.93484993,0.00346298
"17493",156,109,0.56928413,0.41023905,0.04572805,1.12014727,0.77248145,0.98589904,0.93130499,0.00895123
"17494",157,109,0.56909388,0.38887661,0.04560613,1.12014727,0.77248145,0.98589904,0.93130499,0.03666643
"17495",158,109,0.56906714,0.40757783,0.04539525,1.12014727,0.77248145,0.98589904,0.93130499,0.03451899
"17496",159,109,0.56472086,0.47835952,0.04626717,1.12014727,0.77248145,0.98589904,0.93130499,0.0093269
"17497",159,110,0.56232655,0.46016888,0.04255259,1.11587328,0.769534,0.98213728,0.92775154,0.00200482
"17498",163,93,0.05685846,0.31666819,0.07809763,1.18929138,0.81888163,1.04488097,0.9870208,0.0713716
"17499",164,93,0.0492682,0.29889565,0.05829588,1.18929138,0.81888163,1.04488097,0.9870208,0.0605301
"17500",165,93,0.05743554,0.28907865,0.05156132,1.18929138,0.81888163,1.04488097,0.9870208,0.02513342
"17501",162,94,0.05023489,0.33560461,0.05702933,1.18517216,0.81604536,1.04126192,0.98360216,0.03101158
"17502",163,94,0.54131211,0.5472942,0.07394203,1.18517216,0.81604536,1.04126192,0.98360216,0.05234923
"17503",164,94,0.57678128,0.46315984,0,1.18517216,0.81604536,1.04126192,0.98360216,0.01540564
"17504",165,94,0.63193243,0.46315984,0.0571819,1.18508163,0.8156854,1.05141346,0.98679673,0.04745255
"17505",162,95,0.63147219,0.40646305,0.78127652,1.18110009,0.81285419,1.04775004,0.98335845,0.06418781
"17506",163,95,0.57200995,0.4164016,0.06991626,1.18104268,0.81320203,1.03763387,0.98017501,0.05817246
"17507",164,95,0.53481001,0.50459461,0.04991767,1.18104268,0.81320203,1.03763387,0.98017501,0.09829231
"17508",165,95,0.53507225,0.51100338,0.04911095,1.18104268,0.81320203,1.03763387,0.98017501,0.07817381
"17509",166,95,0.53904742,0.51167785,0.04911096,1.18104268,0.81320203,1.03763387,0.98017501,0.10771526
"17510",158,96,0,0.24090976,0,1.17690295,0.81035163,1.03399681,0.97673935,0.05815646
"17511",159,96,0.05147112,0.30633399,0.05265205,1.17690295,0.81035163,1.03399681,0.97673935,0.03821161
"17512",160,96,0.04330334,0.30466066,0,1.17690295,0.81035163,1.03399681,0.97673935,0.05882779
"17513",161,96,0.04349178,0.3167854,0.04707208,1.17690295,0.81035163,1.03399681,0.97673935,0.16875802
"17514",162,96,0.5534008,0.45992834,0.06967119,1.17690295,0.81035163,1.03399681,0.97673935,0.04631303
"17515",163,96,0.53187103,0.55691535,0,1.17690295,0.81035163,1.03399681,0.97673935,0.13018842
"17516",164,96,0.53232238,0.50338896,0.04974271,1.17690295,0.81035163,1.03399681,0.97673935,0.07489249
"17517",165,96,0.50804503,0.50667556,0.04893881,1.17690295,0.81035163,1.03399681,0.97673935,0.06146167
"17518",166,96,0.53238325,0.50646358,0,1.17690295,0.81035163,1.03399681,0.97673935,0.07192999
"17519",167,96,0.52448367,0.48716856,0.04974271,1.17690295,0.81035163,1.03399681,0.97673935,0.04011345
"17520",153,97,0.52218241,0.32516821,0.05302353,1.17275297,0.80749418,1.03035074,0.97329518,0.27619861
"17521",156,97,0,0.21889441,0,1.17275297,0.80749418,1.03035074,0.97329518,0.01672447
"17522",157,97,0.04736157,0.27223109,0,1.17275297,0.80749418,1.03035074,0.97329518,0.03800438
"17523",158,97,0.03067737,0.25738609,0,1.17275297,0.80749418,1.03035074,0.97329518,0.1293142
"17524",159,97,0.03067737,0.28086882,0.04805618,1.17275297,0.80749418,1.03035074,0.97329518,0.02392344
"17525",160,97,0.56409572,0.40664345,0.06942552,1.17275297,0.80749418,1.03035074,0.97329518,0.01245226
"17526",161,97,0.54079443,0.50612253,0,1.17275297,0.80749418,1.03035074,0.97329518,0.0696233
"17527",162,97,0.54385177,0.48779,0,1.17275297,0.80749418,1.03035074,0.97329518,0.11496978
"17528",163,97,0.53793616,0.50416885,0,1.17275297,0.80749418,1.03035074,0.97329518,0.11134976
"17529",164,97,0.53919746,0.50286783,0.0493578,1.17275297,0.80749418,1.03035074,0.97329518,0.08222895
"17530",165,97,0.52982751,0.4931048,0.04755572,1.17275297,0.80749418,1.03035074,0.97329518,0.05775674
"17531",166,97,0.52529911,0.48741063,0.04755572,1.17275297,0.80749418,1.03035074,0.97329518,0.03774475
"17532",167,97,0.5246071,0.48545065,0.04800503,1.17275297,0.80749418,1.03035074,0.97329518,0.0808832
"17533",154,98,0.65277853,0.23996277,0.05271074,1.16859219,0.80462929,1.02669519,0.96984205,0.03223876
"17534",155,98,0.48999694,0.24184858,0,1.16859219,0.80462929,1.02669519,0.96984205,0.06265375
"17535",156,98,0.48969493,0.30687102,0,1.16859219,0.80462929,1.02669519,0.96984205,0.03578264
"17536",157,98,0.49046576,0.25664208,0.04769935,1.16859219,0.80462929,1.02669519,0.96984205,0.02397965
"17537",158,98,0.0519504,0.25066474,0.04942511,1.16859219,0.80462929,1.02669519,0.96984205,0.00383898
"17538",159,98,0.53073816,0.50514369,0,1.16859219,0.80462929,1.02669519,0.96984205,0.05140103
"17539",160,98,0.53280483,0.50658213,0.04859323,1.16859219,0.80462929,1.02669519,0.96984205,0.0074182
"17540",161,98,0.53929001,0.50389022,0,1.16859219,0.80462929,1.02669519,0.96984205,0.07238849
"17541",162,98,0.54222984,0.49478365,0,1.16859219,0.80462929,1.02669519,0.96984205,0.0240631
"17542",163,98,0.54183093,0.54399208,0,1.16859219,0.80462929,1.02669519,0.96984205,0.03240899
"17543",164,98,0.53702086,0.50057855,0.04783472,1.16859219,0.80462929,1.02669519,0.96984205,0.03525273
"17544",165,98,0.52962233,0.49891187,0.04783472,1.16859219,0.80462929,1.02669519,0.96984205,0.30287462
"17545",166,98,0.51950854,0.48372833,0.04783472,1.16859219,0.80462929,1.02669519,0.96984205,0.32780523
"17546",167,98,0.53309357,0.5028887,0.04783472,1.16859219,0.80462929,1.02669519,0.96984205,0.03599715
"17547",168,98,0.54157556,0.50750606,0.04877408,1.16859219,0.80462929,1.02669519,0.96984205,0.00891938
"17548",154,99,0.63698345,0.34292896,0.05385439,1.1644217,0.80175772,1.0230311,0.96638086,0.04639628
"17549",155,99,0.46695793,0.49033549,0.04752913,1.1644217,0.80175772,1.0230311,0.96638086,0.03308258
"17550",156,99,0.46665697,0.31803473,0.04779717,1.1644217,0.80175772,1.0230311,0.96638086,0.08304012
"17551",157,99,0.53261087,0.55375861,0,1.1644217,0.80175772,1.0230311,0.96638086,0.08593512
"17552",158,99,0.5340373,0.55813285,0,1.1644217,0.80175772,1.0230311,0.96638086,0.05679906
"17553",159,99,0.55181782,0.54746359,0,1.1644217,0.80175772,1.0230311,0.96638086,0.02994591
"17554",160,99,0.54294418,0.55653334,0.04921518,1.1644217,0.80175772,1.0230311,0.96638086,0.08608563
"17555",161,99,0.53389144,0.55498598,0.047664,1.1644217,0.80175772,1.0230311,0.96638086,0.0754776
"17556",162,99,0.52518459,0.55924652,0.04766401,1.1644217,0.80175772,1.0230311,0.96638086,0.04479577
"17557",163,99,0.51950366,0.50109392,0.047664,1.1644217,0.80175772,1.0230311,0.96638086,0.03612763
"17558",164,99,0.5201449,0.57430467,0.047664,1.1644217,0.80175772,1.0230311,0.96638086,0.05438789
"17559",165,99,0.5238829,0.50845908,0.047664,1.1644217,0.80175772,1.0230311,0.96638086,0.04723314
"17560",166,99,0.52793978,0.50845901,0.04921518,1.1644217,0.80175772,1.0230311,0.96638086,0.01910182
"17561",167,99,0.54313164,0.50588816,0.04900716,1.1644217,0.80175772,1.0230311,0.96638086,0.02540476
"17562",168,99,0.5312213,0.55770522,0.04860002,1.1644217,0.80175772,1.0230311,0.96638086,0.06193822
"17563",169,99,0.53307323,0.55964675,0,1.1644217,0.80175772,1.0230311,0.96638086,0.04845357
"17564",170,99,0.52780021,0.44969508,0.05658447,1.16451873,0.801747,1.0230311,0.96638086,0.06724218
"17565",155,100,0.61917027,0.52527974,0.0471989,1.16024096,0.79887908,1.01935801,0.96291117,0.01366529
"17566",156,100,0.32102444,0.5225154,0.04724361,1.16024096,0.79887908,1.01935801,0.96291117,0.01445973
"17567",157,100,0.48658421,0.49929485,0.04835805,1.16024096,0.79887908,1.01935801,0.96291117,0.03341082
"17568",158,100,0.51448862,0.55256128,0.04809555,1.16024096,0.79887908,1.01935801,0.96291117,0.03422554
"17569",159,100,0.52901262,0.49929479,0.0437287,1.16024096,0.79887908,1.01935801,0.96291117,0.03187398
"17570",160,100,0.52673334,0.55210348,0,1.16024096,0.79887908,1.01935801,0.96291117,0.06513215
"17571",161,100,0.52770311,0.54052351,0,1.16024096,0.79887908,1.01935801,0.96291117,0.11829698
"17572",162,100,0.52659705,0.48027148,0.04749288,1.16024096,0.79887908,1.01935801,0.96291117,0.03485457
"17573",163,100,0.49157547,0.54673234,0.04842552,1.16024096,0.79887908,1.01935801,0.96291117,0.06156622
"17574",164,100,0.38608966,0.5066335,0.04842552,1.16024096,0.79887908,1.01935801,0.96291117,0.04460175
"17575",165,100,0.5408402,0.54449997,0.0488312,1.16024096,0.79887908,1.01935801,0.96291117,0.05863578
"17576",166,100,0.53738253,0.55367174,0.04819302,1.16024096,0.79887908,1.01935801,0.96291117,0.04034535
"17577",167,100,0.52993628,0.49288374,0.04793313,1.16024096,0.79887908,1.01935801,0.96291117,0.02376301
"17578",168,100,0.51811335,0.49929479,0.04903847,1.16024096,0.79887908,1.01935801,0.96291117,0.06444809
"17579",169,100,0.49703992,0.4239803,0.05188449,1.16033764,0.79886841,1.01935801,0.96291117,0.021021
"17580",159,101,0.53762524,0.50299806,0.04756954,1.15604942,0.79599302,1.01567543,0.95943251,0.05593496
"17581",160,101,0.52561758,0.50346358,0.04807167,1.15604942,0.79599302,1.01567543,0.95943251,0.12459045
"17582",161,101,0.52336139,0.47853643,0.0473213,1.15604942,0.79599302,1.01567543,0.95943251,0.09830965
"17583",162,101,0.53303349,0.48991867,0.0473213,1.15604942,0.79599302,1.01567543,0.95943251,0.02391355
"17584",163,101,0.52475567,0.50092793,0.04775997,1.15604942,0.79599302,1.01567543,0.95943251,0.0384524
"17585",164,101,0.5304456,0.55492485,0.05786193,1.15604942,0.79599302,1.01567543,0.95943251,0.03698456
"17586",167,101,0.53072766,0.55663052,0.04801892,1.15604942,0.79599302,1.01567543,0.95943251,0.04901443
"17587",168,101,0.52945287,0.42167443,0.04775997,1.15604942,0.79599302,1.01567543,0.95943251,0.02400799
"17588",160,102,0.51113598,0.49348895,0.04714932,1.15184817,0.79310026,1.01198432,0.9559458,0.02459163
"17589",162,102,0.51147496,0.26657299,0.04868375,1.15184817,0.79310026,1.01198432,0.9559458,0.01513039
"17590",163,102,0.52135479,0.27342377,0.04868375,1.15184817,0.79310026,1.01198432,0.9559458,0.06001407
"17591",170,92,0.5751935,0.50587548,0.05043996,1.18986951,0.82160064,1.04849053,0.99043048,0.07373921
"17592",171,92,0.53129261,0.52111272,0,1.18986951,0.82160064,1.04849053,0.99043048,0.04628544
"17593",170,93,0.56808894,0.51590633,0.05026631,1.18577323,0.81877218,1.04488097,0.9870208,0.05016462
"17594",171,93,0.55840553,0.51931866,0,1.18577323,0.81877218,1.04488097,0.9870208,0.03056729
"17595",172,93,0.55759335,0.50399279,0,1.18577323,0.81877218,1.04488097,0.9870208,0.04785527
"17596",173,93,0.54382669,0.49213157,0.05952574,1.18577323,0.81877218,1.04488097,0.9870208,0.08775127
"17597",166,94,0.60490458,0.49652865,0.73912228,1.18166619,0.81593628,1.04126192,0.98360216,0.06138831
"17598",167,94,0.61643278,0.46315984,0.07231934,1.18166619,0.81593628,1.04126192,0.98360216,0.08411805
"17599",168,94,0.58773568,0.46315984,0.07243831,1.18166619,0.81593628,1.04126192,0.98360216,0.06529809
"17600",169,94,0.59699128,0,0.07112545,1.18166619,0.81593628,1.04126192,0.98360216,0.04503459
"17601",170,94,0.54627323,0.51406967,0,1.18166619,0.81593628,1.04126192,0.98360216,0.04307441
"17602",171,94,0.52593708,0.51002361,0.0485134,1.18166619,0.81593628,1.04126192,0.98360216,0.07776221
"17603",172,94,0.52985145,0.51752002,0.0485134,1.18166619,0.81593628,1.04126192,0.98360216,0.09083009
"17604",173,94,0.5524324,0.51638591,0.04928267,1.18166619,0.81593628,1.04126192,0.98360216,0.09477527
"17605",167,95,0.54142589,0.56848045,0,1.17754893,0.81309333,1.03763387,0.98017501,0.03009996
"17606",168,95,0.52884434,0.51571683,0.04834437,1.17754893,0.81309333,1.03763387,0.98017501,0.04527329
"17607",169,95,0.53376736,0.55804749,0.04905707,1.17754893,0.81309333,1.03763387,0.98017501,0.04158088
"17608",170,95,0.52722839,0.50824654,0.04929374,1.17754893,0.81309333,1.03763387,0.98017501,0.03494607
"17609",171,95,0.52674961,0.51026856,0,1.17754893,0.81309333,1.03763387,0.98017501,0.1222041
"17610",172,95,0.55067731,0.51088426,0.04929373,1.17754893,0.81309333,1.03763387,0.98017501,0.07013116
"17611",173,95,0.54938122,0.51124768,0,1.17754893,0.81309333,1.03763387,0.98017501,0.05199876
"17612",174,95,0.49541768,0.50824654,0.05281471,1.17754893,0.81309333,1.03763387,0.98017501,0.03878684
"17613",168,96,0.52317404,0,0.04974271,1.17342145,0.81024331,1.03399681,0.97673935,0.0392833
"17614",169,96,0.52715548,0.4871685,0.04817491,1.17342145,0.81024331,1.03399681,0.97673935,0.02716075
"17615",170,96,0.53241498,0.55781194,0.04817491,1.17342145,0.81024331,1.03399681,0.97673935,0.03852769
"17616",171,96,0.53940381,0.50706051,0.04862148,1.17342145,0.81024331,1.03399681,0.97673935,0.1102774
"17617",172,96,0.50838223,0.50646506,0.04862149,1.17342145,0.81024331,1.03399681,0.97673935,0.02045885
"17618",173,96,0.51053207,0.50646506,0.04862149,1.17342145,0.81024331,1.03399681,0.97673935,0.02270924
"17619",174,96,0.49120436,0.50646506,0,1.17342145,0.81024331,1.03399681,0.97673935,0.01418404
"17620",168,97,0.52559699,0,0.04800503,1.17275297,0.80749418,1.03035074,0.97329518,0.08457116
"17621",169,97,0.51981283,0.50467917,0.04800503,1.16928374,0.80738624,1.03035074,0.97329518,0.01396215
"17622",170,97,0.5333086,0.50467917,0.04845004,1.16928374,0.80738624,1.03035074,0.97329518,0.00276624
"17623",171,97,0.53204331,0.50467917,0,1.16928374,0.80738624,1.03035074,0.97329518,0.00946906
"17624",172,97,0.52265921,0.50467917,0.04420028,1.16928374,0.80738624,1.03035074,0.97329518,0.01416676
"17625",173,97,0.52954695,0.4993261,0.04894774,1.16928374,0.80738624,1.03035074,0.97329518,0.04422713
"17626",174,97,0.53107299,0.54616352,0,1.16928374,0.80738624,1.03035074,0.97329518,0.02864451
"17627",175,97,0.54151239,0.50161238,0,1.16928374,0.80738624,1.03035074,0.97329518,0.01101586
"17628",169,98,0.53086716,0.50918049,0.04877408,1.16513527,0.80452174,1.02669519,0.96984205,0.02924471
"17629",170,98,0.54633878,0.50286019,0,1.16513527,0.80452174,1.02669519,0.96984205,0.03530347
"17630",171,98,0.52650872,0.12790687,0,1.16513527,0.80452174,1.02669519,0.96984205,0.0304997
"17631",172,98,0.53044063,0.27718288,0.04877408,1.16513527,0.80452174,1.02669519,0.96984205,0.00946591
"17632",173,98,0.53538602,0.4837284,0,1.16513527,0.80452174,1.02669519,0.96984205,0.02497713
"17633",174,98,0.52687814,0.49867254,0,1.16513527,0.80452174,1.02669519,0.96984205,0.01855553
"17634",175,98,0.53718112,0.48719252,0.05225794,1.16851104,0.80456476,1.02669519,0.96984205,0.03061493
"17635",176,106,0.50865881,0,0,1.13321627,0.78124041,0.99713121,0.94191518,0.01880229
"17636",177,106,0.51604203,0,0,1.13321627,0.78124041,0.99713121,0.94191518,0.00456402
"17637",178,106,0.51633295,0.12422375,0.0658839,1.13321627,0.78124041,0.99713121,0.94191518,0.02389397
"17638",179,106,0.39478629,0.12422375,0.05109331,1.13321627,0.78124041,0.99713121,0.94191518,0.00276606
"17639",172,107,0.52176653,0.46803939,0.06682736,1.1289713,0.77831392,0.993396,0.93838681,0.02997556
"17640",173,107,0.52988817,0.52331677,0.06682736,1.1289713,0.77831392,0.993396,0.93838681,0.019837
"17641",174,107,0.53253245,0.46803939,0.06682736,1.1289713,0.77831392,0.993396,0.93838681,0.00363121
"17642",175,107,0.53318794,0,0.06563711,1.1289713,0.77831392,0.993396,0.93838681,0.02015227
"17643",176,107,0.52799106,0,0,1.1289713,0.77831392,0.993396,0.93838681,0.01774119
"17644",177,107,0.51372005,0.12375842,0.05547265,1.1289713,0.77831392,0.993396,0.93838681,0.03016352
"17645",178,107,0.50251235,0,0.0451181,1.1289713,0.77831392,0.993396,0.93838681,0.14518571
"17646",179,107,0.49622296,0,0.05099285,1.1289713,0.77831392,0.993396,0.93838681,0.01093309
"17647",169,108,0.52154137,0.4662753,0,1.12471609,0.77538037,0.98965179,0.93484993,0.00865375
"17648",170,108,0.52583269,0.24755855,0.04635071,1.12471609,0.77538037,0.98965179,0.93484993,0.01530455
"17649",171,108,0.52469946,0.4662753,0.06657548,1.12471609,0.77538037,0.98965179,0.93484993,0.01203619
"17650",172,108,0.5267853,0.4662753,0,1.12471609,0.77538037,0.98965179,0.93484993,0.06229192
"17651",173,108,0.53947855,0.52791505,0,1.12471609,0.77538037,0.98965179,0.93484993,0.11057383
"17652",174,108,0.53283118,0.53232068,0,1.12471609,0.77538037,0.98965179,0.93484993,0.00029957
"17653",175,108,0.53386522,0,0,1.12471609,0.77538037,0.98965179,0.93484993,0.01254146
"17654",176,108,0.52639683,0,0.05526357,1.12471609,0.77538037,0.98965179,0.93484993,0.00700137
"17655",177,108,0.50206264,0,0.04900492,1.12471609,0.77538037,0.98965179,0.93484993,0.04128054
"17656",178,108,0.5059623,0,0.05208917,1.12471609,0.77538037,0.98965179,0.93484993,0.02447854
"17657",179,108,0.5107348,0,0,1.12471609,0.77538037,0.98965179,0.93484993,0.00049995
"17658",180,108,0.49388307,0,0.05582412,1.12471609,0.77538037,0.98965179,0.93484993,0.00976267
"17659",169,109,0.52388854,0.46450725,0.04722839,1.12045117,0.77244014,0.98589904,0.93130499,0.00463108
"17660",170,109,0.51550577,0.21025788,0.04742886,1.12045117,0.77244014,0.98589904,0.93130499,0.04264084
"17661",171,109,0.51033383,0.41864782,0.04617495,1.12045117,0.77244014,0.98589904,0.93130499,0.03463676
"17662",172,109,0.51901215,0.42410065,0,1.12045117,0.77244014,0.98589904,0.93130499,0.0304372
"17663",173,109,0.52380654,0.47988369,0,1.12045117,0.77244014,0.98589904,0.93130499,0.00428123
"17664",174,109,0.51226638,0,0,1.12045117,0.77244014,0.98589904,0.93130499,0.01952014
"17665",175,109,0.49440601,0,0.04477761,1.12045117,0.77244014,0.98589904,0.93130499,0.05360571
"17666",176,109,0.5018326,0,0.05307482,1.12045117,0.77244014,0.98589904,0.93130499,0.06220125
"17667",177,109,0.49916745,0,0.05561244,1.12045117,0.77244014,0.98589904,0.93130499,0.00972661
"17668",178,109,0.51374848,0,0.06514176,1.12045117,0.77244014,0.98589904,0.93130499,0.00961181
"17669",179,109,0.5111506,0,0.06514176,1.12045117,0.77244014,0.98589904,0.93130499,0.02178321
"17670",180,109,0.36706115,0,0.05505401,1.12045117,0.77244014,0.98589904,0.93130499,0.01058483
"17671",168,110,0.58557518,0.2859548,0.04874272,1.11617602,0.76949284,0.98213728,0.92775154,0.01573931
"17672",169,110,0.51460493,0.4192739,0.04608928,1.11617602,0.76949284,0.98213728,0.92775154,0.03990536
"17673",170,110,0.50736924,0.38713127,0.04599876,1.11617602,0.76949284,0.98213728,0.92775154,0.04159075
"17674",171,110,0.50121602,0.48106359,0.042132,1.11617602,0.76949284,0.98213728,0.92775154,0.1746763
"17675",172,110,0.4889374,0,0.05126905,1.11617602,0.76949284,0.98213728,0.92775154,0.22172151
"17676",173,110,0.37992317,0,0.05349604,1.11617602,0.76949284,0.98213728,0.92775154,0.0369113
"17677",174,110,0.50592977,0,0.05540024,1.11617602,0.76949284,0.98213728,0.92775154,0.00548577
"17678",175,110,0.50633523,0,0.05540024,1.11617602,0.76949284,0.98213728,0.92775154,0.18702419
"17679",176,110,0.50106435,0.33102507,0.05540024,1.11617602,0.76949284,0.98213728,0.92775154,0.07950796
"17680",177,110,0.50611618,0,0.05540025,1.11617602,0.76949284,0.98213728,0.92775154,0.01375252
"17681",178,110,0.51189347,0,0.05540024,1.11617602,0.76949284,0.98213728,0.92775154,0.0196299
"17682",179,110,0.51552806,0,0.0648932,1.11617602,0.76949284,0.98213728,0.92775154,0.00251699
"17683",180,110,0.51602807,0,0.0648932,1.11617602,0.76949284,0.98213728,0.92775154,0.02065003
"17684",181,110,0.49432414,0,0.04460676,1.11617602,0.76949284,0.98213728,0.92775154,0.00739674
"17685",168,111,0.5161881,0.39436236,0.0468676,1.11367801,0.76674422,0.97836746,0.92419047,0.00459275
"17686",169,111,0.5193551,0.40852809,0,1.11189172,0.76653924,0.97836746,0.92419047,0.02270769
"17687",170,111,0.51789569,0.40666356,0.04630589,1.11189172,0.76653924,0.97836746,0.92419047,0.0071823
"17688",171,111,0.49781212,0.4862607,0.0551876,1.11189172,0.76653924,0.97836746,0.92419047,0.04252894
"17689",172,111,0.50350342,0,0,1.11189172,0.76653924,0.97836746,0.92419047,0.02656118
"17690",173,111,0.50741126,0,0.05225573,1.11189172,0.76653924,0.97836746,0.92419047,0.00725869
"17691",174,111,0.51020069,0,0.0551876,1.11189172,0.76653924,0.97836746,0.92419047,0.01429844
"17692",175,111,0.50033341,0.3292461,0,1.11189172,0.76653924,0.97836746,0.92419047,0.03230014
"17693",176,111,0.49898273,0.33018947,0,1.11189172,0.76653924,0.97836746,0.92419047,0.01011962
"17694",177,111,0.49842607,0.33008129,0,1.11189172,0.76653924,0.97836746,0.92419047,0.02318762
"17695",178,111,0.49565459,0.33005724,0,1.11189172,0.76653924,0.97836746,0.92419047,0.00968582
"17696",179,111,0.50955532,0.32992883,0.0551876,1.11189172,0.76653924,0.97836746,0.92419047,0.00737076
"17697",180,111,0.5149912,0.33003363,0.05259373,1.11189172,0.76653924,0.97836746,0.92419047,0.05198323
"17698",181,111,0.51531849,0.12188614,0.06464412,1.11189172,0.76653924,0.97836746,0.92419047,0.0088471
"17699",168,112,0.58193974,0.36769447,0.04826811,1.10759717,0.76357857,0.97458864,0.9206209,0.01038633
"17700",169,112,0.5821197,0.38936383,0,1.10759717,0.76357857,0.97458864,0.9206209,0.02545746
"17701",170,112,0.59749088,0.38759739,0,1.10759717,0.76357857,0.97458864,0.9206209,0.02145924
"17702",171,112,0.4942722,0,0.05497444,1.10759717,0.76357857,0.97458864,0.9206209,0
"17703",172,112,0.50136123,0,0.047407,1.10759717,0.76357857,0.97458864,0.9206209,0.02943068
"17704",173,112,0.49792348,0,0,1.10759717,0.76357857,0.97458864,0.9206209,0.0226587
"17705",174,112,0.50840072,0,0.05497444,1.10759717,0.76357857,0.97458864,0.9206209,0.07784239
"17706",175,112,0.50531462,0,0.05497444,1.10759717,0.76357857,0.97458864,0.9206209,0.00807752
"17707",176,112,0.50294237,0.32839665,0.05497444,1.10759717,0.76357857,0.97458864,0.9206209,0.09188328
"17708",177,112,0.36887871,0.32883454,0.04897821,1.10759717,0.76357857,0.97458864,0.9206209,0.0137825
"17709",178,112,0.38009417,0.31162371,0.05497444,1.10759717,0.76357857,0.97458864,0.9206209,0.00813356
"17710",179,112,0.50633687,0.31939748,0.06439444,1.10551736,0.76371129,0.97458864,0.9206209,0.00321379
"17711",169,113,0.59699041,0.26768853,0,1.10392979,0.76095699,0.97080128,0.91704326,0.02046752
"17712",170,113,0.59630505,0.35303632,0.04770772,1.10329292,0.76061122,0.97080128,0.91704326,0.01760351
"17713",171,113,0.5779503,0.46366515,0.0477754,1.10329292,0.76061122,0.97080128,0.91704326,0.04030253
"17714",172,113,0.57813949,0.49383126,0.04756795,1.10329292,0.76061122,0.97080128,0.91704326,0.00755762
"17715",173,113,0.37693763,0,0.04811006,1.10329292,0.76061122,0.97080128,0.91704326,0.01635489
"17716",174,113,0.47976226,0,0.04779591,1.10329292,0.76061122,0.97080128,0.91704326,0.01449384
"17717",175,113,0.49237318,0,0.04857154,1.10329292,0.76061122,0.97080128,0.91704326,0.02427966
"17718",176,113,0.38810681,0.32834813,0.05491428,1.10329292,0.76061122,0.97080128,0.91704326,0.0473723
"17719",177,113,0.37475127,0.26109398,0.05448847,1.10392979,0.76095699,0.97080128,0.91704326,0.01843065
"17720",178,113,0.36362977,0.15863311,0.05413528,1.10329292,0.76061122,0.97080128,0.91704326,0.00416644
"17721",172,114,0.58781654,0.45079491,0.04448652,1.09897898,0.75763718,0.96700538,0.91345756,0.01147367
"17722",182,111,0.61095071,0.37078814,0.04233191,1.10980384,0.76667247,0.97836746,0.92419047,0.00773681
"17723",183,111,0.35081237,0.24051957,0.04862005,1.10980384,0.76667247,0.97836746,0.92419047,0.00888269
"17724",184,111,0.35183324,0.22762089,0.04806748,1.10980384,0.76667247,0.97836746,0.92419047,0.04508632
"17725",185,111,0.35244625,0.24990926,0.04806748,1.10980384,0.76667247,0.97836746,0.92419047,0.0393447
"17726",186,111,0.35297282,0.25562046,0,1.10980384,0.76667247,0.97836746,0.92419047,0.01188486
"17727",187,111,0.35277093,0.26212661,0,1.10980384,0.76667247,0.97836746,0.92419047,0.00583201
"17728",180,112,0.49171382,0.32902698,0.04426391,1.10551736,0.76371129,0.97458864,0.9206209,0.00283646
"17729",181,112,0.34916949,0.21316657,0.04911254,1.10551736,0.76371129,0.97458864,0.9206209,0.03287903
"17730",182,112,0.35071628,0.22684438,0.04911254,1.10551736,0.76371129,0.97458864,0.9206209,0.00330979
"17731",183,112,0.3502146,0.29458654,0.04788182,1.10551736,0.76371129,0.97458864,0.9206209,0.00698796
"17732",184,112,0.34988834,0.30786902,0,1.10551736,0.76371129,0.97458864,0.9206209,0.03200226
"17733",185,112,0.35022767,0.27651483,0,1.10551736,0.76371129,0.97458864,0.9206209,0
"17734",186,112,0.60114151,0.28311405,0.04788181,1.10551736,0.76371129,0.97458864,0.9206209,0.02234532
"17735",187,112,0.34790924,0.30533701,0.04825344,1.10551736,0.76371129,0.97458864,0.9206209,0.00771861
"17736",188,112,0.34745796,0.35491606,0.04843226,1.10551736,0.76371129,0.97458864,0.9206209,0
"17737",189,112,0.34827294,0.36092409,0.04843226,1.10551736,0.76371129,0.97458864,0.9206209,0.02289686
"17738",190,112,0.34812775,0.34772058,0.04843226,1.10551736,0.76371129,0.97458864,0.9206209,0
"17739",191,112,0.34797807,0.37267463,0.04843226,1.11339752,0.76434427,0.97458864,0.9206209,0.00279232
"17740",179,113,0.58102821,0.2352453,0,1.1012212,0.76074343,0.97080128,0.91704326,0
"17741",180,113,0.33424808,0.29835952,0.04892169,1.1012212,0.76074343,0.97080128,0.91704326,0.00355307
"17742",181,113,0.34671893,0.29058612,0.04824405,1.1012212,0.76074343,0.97080128,0.91704326,0.03282366
"17743",182,113,0.34855115,0.2386821,0.04892169,1.1012212,0.76074343,0.97080128,0.91704326,0.02803794
"17744",183,113,0.34978714,0.22276416,0.04892168,1.1012212,0.76074343,0.97080128,0.91704326,0.00517107
"17745",184,113,0.34858223,0.27426308,0.04824405,1.1012212,0.76074343,0.97080128,0.91704326,0
"17746",185,113,0.57596444,0.4060763,0.04824406,1.1012212,0.76074343,0.97080128,0.91704326,0.01246464
"17747",186,113,0.57374016,0.43640285,0.04824406,1.1012212,0.76074343,0.97080128,0.91704326,0.00224394
"17748",187,113,0.59265909,0.33344346,0.04701074,1.1012212,0.76074343,0.97080128,0.91704326,0.01561748
"17749",188,113,0.59937343,0.26677407,0.04753299,1.1012212,0.76074343,0.97080128,0.91704326,0.00834043
"17750",189,113,0.34789397,0.31339551,0.0480565,1.1012212,0.76074343,0.97080128,0.91704326,0.03078227
"17751",190,113,0.34726703,0.38016363,0.04824405,1.1012212,0.76074343,0.97080128,0.91704326,0.01483668
"17752",191,113,0.34599478,0.38057309,0.04824405,1.1012212,0.76074343,0.97080128,0.91704326,0.0075119
"17753",192,113,0.3423603,0.4356157,0.04784099,1.1012212,0.76074343,0.97080128,0.91704326,0.00517553
"17754",193,113,0.32128822,0.44848322,0.04784145,1.1012212,0.76074343,0.97080128,0.91704326,0.00919389
"17755",194,113,0.34568059,0.43340708,0.0475692,1.1012212,0.76074343,0.97080128,0.91704326,0.0271673
"17756",195,113,0.34958114,0.30997441,0.04769575,1.1012212,0.76074343,0.97080128,0.91704326,0.0040654
"17757",196,113,0.34800234,0.36927036,0.04784145,1.1012212,0.76074343,0.97080128,0.91704326,0.01536688
"17758",180,114,0.57772241,0.26923406,0.04805541,1.09691535,0.75776887,0.96700538,0.91345756,0.00123463
"17759",181,114,0.33167155,0.30364625,0.04861749,1.09691535,0.75776887,0.96700538,0.91345756,0
"17760",182,114,0.33218398,0.27364643,0.0487304,1.09691535,0.75776887,0.96700538,0.91345756,0.00968018
"17761",183,114,0.34474504,0.33445271,0.04805541,1.09691535,0.75776887,0.96700538,0.91345756,0.06202582
"17762",184,114,0.58663012,0.3576939,0.04805542,1.09691535,0.75776887,0.96700538,0.91345756,0.010192
"17763",185,114,0.59056648,0.39740338,0.04792729,1.09691535,0.75776887,0.96700538,0.91345756,0.01955539
"17764",186,114,0.5924883,0.32171855,0.04792729,1.09691535,0.75776887,0.96700538,0.91345756,0.12761233
"17765",187,114,0.59072142,0.23156701,0.04792729,1.09691535,0.75776887,0.96700538,0.91345756,0.06872289
"17766",188,114,0.59164222,0.27195851,0.04792729,1.09691535,0.75776887,0.96700538,0.91345756,0.0112152
"17767",189,114,0.59184414,0.32761972,0.04765439,1.09691535,0.75776887,0.96700538,0.91345756,0.01240435
"17768",190,114,0.59189357,0.33292361,0.04859704,1.09691535,0.75776887,0.96700538,0.91345756,0.00468772
"17769",191,114,0.34630825,0.28666804,0.04801855,1.09691535,0.75776887,0.96700538,0.91345756,0.00419324
"17770",192,114,0.34588006,0.2955585,0.04780164,1.09691535,0.75776887,0.96700538,0.91345756,0.01156917
"17771",193,114,0.33187427,0.35988458,0.04805541,1.09691535,0.75776887,0.96700538,0.91345756,0.0103983
"17772",194,114,0.34470573,0.3377407,0.0480554,1.09691535,0.75776887,0.96700538,0.91345756,0
"17773",195,114,0.34698774,0.3468434,0.04805541,1.09691535,0.75776887,0.96700538,0.91345756,0.0225333
"17774",196,114,0.34712369,0.38220774,0.04805541,1.09691535,0.75776887,0.96700538,0.91345756,0.01092068
"17775",197,114,0.34535409,0.22493415,0.0487304,1.09691535,0.75776887,0.96700538,0.91345756,0.01057183
"17776",198,114,0.34647023,0.3480089,0.04805541,1.09691535,0.75776887,0.96700538,0.91345756,0.04443537
"17777",199,114,0.3322121,0.32872691,0.0487304,1.09691535,0.75776887,0.96700538,0.91345756,0.01105066
"17778",181,115,0.57135716,0.23244283,0,1.09259983,0.75478763,0.96320095,0.9098638,0.01461083
"17779",182,115,0.33101413,0.26859921,0.04853868,1.09259983,0.75478763,0.96320095,0.9098638,0.00969062
"17780",183,115,0.33095586,0.27725298,0,1.09259983,0.75478763,0.96320095,0.9098638,0.02806423
"17781",184,115,0.58744966,0.24527729,0.04786635,1.09259983,0.75478763,0.96320095,0.9098638,0.01394959
"17782",185,115,0.59377964,0.23699718,0.04732233,1.09259983,0.75478763,0.96320095,0.9098638,0.00748721
"17783",186,115,0.58857848,0.3068603,0.04683304,1.09259983,0.75478763,0.96320095,0.9098638,0.0225699
"17784",187,115,0.58821367,0.37127996,0,1.09259983,0.75478763,0.96320095,0.9098638,0.00199573
"17785",188,115,0.57249841,0.38653055,0,1.09259983,0.75478763,0.96320095,0.9098638,0.0139869
"17786",189,115,0.59018549,0.36332716,0,1.09259983,0.75478763,0.96320095,0.9098638,0.02349047
"17787",190,115,0.57175209,0.37170488,0,1.09259983,0.75478763,0.96320095,0.9098638,0.00999941
"17788",191,115,0.59097187,0.33608155,0.04773873,1.09259983,0.75478763,0.96320095,0.9098638,0.0394218
"17789",192,115,0.34667182,0.26446821,0.04853868,1.09259983,0.75478763,0.96320095,0.9098638,0.00606099
"17790",193,115,0.34619023,0.25762249,0.04853868,1.09259983,0.75478763,0.96320095,0.9098638,0.00993474
"17791",194,115,0.3460203,0.27341746,0.04732234,1.09259983,0.75478763,0.96320095,0.9098638,0
"17792",195,115,0.34575866,0.28467797,0.04853868,1.09259983,0.75478763,0.96320095,0.9098638,0.00077111
"17793",196,115,0.3457292,0.33037543,0,1.09259983,0.75478763,0.96320095,0.9098638,0.01359873
"17794",197,115,0.34489375,0.357837,0.04773873,1.09259983,0.75478763,0.96320095,0.9098638,0.01113294
"17795",198,115,0.34635651,0.27014075,0,1.09259983,0.75478763,0.96320095,0.9098638,0.02230871
"17796",199,115,0.34368416,0.24033605,0,1.09259983,0.75478763,0.96320095,0.9098638,0.00402456
"17797",180,116,0.51831485,0.25394328,0.04667894,1.08827462,0.7517997,0.95938799,0.90626198,0.04584736
"17798",181,116,0.58619282,0.28786279,0.04664764,1.08827462,0.7517997,0.95938799,0.90626198,0.02128854
"17799",182,116,0.57170294,0.29016809,0.04879955,1.08827462,0.7517997,0.95938799,0.90626198,0.00627987
"17800",183,116,0.58612524,0.22368799,0.04879955,1.08827462,0.7517997,0.95938799,0.90626198,0.0121454
"17801",184,116,0.58365909,0.30578045,0.04754975,1.08827462,0.7517997,0.95938799,0.90626198,0.03477265
"17802",185,116,0.56559629,0.33759126,0,1.08827462,0.7517997,0.95938799,0.90626198,0.00660696
"17803",186,116,0.58743596,0.31164277,0.04664764,1.08827462,0.7517997,0.95938799,0.90626198,0.00290118
"17804",187,116,0.59192365,0.29381259,0.047135,1.08827462,0.7517997,0.95938799,0.90626198,0.04247628
"17805",188,116,0.59151042,0.30046017,0,1.08827462,0.7517997,0.95938799,0.90626198,0.00974396
"17806",189,116,0.59217901,0.3097265,0,1.08827462,0.7517997,0.95938799,0.90626198,0.01495539
"17807",190,116,0.58648136,0.34529248,0,1.08827462,0.7517997,0.95938799,0.90626198,0.01305834
"17808",191,116,0.58646696,0.34850838,0,1.08827462,0.7517997,0.95938799,0.90626198,0.0083788
"17809",192,116,0.58925251,0.31540462,0,1.08827462,0.7517997,0.95938799,0.90626198,0.05010069
"17810",193,116,0.5891701,0.32093978,0.04754975,1.08827462,0.7517997,0.95938799,0.90626198,0.00486198
"17811",194,116,0.33026757,0.37448283,0.04754976,1.08827462,0.7517997,0.95938799,0.90626198,0.05010743
"17812",195,116,0.58605839,0.21886617,0.04754975,1.08827462,0.7517997,0.95938799,0.90626198,0.01021981
"17813",196,116,0.34314202,0.21667414,0.04834654,1.08827462,0.7517997,0.95938799,0.90626198,0
"17814",197,116,0.34455232,0.23523641,0.04834653,1.08827462,0.7517997,0.95938799,0.90626198,0.00281922
"17815",198,116,0.34515973,0.23204867,0,1.08827462,0.7517997,0.95938799,0.90626198,0.02980661
"17816",199,116,0.34407671,0.26156614,0.04834653,1.08827462,0.7517997,0.95938799,0.90626198,0.01076663
"17817",180,117,0.56739967,0.27790146,0.04641144,1.08393973,0.74880508,0.95556649,0.9026521,0.06675433
"17818",181,117,0.58386008,0.35833593,0.04736035,1.08393973,0.74880508,0.95556649,0.9026521,0.01448738
"17819",182,117,0.56934663,0.35200226,0,1.08393973,0.74880508,0.95556649,0.9026521,0.0162531
"17820",183,117,0.58289913,0.2498195,0.04646183,1.08393973,0.74880508,0.95556649,0.9026521,0.00535453
"17821",184,117,0.56568671,0.27350394,0.04736035,1.08393973,0.74880508,0.95556649,0.9026521,0.00769896
"17822",185,117,0.56722465,0.25506372,0.04736035,1.08393973,0.74880508,0.95556649,0.9026521,0.00243219
"17823",186,117,0.56725933,0.25616449,0.04736035,1.08393973,0.74880508,0.95556649,0.9026521,0.0131708
"17824",187,117,0.58386197,0.22480752,0.04736035,1.08393973,0.74880508,0.95556649,0.9026521,0.00522345
"17825",188,117,0.58339057,0.21267078,0.04646183,1.08393973,0.74880508,0.95556649,0.9026521,0.04422745
"17826",189,117,0.58278439,0.17992635,0.04736035,1.08393973,0.74880508,0.95556649,0.9026521,0.01853118
"17827",190,117,0.58396916,0.23199072,0.04646183,1.08393973,0.74880508,0.95556649,0.9026521,0.02906261
"17828",191,117,0.57638148,0.24235233,0.04797304,1.06984274,0.73906662,0.94313904,0.89091282,0.00750746
"17829",192,117,0.56128795,0.21354635,0.04638936,1.03452524,0.71466866,0.91200426,0.86150212,0.01110824
"17830",193,117,0.56257609,0.27484804,0.04473078,1.03276493,0.71345261,0.91045243,0.86003622,0.00452925
"17831",194,117,0.5767084,0.23540007,0.04590055,1.059773,0.73211027,0.93426188,0.88252723,0.02176335
"17832",195,117,0.58100995,0.25103182,0.04824768,1.07596752,0.74329773,0.94853844,0.89601323,0
"17833",196,117,0.59062546,0.24969514,0.04692009,1.08331263,0.74837186,0.95501365,0.90212988,0.00325529
"17834",197,117,0.59061378,0.24329312,0.04694725,1.08393973,0.74880508,0.95556649,0.9026521,0.02074861
"17835",198,117,0.58971573,0.23984362,0.04694725,1.08393973,0.74880508,0.95556649,0.9026521,0.00361773
"17836",182,118,0.39216605,0.17088948,0.03122633,0.72850046,0.50326123,0.64222263,0.60665962,0.03600536
"17837",183,118,0.35312816,0.08856231,0.02882104,0.65753845,0.4542394,0.57966481,0.54756593,0.00459273
"17838",184,118,0.29829273,0.12047726,0.0249804,0.56991618,0.39370835,0.50241982,0.47459837,0
"17839",185,118,0.25094806,0.10184885,0.02107256,0.48076055,0.33211804,0.42382308,0.40035392,0
"17840",186,118,0.2041045,0.07396407,0.01709736,0.39006836,0.26946624,0.34387175,0.32482989,0
"17841",187,118,0.15017639,0.04925009,0.01258313,0.2870782,0.19831879,0.25307893,0.23906472,0
"17842",188,118,0.10674498,0.02813652,0.00894415,0.2040565,0.1409659,0.17988966,0.16992829,0
"17843",189,118,0.00766456,0.02597583,0.00718886,0.16401042,0.11330135,0.14458632,0.13657987,0
"17844",190,118,0.00082756,0.01204409,0.00297644,0.07077269,0.04889105,0.06239093,0.05893604,0
"17845",191,118,3.279e-05,0.0004419,0,0.00280423,0.00193721,0.00247212,0.00233523,0
"17846",192,118,1.738e-05,0.00024119,0,0.00148602,0.00102657,0.00131002,0.00123748,0
"17847",194,118,1.636e-05,7.596e-05,0,0.00035013,0.00024187,0.00030866,0.00029157,0
"17848",195,118,0.00036678,0.00152193,0.00034404,0.00784905,0.00542227,0.00691947,0.00653631,0
"17849",196,118,0.00092274,0.0031884,0.00083145,0.01976999,0.01365747,0.01742859,0.01646348,0
"17850",197,118,0.02806569,0.00796271,0,0.05283722,0.03650091,0.0465796,0.04400026,0
"17851",198,118,0.00405256,0.01671419,0.00380252,0.08675261,0.05993027,0.07647832,0.07224334,0
"17852",199,118,0.07079984,0,0.00593185,0.1353324,0.09349006,0.1193047,0.11269821,0
"17853",166,113,0.58022613,0.33664331,0.04822166,1.10392979,0.76095699,0.97080128,0.91704326,0.0029461
"17854",167,113,0.5952176,0.31627353,0.04708012,1.10392979,0.76095699,0.97080128,0.91704326,0.02329975
"17855",168,113,0.59590884,0.30313377,0.04708012,1.10392979,0.76095699,0.97080128,0.91704326,0.0181486
"17856",165,114,0.57591687,0.49013541,0,1.09961335,0.7579816,0.96700538,0.91345756,0.01776436
"17857",166,114,0.58190383,0.35258896,0.04789254,1.09961335,0.7579816,0.96700538,0.91345756,0
"17858",167,114,0.57604999,0.3803466,0.0475886,1.09961335,0.7579816,0.96700538,0.91345756,0.00315378
"17859",168,114,0.59176578,0.39870001,0.0475886,1.09961335,0.7579816,0.96700538,0.91345756,0.02396444
"17860",169,114,0.59091672,0.40578131,0.0475886,1.09961335,0.7579816,0.96700538,0.91345756,0.0576294
"17861",170,114,0.57479891,0.42369688,0.04475311,1.09961335,0.7579816,0.96700538,0.91345756,0.01188022
"17862",171,114,0.57569571,0.40929587,0.04221373,1.09961335,0.7579816,0.96700538,0.91345756,0.01550165
"17863",173,114,0.58956522,0.48005948,0.04755431,1.09961335,0.7579816,0.96700538,0.91345756,0.01526056
"17864",174,114,0.58911377,0.39010724,0.04752118,1.09961335,0.7579816,0.96700538,0.91345756,0
"17865",175,114,0.57636452,0.370707,0.04752118,1.09961335,0.7579816,0.96700538,0.91345756,0.00409514
"17866",176,114,0.5927817,0.27828412,0.04752119,1.09961335,0.7579816,0.96700538,0.91345756,0.0026294
"17867",177,114,0.59258713,0.27528904,0.04697794,1.09961335,0.7579816,0.96700538,0.91345756,0.04371495
"17868",178,114,0.57605246,0.35552285,0,1.09961335,0.7579816,0.96700538,0.91345756,0.00345655
"17869",179,114,0.57416526,0.2629137,0.04792729,1.09961335,0.7579816,0.96700538,0.91345756,0.02627722
"17870",165,115,0.57769452,0.34186365,0.04731913,1.09591909,0.75485826,0.96320095,0.9098638,0.02605299
"17871",166,115,0.57749217,0.40024031,0.04770411,1.09528721,0.75499952,0.96320095,0.9098638,0.01471655
"17872",167,115,0.57287385,0.45594424,0.04740137,1.09528721,0.75499952,0.96320095,0.9098638,0
"17873",168,115,0.57139975,0.47936247,0.04738043,1.09528721,0.75499952,0.96320095,0.9098638,0
"17874",169,115,0.57044407,0.43758494,0.04167569,1.09528721,0.75499952,0.96320095,0.9098638,0.00068092
"17875",170,115,0.58952801,0.32906045,0.04733422,1.09528721,0.75499952,0.96320095,0.9098638,0.01086018
"17876",171,115,0.58872384,0.37244166,0.04740137,1.09528721,0.75499952,0.96320095,0.9098638,0.02110934
"17877",172,115,0.58831558,0.40604949,0.04402956,1.09528721,0.75499952,0.96320095,0.9098638,0.01438145
"17878",173,115,0.58793264,0.40344984,0.04740137,1.09528721,0.75499952,0.96320095,0.9098638,0.01889167
"17879",174,115,0.59072654,0.38043285,0.04733422,1.09528721,0.75499952,0.96320095,0.9098638,0.01928542
"17880",175,115,0.57424012,0.36133002,0.04733423,1.09528721,0.75499952,0.96320095,0.9098638,0.05192364
"17881",176,115,0.58987287,0.28055971,0.04679312,1.09528721,0.75499952,0.96320095,0.9098638,0.03470994
"17882",177,115,0.58973819,0.24903854,0.04679312,1.09528721,0.75499952,0.96320095,0.9098638,0.00677968
"17883",178,115,0.57393121,0.24526717,0.04740137,1.09528721,0.75499952,0.96320095,0.9098638,0.03024037
"17884",179,115,0.57118141,0.24364603,0,1.09528721,0.75499952,0.96320095,0.9098638,0.01045593
"17885",180,115,0.58773022,0.22943932,0.04786635,1.09528721,0.75499952,0.96320095,0.9098638,0.0164257
"17886",165,116,0.59182897,0.31201762,0.04713499,1.09095136,0.75201075,0.95938799,0.90626198,0.02326015
"17887",166,116,0.59183646,0.32984659,0.047135,1.09095136,0.75201075,0.95938799,0.90626198,0.00097796
"17888",167,116,0.58678422,0.30971005,0.047135,1.09095136,0.75201075,0.95938799,0.90626198,0.00334438
"17889",168,116,0.58739347,0.30567393,0.047135,1.09095136,0.75201075,0.95938799,0.90626198,0.01678314
"17890",169,116,0.58741096,0.35394845,0.04721373,1.09095136,0.75201075,0.95938799,0.90626198,0
"17891",170,116,0.58336994,0.34907903,0.04700451,1.09095136,0.75201075,0.95938799,0.90626198,0.00297301
"17892",171,116,0.58639662,0.33725101,0.04721373,1.09095136,0.75201075,0.95938799,0.90626198,0.06184438
"17893",172,116,0.572264,0.38237568,0.04714684,1.09095136,0.75201075,0.95938799,0.90626198,0.02224004
"17894",173,116,0.58797228,0.31841008,0.04714684,1.09095136,0.75201075,0.95938799,0.90626198,0.01453334
"17895",174,116,0.58817312,0.30042155,0.04714684,1.09095136,0.75201075,0.95938799,0.90626198,0.02611419
"17896",175,116,0.57253325,0.2292077,0.04714684,1.09095136,0.75201075,0.95938799,0.90626198,0.00556054
"17897",176,116,0.58875773,0.23686051,0.04660788,1.09095136,0.75201075,0.95938799,0.90626198,0.0877763
"17898",177,116,0.04293458,0.24878874,0.04660788,1.09095136,0.75201075,0.95938799,0.90626198,0.025246
"17899",178,116,0.51831485,0.24137847,0.04538984,1.09095136,0.75201075,0.95938799,0.90626198,0.09626234
"17900",179,116,0,0.23942516,0.04593042,1.08827462,0.7517997,0.95938799,0.90626198,0.01402897
"17901",165,117,0.58654475,0.32208455,0.04694725,1.08660581,0.74901529,0.95556649,0.9026521,0.02715169
"17902",166,117,0.58422353,0.37771484,0.04736035,1.08660581,0.74901529,0.95556649,0.9026521,0.00588024
"17903",167,117,0.56526285,0.39670036,0.04736035,1.08660581,0.74901529,0.95556649,0.9026521,0.01191385
"17904",168,117,0.58248889,0.4046233,0.04736035,1.08660581,0.74901529,0.95556649,0.9026521,0.02709745
"17905",169,117,0.58671259,0.34083647,0.04694725,1.08660581,0.74901529,0.95556649,0.9026521,0.01133482
"17906",170,117,0.58386816,0.31423987,0.04694725,1.08660581,0.74901529,0.95556649,0.9026521,0.00056708
"17907",171,117,0.58422355,0.29488721,0.04694725,1.08660581,0.74901529,0.95556649,0.9026521,0.01397467
"17908",172,117,0.5866928,0.34649112,0.04736035,1.08660581,0.74901529,0.95556649,0.9026521,0.02373014
"17909",173,117,0.58505351,0.28814084,0.04694725,1.08660581,0.74901529,0.95556649,0.9026521,0.03194989
"17910",174,117,0.58660848,0.28872061,0.04693676,1.08660581,0.74901529,0.95556649,0.9026521,0.01981225
"17911",175,117,0.56686663,0.32765105,0.04693677,1.08660581,0.74901529,0.95556649,0.9026521,0.09053638
"17912",176,117,0,0.24075684,0.04642445,1.08660581,0.74901529,0.95556649,0.9026521,0.04055634
"17913",177,117,0.04036605,0.25602054,0.04643298,1.08660581,0.74901529,0.95556649,0.9026521,0.02791555
"17914",178,117,0,0.24699054,0.04642223,1.08660581,0.74901529,0.95556649,0.9026521,0.02673353
"17915",179,117,0,0.03624646,0.04541654,1.08660581,0.74901529,0.95556649,0.9026521,0.010088
"17916",165,118,0.58069113,0.20823,0,1.08225056,0.74601314,0.95173646,0.89903416,0.0626665
"17917",166,118,0.58018071,0.21485347,0.04717052,1.08225056,0.74601314,0.95173646,0.89903416,0.11635727
"17918",167,118,0.57928644,0.40654319,0.04481124,1.08225056,0.74601314,0.95173646,0.89903416,0.0190022
"17919",168,118,0.56328843,0.48745483,0.04481124,1.08225056,0.74601314,0.95173646,0.89903416,0.00793639
"17920",169,118,0.58438632,0.31777951,0.04717052,1.08225056,0.74601314,0.95173646,0.89903416,0.00079075
"17921",170,118,0.58733851,0.30645427,0.04675908,1.08225056,0.74601314,0.95173646,0.89903416,0.03190192
"17922",171,118,0.58218984,0.36812288,0.04717052,1.08225056,0.74601314,0.95173646,0.89903416,0.01517441
"17923",172,118,0.58333573,0.35640642,0.04717052,1.08225056,0.74601314,0.95173646,0.89903416,0.0065953
"17924",173,118,0.58463959,0.3431844,0.04675908,1.08225056,0.74601314,0.95173646,0.89903416,0.01098192
"17925",174,118,0.56524915,0.37212716,0,1.08225056,0.74601314,0.95173646,0.89903416,0.13214111
"17926",175,118,0.42472623,0.27373732,0,0.81270085,0.56020808,0.71469312,0.67511706,0.38583241
"17927",176,118,0.01907883,0.14427335,0,0.33991904,0.2343118,0.29892648,0.28237346,0.11753635
"17928",164,119,0.26910513,0.10509157,0.021303,0.50209486,0.34610226,0.44154468,0.41709419,0.01774534
"17929",165,119,0.38686148,0.18931973,0.03098296,0.71726858,0.49442505,0.63076952,0.59584072,0.0317115
"17930",166,119,0.5714933,0.29051962,0.04651061,1.06550348,0.7344691,0.93700899,0.88512222,0.02660518
"17931",167,119,0.57775808,0.30731165,0.04710589,1.07788614,0.74300468,0.94789837,0.8954086,0.02428626
"17932",168,119,0.57728928,0.34153953,0.04463053,1.07788614,0.74300468,0.94789837,0.8954086,0.01666814
"17933",169,119,0.57956961,0.25463572,0.04464356,1.07788614,0.74300468,0.94789837,0.8954086,0.01098525
"17934",170,119,0.57766391,0.34891582,0,1.07788614,0.74300468,0.94789837,0.8954086,0.0684513
"17935",171,119,0.5773546,0.35672049,0.04698029,1.07788614,0.74300468,0.94789837,0.8954086,0.00584286
"17936",172,119,0.57864608,0.3149182,0.0469803,1.07788614,0.74300468,0.94789837,0.8954086,0.04500039
"17937",173,119,0.57842343,0.34591488,0.04698029,1.07788614,0.74300468,0.94789837,0.8954086,0.05623883
"17938",174,119,0.49780578,0.28872842,0.04503357,1.04778377,0.72225462,0.9214262,0.87040232,0.19165536
"17939",167,120,0.2112591,0.12548093,0.01862728,0.43863204,0.30235629,0.38573517,0.36437512,0.0033855
"17940",168,120,0.28737303,0.1617647,0.02466576,0.59490793,0.41007984,0.52316496,0.49419475,9.093e-05
"17941",169,120,0.38390005,0.18284037,0.03040717,0.71354144,0.49185587,0.62749185,0.59274455,0.01810973
"17942",170,120,0.48270629,0.2663395,0.03856858,0.89267945,0.61533865,0.7850267,0.74155593,0.00880143
"17943",171,120,0.55983617,0.29917366,0.04095644,1.04704783,0.72174732,0.92077901,0.86979097,0.008484
"17944",172,120,0.51094001,0.28205182,0.04613188,1.07351201,0.73998952,0.94405174,0.89177498,0.04333475
"17945",173,120,0.57757176,0.33338848,0.04678965,1.07351201,0.73998952,0.94405174,0.89177498,0.03737717
"17946",174,120,0.33772367,0.17598381,0.02847557,0.65444681,0.45112097,0.57552374,0.54365418,0.08852533
"17947",12,37,0.02308898,0.33356352,0.10013395,1.37162144,0.94713619,1.20420032,1.14802734,0.46192464
"17948",13,37,0.02491799,0.33993908,0.10321699,1.3978379,0.96523926,1.22721678,1.16997014,0.24472609
"17949",14,37,0.0249225,0,0.10321464,1.3978379,0.96523926,1.22721678,1.16997014,0.00651668
"17950",18,37,0.02472748,0.3439538,0.10030124,1.3978379,0.96523926,1.22721678,1.16997014,0.01543594
"17951",19,37,0.02525913,0,0.1030177,1.39904546,0.96520054,1.22721678,1.16997014,0.01315442
"17952",12,38,0.63063435,0,1.1576708,1.35754874,0.93741867,1.19184535,1.1362487,0.7548503
"17953",13,38,0.02486312,0,0.10295619,1.39436141,0.96283867,1.22416463,1.16706037,0.0771556
"17954",14,38,0.02457886,0.34309837,0.10271168,1.39436141,0.96283867,1.22416463,1.16706037,0.11460559
"17955",15,38,0.02519631,0.34309837,0.10276149,1.39436141,0.96283867,1.22416463,1.16706037,0.02115671
"17956",16,38,0.02364276,0.34138595,0.10240881,1.39436141,0.96283867,1.22416463,1.16706037,0.0118469
"17957",17,38,0.02337266,0.3396743,0.10150523,1.39436141,0.96283867,1.22416463,1.16706037,0.05155729
"17958",18,38,0.02339631,0.33909364,0.10156082,1.39436141,0.96283867,1.22416463,1.16706037,0.0067545
"17959",19,38,0.02311746,0,0.10170278,1.39436141,0.96283867,1.22416463,1.16706037,0.0074596
"17960",20,38,0.0234623,0.33909364,0.10164822,1.39436141,0.96283867,1.22416463,1.16706037,0.00019525
"17961",21,38,0.07060036,0,0.07561294,1.39436141,0.96283867,1.22416463,1.16706037,0.01931339
"17962",22,38,0.07654066,0,0.07550849,1.39436141,0.96283867,1.22416463,1.16706037,0
"17963",11,39,0.09622384,0,0.45140391,0.52940703,0.36556775,0.46478722,0.44310604,0.22609784
"17964",12,39,0.25269881,0,1.188297,1.39087309,0.9604299,1.2211021,1.1641407,0.58121621
"17965",13,39,0.02481587,0,0.10268899,1.39087309,0.9604299,1.2211021,1.1641407,0.39344751
"17966",14,39,0.02408254,0.34224003,0.10240212,1.39087309,0.9604299,1.2211021,1.1641407,0.20507909
"17967",15,39,0.02409697,0.34224003,0.10241153,1.39087309,0.9604299,1.2211021,1.1641407,0.14751696
"17968",16,39,0.0249668,0,0.10264675,1.39087309,0.9604299,1.2211021,1.1641407,0.01218711
"17969",17,39,0.0231243,0.33873829,0.1015375,1.39087309,0.9604299,1.2211021,1.1641407,0.0755809
"17970",18,39,0.023061,0.33824532,0.10144988,1.39087309,0.9604299,1.2211021,1.1641407,0.02400517
"17971",19,39,0.02332834,0.33824532,0.10132381,1.39087309,0.9604299,1.2211021,1.1641407,0.00928522
"17972",20,39,0.02395346,0.33824532,0.10090358,1.39087309,0.9604299,1.2211021,1.1641407,0.0080507
"17973",21,39,0.07131531,0,0.10705081,1.39087309,0.9604299,1.2211021,1.1641407,0.01209658
"17974",22,39,0.07033968,0,0.07524517,1.39087309,0.9604299,1.2211021,1.1641407,0.01023525
"17975",23,39,0.07280557,0,0.06766117,1.39087309,0.9604299,1.2211021,1.1641407,0.00545341
"17976",11,40,0.44345367,0,0.80635064,0.94586888,0.65314424,0.83041543,0.7916786,0.20487304
"17977",12,40,0.25219822,0,1.18283651,1.38737294,0.95801296,1.21802918,1.16121112,0.26726334
"17978",13,40,0.24185432,0,1.1607043,1.38737294,0.95801296,1.21802918,1.16121112,0.4696304
"17979",14,40,0.02360431,0.34137877,0.10191329,1.38737294,0.95801296,1.21802918,1.16121112,0.31378648
"17980",15,40,0.02402042,0.34137877,0.10214391,1.38737294,0.95801296,1.21802918,1.16121112,0.04578535
"17981",16,40,0.02409764,0.34137877,0.10182058,1.38737294,0.95801296,1.21802918,1.16121112,0.04158224
"17982",17,40,0,0.28433644,0.08163252,1.38737294,0.95801296,1.21802918,1.16121112,0.00675085
"17983",18,40,0.02507003,0,0.10224645,1.38737294,0.95801296,1.21802918,1.16121112,0.01061681
"17984",19,40,0.02285605,0,0.10109765,1.38737294,0.95801296,1.21802918,1.16121112,0.00577303
"17985",20,40,0.07024651,0,0.07525471,1.38737294,0.95801296,1.21802918,1.16121112,0.02883105
"17986",21,40,0.07042332,0,0.07527145,1.38737294,0.95801296,1.21802918,1.16121112,0.00071079
"17987",22,40,0.06616265,0,0.06749918,1.38737294,0.95801296,1.21802918,1.16121112,0.00690654
"17988",23,40,0.06797951,0,0.06747537,1.38737294,0.95801296,1.21802918,1.16121112,0.00732459
"17989",24,40,0.06616265,0,0.06750095,1.38737294,0.95801296,1.21802918,1.16121112,0
"17990",25,40,0.07374412,0,0.09137283,1.38737294,0.95801296,1.21802918,1.16121112,0.01089881
"17991",11,41,0.549349,0,0.99133002,1.17299752,0.8099818,1.02982058,0.98178198,0.30314673
"17992",12,41,0.24867928,0,1.1767144,1.38386095,0.95558785,1.21494587,1.15827164,0.25446347
"17993",13,41,0.24714806,0,1.17389637,1.38386095,0.95558785,1.21494587,1.15827164,0.40963665
"17994",14,41,0.02405731,0.34051461,0.10157169,1.38386095,0.95558785,1.21494587,1.15827164,0.0813335
"17995",15,41,0.02346471,0.33805341,0.1016376,1.38386095,0.95558785,1.21494587,1.15827164,0.01506097
"17996",16,41,0.02346471,0.33692269,0.1016376,1.38386095,0.95558785,1.21494587,1.15827164,0.01607558
"17997",17,41,0.02500657,0.34051461,0.10198763,1.38386095,0.95558785,1.21494587,1.15827164,0.00461328
"17998",18,41,0.02346472,0.33714173,0.1016376,1.38386095,0.95558785,1.21494587,1.15827164,0.03725703
"17999",19,41,0.02305081,0.33719465,0.10108519,1.38386095,0.95558785,1.21494587,1.15827164,0.00041662
"18000",20,41,0.07040901,0,0.07508091,1.38386095,0.95558785,1.21494587,1.15827164,0.02052724
"18001",21,41,0.07024624,0,0.07508091,1.38386095,0.95558785,1.21494587,1.15827164,0.00319797
"18002",22,41,0.06599517,0,0.06732803,1.38386095,0.95558785,1.21494587,1.15827164,0.01433417
"18003",23,41,0.0670749,0,0.06731455,1.38386095,0.95558785,1.21494587,1.15827164,0.00500462
"18004",24,41,0.06599517,0,0.06733162,1.38386095,0.95558785,1.21494587,1.15827164,0.01117307
"18005",25,41,0.06626392,0,0.06730786,1.38386095,0.95558785,1.21494587,1.15827164,0.00363177
"18006",26,41,0.02574143,0.08171297,0.09132344,1.38386095,0.95558785,1.21494587,1.15827164,0.00635262
"18007",11,42,0.68408964,0,1.18483366,1.38014026,0.95301863,1.21167932,1.15515747,0.15230349
"18008",12,42,0.46628931,0,1.17601148,1.38033659,0.9531542,1.21185169,1.1553218,0.07591412
"18009",13,42,0.43838816,0,1.15143513,1.38033659,0.9531542,1.21185169,1.1553218,0.0270521
"18010",14,42,0.45161445,0,1.16134496,1.38033659,0.9531542,1.21185169,1.1553218,0.00406798
"18011",15,42,0,0.28178086,0,1.38033659,0.9531542,1.21185169,1.1553218,0
"18012",16,42,0.02518618,0.28275531,0.10477793,1.38033659,0.9531542,1.21185169,1.1553218,0.00312507
"18013",17,42,0,0.28178078,0.07415117,1.38033659,0.9531542,1.21185169,1.1553218,0.01843864
"18014",18,42,0.02340496,0.33631777,0.10137875,1.38033659,0.9531542,1.21185169,1.1553218,0.00737114
"18015",19,42,0.02340496,0.3396474,0.10137875,1.38033659,0.9531542,1.21185169,1.1553218,0.07341012
"18016",20,42,0.02378382,0.33752656,0.10088119,1.38033659,0.9531542,1.21185169,1.1553218,0.0002088
"18017",21,42,0.06526488,0,0.06716014,1.38033659,0.9531542,1.21185169,1.1553218,0.00473374
"18018",22,42,0,0.28275563,0.07834962,1.38033659,0.9531542,1.21185169,1.1553218,0
"18019",23,42,0,0,0.06689307,1.38033659,0.9531542,1.21185169,1.1553218,0.05265739
"18020",24,42,0.07327351,0,0.06743573,1.38033659,0.9531542,1.21185169,1.1553218,0
"18021",11,43,0.4666029,0,1.16856178,1.3768004,0.95071238,1.20874713,1.15236205,0.09703973
"18022",12,43,0.47258572,0,1.17417002,1.3768004,0.95071238,1.20874713,1.15236205,0.0472673
"18023",13,43,0.45045749,0,1.14360435,1.3768004,0.95071238,1.20874713,1.15236205,0.02513965
"18024",14,43,0.40698703,0,1.12769832,1.3768004,0.95071238,1.20874713,1.15236205,0.00458641
"18025",21,43,0,0.28277199,0.07668863,1.3768004,0.95071238,1.20874713,1.15236205,0
"18026",22,43,0.01945107,0.28105891,0.09704581,1.3768004,0.95071238,1.20874713,1.15236205,0.00299015
"18027",23,43,0,0.28105891,0.07697079,1.3768004,0.95071238,1.20874713,1.15236205,0.01039795
"18028",24,43,0,0,0,1.3768004,0.95071238,1.20874713,1.15236205,0
"18029",14,44,0.4236878,0,1.13589085,1.37325237,0.94826238,1.20563218,1.14939241,0.02490267
"18030",10,14,0.81011754,0,0,0.96078857,0.66065969,0.83989205,0.80071315,0.0369359
"18031",11,14,0.71222593,0,0.04031612,0.85608528,0.58866337,0.74836363,0.71345431,0.09614976
"18032",12,14,0.39766252,0,0.02514976,0.52125506,0.35842663,0.45566527,0.4344096,0.21164956
"18033",13,14,0.55111061,0,0.03297207,0.70013943,0.48143152,0.61204052,0.58349034,0.14729912
"18034",14,14,0.61883943,0,0.03695247,0.78466043,0.53955005,0.6859262,0.65392943,0.19886541
"18035",15,14,0.8480272,0,0.04989797,1.05954938,0.72856983,0.92622573,0.88301958,0.24492092
"18036",16,14,1.20743777,0,0.06973459,1.48076654,1.01820816,1.29444092,1.23405844,0.13569371
"18037",17,14,0.99364583,0,0.05603903,1.18995066,0.81823667,1.04021855,0.99169492,0.03047854
"18038",10,15,0.30274555,0,0.02223127,0.48302437,0.33213835,0.42224517,0.40254847,0.03346613
"18039",11,15,0.85138398,0,0,1.47756462,1.01600645,1.2916419,1.23138999,0.00729619
"18040",12,15,1.08616356,0,0,1.47756462,1.01600645,1.2916419,1.23138999,0.03775339
"18041",13,15,1.09041494,0,0,1.47756462,1.01600645,1.2916419,1.23138999,0.02421051
"18042",14,15,1.23494045,0,0,1.47756462,1.01600645,1.2916419,1.23138999,0.01293158
"18043",15,15,0.91868899,0,0,1.47756462,1.01600645,1.2916419,1.23138999,0.01255346
"18044",16,15,0.81257662,0,0,1.47756462,1.01600645,1.2916419,1.23138999,0.00978201
"18045",17,15,0.88862852,0,0,1.47756462,1.01600645,1.2916419,1.23138999,0
"18046",18,15,1.11821353,0,0,1.47756462,1.01600645,1.2916419,1.23138999,0.02783309
"18047",11,16,0.7417311,0,0,1.3335772,0.91699749,1.16577249,1.11139208,0.0076429
"18048",16,16,0.02465241,0,0.07306116,1.47017268,1.01371153,1.28882777,1.22870713,0.0043391
"18049",17,16,0.0261321,0,0.08653346,1.47434541,1.01379286,1.28882777,1.22870713,0.00465802
"18050",18,16,1.05015918,0,0,1.47434541,1.01379286,1.28882777,1.22870713,0
"18051",8,25,1.08758514,0,0.06551746,1.44891776,0.99406714,1.26300757,1.20409138,0.213797
"18052",7,26,0.38559418,0,0.03092193,0.67874916,0.4682686,0.5953862,0.5676129,0.09472422
"18053",8,26,1.02619036,0,0.06535445,1.43651498,0.99105073,1.26008435,1.20130452,0.17809632
"18054",9,26,1.02407184,0,0.06544366,1.43651498,0.99105073,1.26008435,1.20130452,0.10567455
"18055",8,27,0.81892562,0,0.06529124,1.43316954,0.98874272,1.25714979,1.19850685,0.15330157
"18056",9,27,1.02563508,0,0.06529124,1.43316954,0.98874272,1.25714979,1.19850685,0.09286819
"18057",8,28,0.01587142,0,0.0557624,0.85296859,0.58846247,0.74820826,0.71330618,0.09871231
"18058",9,28,0.02669428,0,0.09385507,1.42981226,0.98642654,1.25420485,1.19569928,0.18217596
"18059",12,28,0.07278579,0,0.06463843,1.42981226,0.98642654,1.25420485,1.19569928,0.10896902
"18060",14,28,0.07296985,0,0.06426549,1.42981226,0.98642654,1.25420485,1.19569928,0.1099884
"18061",15,28,0.02555498,0,0.06439942,1.42981226,0.98642654,1.25420485,1.19569928,0.03196472
"18062",9,29,0.0168378,0,0.0596261,0.90635557,0.62529411,0.79503833,0.75795175,0.07676612
"18063",10,29,0.02591516,0,0.09576906,1.4264426,0.98410181,1.25124905,1.19288136,0.22700438
"18064",11,29,0.02545627,0,0.09807663,1.4264426,0.98410181,1.25124905,1.19288136,0.17935237
"18065",12,29,0.02598706,0,0.09792479,1.4264426,0.98410181,1.25124905,1.19288136,0.10394875
"18066",13,29,0.02621084,0,0.09583963,1.4264426,0.98410181,1.25124905,1.19288136,0.11324233
"18067",14,29,0.02655168,0,0.0925306,1.4264426,0.98410181,1.25124905,1.19288136,0.00116747
"18068",15,29,0.02673977,0,0.09227799,1.4264426,0.98410181,1.25124905,1.19288136,0.01699269
"18069",16,29,0.02670634,0,0.09224554,1.4264426,0.98410181,1.25124905,1.19288136,0.0069379
"18070",10,30,0.02651055,0,0.09275898,1.42246781,0.9813596,1.24776243,1.18955739,0.20072919
"18071",11,30,0.02634616,0,0.09341442,1.42306056,0.98176854,1.24828238,1.19005308,0.23676372
"18072",12,30,0.02657418,0,0.09233493,1.42306056,0.98176854,1.24828238,1.19005308,0.04564112
"18073",13,30,0.02500609,0,0.09623515,1.42306056,0.98176854,1.24828238,1.19005308,0.01604444
"18074",14,30,0.02713541,0,0.09292919,1.42306056,0.98176854,1.24828238,1.19005308,0.01623837
"18075",15,30,0.02672312,0,0.09319932,1.42306056,0.98176854,1.24828238,1.19005308,0.01882489
"18076",16,30,0.02672312,0,0.0931994,1.42306056,0.98176854,1.24828238,1.19005308,0.01052151
"18077",17,30,0.02670241,0,0.09223283,1.42306056,0.98176854,1.24828238,1.19005308,0.00205565
"18078",18,30,0.07148618,0,0,1.42306056,0.98176854,1.24828238,1.19005308,0.04247376
"18079",19,30,0.07098234,0,0,1.42306056,0.98176854,1.24828238,1.19005308,0.02579296
"18080",20,30,0.07125387,0,0,1.42306056,0.98176854,1.24828238,1.19005308,0.00018781
"18081",21,30,0.07163409,0,0,1.42306056,0.98176854,1.24828238,1.19005308,0.00411381
"18082",10,31,0.02049722,0,0.07276503,1.10013724,0.75898395,0.96502002,0.92000421,0.08501998
"18083",11,31,0.02641733,0,0.092144,1.41966613,0.97942673,1.24530485,1.18721445,0.03961293
"18084",12,31,0.0257141,0,0.09607122,1.41966613,0.97942673,1.24530485,1.18721445,0.06242536
"18085",13,31,0.02626685,0,0.0946711,1.41966613,0.97942673,1.24530485,1.18721445,0.03352306
"18086",14,31,0.02665938,0,0.09297709,1.41966613,0.97942673,1.24530485,1.18721445,0.01719304
"18087",15,31,0.02665938,0,0.09297709,1.41966613,0.97942673,1.24530485,1.18721445,0.00838395
"18088",16,31,0.02352297,0.34494948,0.10346535,1.41966613,0.97942673,1.24530485,1.18721445,0.00296311
"18089",17,31,0.02662543,0,0.09249324,1.41966613,0.97942673,1.24530485,1.18721445,0
"18090",18,31,0.0705745,0,0,1.41966613,0.97942673,1.24530485,1.18721445,0.00816719
"18091",19,31,0.0716638,0,0,1.41966613,0.97942673,1.24530485,1.18721445,0.03756066
"18092",20,31,0.07076167,0,0,1.41966613,0.97942673,1.24530485,1.18721445,0.01805628
"18093",21,31,0.07150009,0,0,1.41966613,0.97942673,1.24530485,1.18721445,0.00442684
"18094",22,31,1.17277907,0,0,1.41966613,0.97942673,1.24530485,1.18721445,0.00479468
"18095",10,32,0.00923303,0,0.03208335,0.49588188,0.34210858,0.43497841,0.41468774,0.08397344
"18096",11,32,0.02642386,0,0.09583582,1.41625986,0.97707674,1.24231693,1.18436591,0.06012621
"18097",12,32,0.02599971,0,0.09641047,1.41625986,0.97707674,1.24231693,1.18436591,0.07688662
"18098",13,32,0.02592818,0,0.09431347,1.41625986,0.97707674,1.24231693,1.18436591,0.03390066
"18099",14,32,0.02483406,0.34818594,0.10566629,1.41625986,0.97707674,1.24231693,1.18436591,0.03782404
"18100",15,32,0.02366206,0,0.10330914,1.41625986,0.97707674,1.24231693,1.18436591,0.00441355
"18101",16,32,0.02365074,0,0.10330461,1.41625986,0.97707674,1.24231693,1.18436591,0.00553807
"18102",17,32,0.02346031,0,0.10321242,1.41625986,0.97707674,1.24231693,1.18436591,0.01734482
"18103",18,32,0.02368361,0.34412183,0.10311534,1.41625986,0.97707674,1.24231693,1.18436591,0.01220942
"18104",19,32,0.02619421,0,0.09116337,1.41625986,0.97707674,1.24231693,1.18436591,0.0122607
"18105",20,32,0.06216078,0,0.07677238,1.41625986,0.97707674,1.24231693,1.18436591,0.01192092
"18106",21,32,0.0622937,0,0.07677238,1.41625986,0.97707674,1.24231693,1.18436591,0.01371631
"18107",10,33,0.00816787,0,0.02910754,0.43783369,0.30206117,0.3840596,0.36614417,0.03746849
"18108",11,33,0.02638653,0,0.09230227,1.41284121,0.97471821,1.23931815,1.18150701,0.10907537
"18109",12,33,0.02614955,0,0.09479087,1.41284121,0.97471821,1.23931815,1.18150701,0.11387939
"18110",13,33,0.02636128,0,0.09353276,1.41284121,0.97471821,1.23931815,1.18150701,0.20688169
"18111",14,33,0.02669268,0,0.09238668,1.41284121,0.97471821,1.23931815,1.18150701,0.01392859
"18112",15,33,0.02635155,0,0.09110007,1.41284121,0.97471821,1.23931815,1.18150701,0.01885938
"18113",16,33,0.02440953,0.34521029,0.10283541,1.41284121,0.97471821,1.23931815,1.18150701,0.01492088
"18114",17,33,0.02367528,0,0.10311219,1.41284121,0.97471821,1.23931815,1.18150701,0.00506786
"18115",18,33,0.0234116,0,0.10296832,1.41284121,0.97471821,1.23931815,1.18150701,0.05603193
"18116",19,33,0.02610787,0,0.09068393,1.41284121,0.97471821,1.23931815,1.18150701,0.04781937
"18117",20,33,0.02613487,0,0.09127178,1.41284121,0.97471821,1.23931815,1.18150701,0.00775936
"18118",21,33,0.02274603,0,0.10154087,1.41284121,0.97471821,1.23931815,1.18150701,0.00709169
"18119",11,34,0.02457997,0,0.08435241,1.30537704,0.90057876,1.14505258,1.0916387,0.10179741
"18120",12,34,0.02623245,0,0.09131985,1.40941071,0.97235152,1.23630898,1.17863822,0.13141916
"18121",13,34,0.02622858,0,0.09249483,1.40941071,0.97235152,1.23630898,1.17863822,0.13187181
"18122",14,34,0.02700045,0,0.09311331,1.40941071,0.97235152,1.23630898,1.17863822,0.01674959
"18123",15,34,0.02577266,0,0.09006553,1.40941071,0.97235152,1.23630898,1.17863822,0.05136034
"18124",16,34,0.02577266,0,0.09006553,1.40941071,0.97235152,1.23630898,1.17863822,0.05300498
"18125",17,34,0.02493514,0.34515393,0.10088318,1.40941071,0.97235152,1.23630898,1.17863822,0.02379606
"18126",18,34,0,0.29139025,0.07930735,1.40941071,0.97235152,1.23630898,1.17863822,0.01095719
"18127",19,34,0.02493514,0.34650208,0.10088318,1.40941071,0.97235152,1.23630898,1.17863822,0.01249714
"18128",20,34,0.02491788,0.34650208,0.10099664,1.40941071,0.97235152,1.23630898,1.17863822,0
"18129",21,34,0.02493514,0.34650208,0.10088318,1.40941071,0.97235152,1.23630898,1.17863822,0.0154751
"18130",22,34,0.02256949,0.34650208,0.09801608,1.40941071,0.97235152,1.23630898,1.17863822,0.01697182
"18131",11,35,0.01694073,0,0.05801038,0.89529636,0.61766437,0.7853374,0.74870334,0.15173624
"18132",12,35,0.02626085,0,0.09640127,1.40596729,0.9699759,1.23328848,1.17575861,0.28252873
"18133",13,35,0.02638151,0,0.09396523,1.40596729,0.9699759,1.23328848,1.17575861,0.12225285
"18134",14,35,0.02435988,0.34565552,0.10344323,1.40596729,0.9699759,1.23328848,1.17575861,0.00615187
"18135",15,35,0.02448383,0.34565552,0.10188081,1.40596729,0.9699759,1.23328848,1.17575861,0.05011754
"18136",16,35,0.02487422,0.34565552,0.10063671,1.40596729,0.9699759,1.23328848,1.17575861,0.14637336
"18137",17,35,0.02487422,0.34565552,0.10063671,1.40596729,0.9699759,1.23328848,1.17575861,0.0510871
"18138",18,35,0.02487422,0.34565552,0.10063671,1.40596729,0.9699759,1.23328848,1.17575861,0.02552331
"18139",19,35,0.02087759,0.34380499,0.09685952,1.40596729,0.9699759,1.23328848,1.17575861,0.01248102
"18140",20,35,0.02234263,0.34565552,0.09849674,1.40596729,0.9699759,1.23328848,1.17575861,0.0626138
"18141",21,35,0.02274537,0.34565552,0.09887128,1.40596729,0.9699759,1.23328848,1.17575861,0.00494819
"18142",22,35,0.02058806,0.34565552,0.09668548,1.40596729,0.9699759,1.23328848,1.17575861,0.023578
"18143",12,36,0.02699181,0,0.10373365,1.40251257,0.96759249,1.23025806,1.17286955,0.19702894
"18144",13,36,0.02499687,0.34212307,0.10346043,1.40251257,0.96759249,1.23025806,1.17286955,0.07551925
"18145",14,36,0.02482567,0.34300926,0.10330379,1.40251257,0.96759249,1.23025806,1.17286955,0.02373443
"18146",15,36,0.02458564,0.34279385,0.10328659,1.40251257,0.96759249,1.23025806,1.17286955,0.04166272
"18147",16,36,0.0240842,0.34480618,0.10307799,1.40251257,0.96759249,1.23025806,1.17286955,0.08213363
"18148",17,36,0.0248131,0.34480618,0.10038942,1.40251257,0.96759249,1.23025806,1.17286955,0.04495881
"18149",18,36,0.0248131,0.34480618,0.10038942,1.40251257,0.96759249,1.23025806,1.17286955,0.01732559
"18150",19,36,0.02027147,0.34480618,0.09814423,1.40251257,0.96759249,1.23025806,1.17286955,0.02060181
"18151",20,36,0.0208201,0.34480618,0.09795092,1.40251257,0.96759249,1.23025806,1.17286955,0.00979678
"18152",21,36,0.02114573,0.34480618,0.09872852,1.40251257,0.96759249,1.23025806,1.17286955,0.00952424
"18153",22,36,0,0,0.06812984,1.40251257,0.96759249,1.23025806,1.17286955,0.0144426
"18154",15,37,0,0,0.07927827,1.39904546,0.96520054,1.22721678,1.16997014,0.00457095
"18155",16,37,0.02501923,0.3439538,0.10322058,1.39904546,0.96520054,1.22721678,1.16997014,0.04088936
"18156",17,37,0.02525914,0,0.10301762,1.39904546,0.96520054,1.22721678,1.16997014,0.02575218
"18157",20,37,0.02083723,0.34089785,0.09920984,1.39904546,0.96520054,1.22721678,1.16997014,0.01028013
"18158",21,37,0,0,0.07583922,1.39904546,0.96520054,1.22721678,1.16997014,0.00327921
"18159",22,37,0.03955631,0,0.07583922,1.39904546,0.96520054,1.22721678,1.16997014,0.01069536
"18160",9,22,0.31660721,0,0.02543686,0.56186687,0.38548316,0.4897739,0.46692716,0.10854777
"18161",8,23,0.23809163,0,0,0.42501181,0.29159024,0.37047867,0.35319676,0.2283377
"18162",9,23,0.83098033,0,0,1.45558794,0.99864338,1.26882189,1.20963448,0.56488139
"18163",10,23,1.08009649,0,0.0654009,1.45558794,0.99864338,1.26882189,1.20963448,0.32814533
"18164",11,23,0.85490911,0,0,1.45558794,0.99864338,1.26882189,1.20963448,0.05052179
"18165",7,24,0.05905543,0,0,1.19004,0.81645742,1.03734633,0.98895668,0.51931142
"18166",8,24,1.11173035,0,0.06552311,1.44731956,0.99297066,1.26161443,1.20276323,0.86771759
"18167",9,24,0,0,0,1.45225935,0.99635972,1.2659204,1.20686833,0.72532542
"18168",10,24,0.82402247,0,0,1.44404212,0.99569402,1.2659204,1.20686833,0.12094466
"18169",11,24,0.82339705,0,0.06446453,1.44404212,0.99569402,1.2659204,1.20686833,0.00726298
"18170",12,24,0.82517236,0,0.06447445,1.45225935,0.99635972,1.2659204,1.20686833,0.01584503
"18171",7,25,0.52294988,0,0.04193705,0.92766354,0.63644733,0.80863532,0.77091447,0.21366129
"18172",9,25,1.08475263,0,0.06559547,1.44891776,0.99406714,1.26300757,1.20409138,0.31265703
"18173",10,25,1.01786993,0,0.0724352,1.44891776,0.99406714,1.26300757,1.20409138,0.06126415
"18174",12,16,0.56583417,0,0,1.47017268,1.01371153,1.28882777,1.22870713,0.00090447
"18175",13,16,0.77473961,0,0,1.47434541,1.01379286,1.28882777,1.22870713,0
"18176",14,16,0.81538465,0,0,1.47017268,1.01371153,1.28882777,1.22870713,0
"18177",15,16,0,0,0,1.47017268,1.01371153,1.28882777,1.22870713,0
"18178",11,17,0.74242459,0,0,1.23888973,0.85423761,1.08607343,1.03541078,0.01832679
"18179",12,17,0.54386717,0,0,1.4669502,1.01148956,1.28600278,1.22601391,0.00708686
"18180",13,17,0.5960634,0,0,1.4669502,1.01148956,1.28600278,1.22601391,0
"18181",14,17,0.5960634,0,0,1.4669502,1.01148956,1.28600278,1.22601391,0.00491812
"18182",15,17,0.02881393,0,0,1.4669502,1.01148956,1.28600278,1.22601391,0.01955164
"18183",16,17,0.02844859,0,0,1.4669502,1.01148956,1.28600278,1.22601391,0.0121178
"18184",17,17,0.68685539,0,0,1.4669502,1.01148956,1.28600278,1.22601391,0.00615383
"18185",18,17,0.68685539,0,0,1.4669502,1.01148956,1.28600278,1.22601391,0.01865947
"18186",11,18,0.67215475,0,0,1.21472272,0.83757401,1.06488741,1.01521303,0.01538976
"18187",12,18,0.89967297,0,0,1.46371532,1.00925906,1.28316692,1.22331035,0.00376213
"18188",13,18,0.89916004,0,0,1.46371532,1.00925906,1.28316692,1.22331035,0.00622081
"18189",14,18,0.93431156,0,0,1.46371532,1.00925906,1.28316692,1.22331035,0.03071767
"18190",15,18,0.02875039,0,0,1.46371532,1.00925906,1.28316692,1.22331035,0.01754215
"18191",16,18,0.64508012,0,0,1.46371532,1.00925906,1.28316692,1.22331035,0.00213032
"18192",17,18,0.64430115,0,0,1.46371532,1.00925906,1.28316692,1.22331035,0
"18193",18,18,0,0,0,1.46371532,1.00925906,1.28316692,1.22331035,0.00615791
"18194",19,18,0.07919468,0,0,1.47372459,1.01014976,1.28134514,1.22655994,0.00894917
"18195",11,19,0.81354128,0,0,1.30255506,0.89813605,1.14188568,1.08861953,0.05703297
"18196",12,19,0.90030363,0,0,1.46046752,1.00701964,1.28031973,1.22059597,0.00144645
"18197",13,19,1.12287146,0,0,1.46046752,1.00701964,1.28031973,1.22059597,0.00808405
"18198",14,19,1.16075904,0,0,1.46046752,1.00701964,1.28031973,1.22059597,0.02176441
"18199",15,19,1.29902021,0,0,1.46046752,1.00701964,1.28031973,1.22059597,0.01791967
"18200",16,19,0.91233088,0,0,1.46046752,1.00701964,1.28031973,1.22059597,0.01097306
"18201",17,19,0.9048352,0,0,1.46046752,1.00701964,1.28031973,1.22059597,0.01181096
"18202",18,19,0.92829107,0,0,1.46046752,1.00701964,1.28031973,1.22059597,0.01041518
"18203",19,19,0.92295049,0,0.05860054,1.46046752,1.00701964,1.28031973,1.22059597,0.0130308
"18204",11,20,1.02467789,0,0,1.30784614,0.90178434,1.14652411,1.09304158,0.02557875
"18205",12,20,0.75430925,0,0,1.45720733,1.00477167,1.27746168,1.21787124,0.00492038
"18206",13,20,1.12344213,0,0,1.45720733,1.00477167,1.27746168,1.21787124,0.0167433
"18207",14,20,1.30718635,0,0,1.45720733,1.00477167,1.27746168,1.21787124,0.00357905
"18208",15,20,1.2920828,0,0.06058249,1.45720733,1.00477167,1.27746168,1.21787124,0.01375354
"18209",16,20,1.28811262,0,0.0605825,1.45720733,1.00477167,1.27746168,1.21787124,0.07719715
"18210",17,20,0.9086232,0,0,1.45720733,1.00477167,1.27746168,1.21787124,0.01136454
"18211",18,20,0.90380467,0,0.05846972,1.45720733,1.00477167,1.27746168,1.21787124,0.01167637
"18212",19,20,0.89595057,0,0,1.45720733,1.00477167,1.27746168,1.21787124,0.01860518
"18213",20,20,0.91888478,0,0,1.45720733,1.00477167,1.27746168,1.21787124,0.00994963
"18214",21,20,0,0,0,1.45720733,1.00477167,1.27746168,1.21787124,0.00240881
"18215",11,21,0.0321319,0,0,1.02809773,0.70889259,0.9012825,0.85923989,0.01087659
"18216",12,21,0.51948533,0,0,1.45393475,1.00251517,1.27459277,1.21513616,0.01883007
"18217",13,21,1.30312695,0,0,1.45393475,1.00251517,1.27459277,1.21513616,0
"18218",14,21,1.28791188,0,0,1.45393475,1.00251517,1.27459277,1.21513616,0.00520658
"18219",15,21,1.2367291,0,0.06044644,1.45393475,1.00251517,1.27459277,1.21513616,0.00363737
"18220",16,21,1.2597144,0,0,1.45393475,1.00251517,1.27459277,1.21513616,0.0121915
"18221",17,21,0.63603268,0,0,1.45393475,1.00251517,1.27459277,1.21513616,0.01735483
"18222",18,21,0.64088875,0,0,1.45393475,1.00251517,1.27459277,1.21513616,0.00995442
"18223",19,21,0.64063502,0,0.05833841,1.45393475,1.00251517,1.27459277,1.21513616,0.00607074
"18224",20,21,0.64039158,0,0.06044644,1.45393475,1.00251517,1.27459277,1.21513616,0.01047764
"18225",11,22,0,0,0,1.34481635,0.927276,1.17893407,1.1239397,0.04348811
"18226",12,22,0.51977959,0,0,1.45064977,1.00025012,1.271713,1.21239072,0.01154647
"18227",13,22,0.75603,0,0,1.45064977,1.00025012,1.271713,1.21239072,0.00065381
"18228",14,22,0.54853048,0,0,1.45064977,1.00025012,1.271713,1.21239072,0.00310932
"18229",15,22,0.99120666,0,0,1.45064977,1.00025012,1.271713,1.21239072,0.00732931
"18230",16,22,1.24569708,0,0,1.45064977,1.00025012,1.271713,1.21239072,0.00191609
"18231",17,22,0.89079106,0,0,1.45064977,1.00025012,1.271713,1.21239072,0.00654132
"18232",18,22,0.91666219,0,0.0582066,1.45064977,1.00025012,1.271713,1.21239072,0.01404681
"18233",19,22,0.63514847,0,0.0582066,1.45064977,1.00025012,1.271713,1.21239072,0.00993286
"18234",12,23,0.83040677,0,0,1.44735187,0.99797615,1.26882189,1.20963448,0.01371268
"18235",13,23,0.04606443,0,0,1.44735187,0.99797615,1.26882189,1.20963448,0.01100131
"18236",14,23,0.55361855,0,0,1.44735187,0.99797615,1.26882189,1.20963448,0.01806537
"18237",15,23,0.55164353,0,0.06433751,1.44735187,0.99797615,1.26882189,1.20963448,0
"18238",16,23,0.54809387,0,0,1.44735187,0.99797615,1.26882189,1.20963448,0.06679799
"18239",17,23,0.88935799,0,0.05807428,1.44735187,0.99797615,1.26882189,1.20963448,0.00205288
"18240",18,23,0.90923549,0,0.05807428,1.44735187,0.99797615,1.26882189,1.20963448,0.01249105
"18241",19,23,0.05053165,0,0,1.44735187,0.99797615,1.26882189,1.20963448,0.00306545
"18242",13,24,0.5426314,0,0.06515289,1.44404212,0.99569402,1.2659204,1.20686833,0.01297281
"18243",14,24,0.54611179,0,0.06575521,1.44404212,0.99569402,1.2659204,1.20686833,0.00277232
"18244",15,24,0.54601467,0,0,1.44404212,0.99569402,1.2659204,1.20686833,0.00233524
"18245",16,24,0.79731924,0,0,1.44404212,0.99569402,1.2659204,1.20686833,0.01094747
"18246",17,24,0.80028824,0,0,1.44404212,0.99569402,1.2659204,1.20686833,0.00407428
"18247",18,24,0.02575497,0,0.08140859,1.44404212,0.99569402,1.2659204,1.20686833,0.00696936
"18248",19,24,0.02576563,0,0.08140761,1.44404212,0.99569402,1.2659204,1.20686833,0.07230529
"18249",20,24,0.02759582,0,0.08860088,1.44404212,0.99569402,1.2659204,1.20686833,0.00894257
"18250",11,25,0.79677025,0,0,1.44071944,0.99340297,1.26300757,1.20409138,0.03252783
"18251",12,25,0.79358173,0,0.06431619,1.44071944,0.99340297,1.26300757,1.20409138,0.01599139
"18252",13,25,0.79199823,0,0.0643162,1.44071944,0.99340297,1.26300757,1.20409138,0.00584443
"18253",14,25,0.79003286,0,0.0643162,1.44071944,0.99340297,1.26300757,1.20409138,0.0080353
"18254",15,25,0.54302052,0,0,1.44071944,0.99340297,1.26300757,1.20409138,0.01479629
"18255",16,25,0.79785514,0,0.06560391,1.44071944,0.99340297,1.26300757,1.20409138,0.00151013
"18256",17,25,0.80566257,0,0.06560391,1.44071944,0.99340297,1.26300757,1.20409138,0.01805537
"18257",18,25,0.53208648,0,0.06560391,1.44071944,0.99340297,1.26300757,1.20409138,0.03010331
"18258",19,25,0.55002869,0,0,1.44071944,0.99340297,1.26300757,1.20409138,0.00556414
"18259",20,25,0.02415114,0,0.06494801,1.44071944,0.99340297,1.26300757,1.20409138,0.02313559
"18260",21,25,0.02533255,0,0.08971297,1.44071944,0.99340297,1.26300757,1.20409138,0.04298329
"18261",10,26,1.09608863,0,0.06416332,1.43738491,0.99110375,1.26008435,1.20130452,0.12671182
"18262",11,26,0.80395329,0,0.06416734,1.43738491,0.99110375,1.26008435,1.20130452,0.045143
"18263",12,26,0.5374444,0,0.06416734,1.43738491,0.99110375,1.26008435,1.20130452,0.01649683
"18264",13,26,0.53809563,0,0.06416734,1.43738491,0.99110375,1.26008435,1.20130452,0.00312198
"18265",14,26,0.53810693,0,0.06416734,1.43738491,0.99110375,1.26008435,1.20130452,0.0038072
"18266",15,26,0.51531927,0,0,1.43738491,0.99110375,1.26008435,1.20130452,0.00160153
"18267",16,26,0.80351745,0,0,1.43738491,0.99110375,1.26008435,1.20130452,0.01104358
"18268",17,26,0.80084918,0,0.06545207,1.43738491,0.99110375,1.26008435,1.20130452,0.00156236
"18269",18,26,0.8164244,0,0,1.43738491,0.99110375,1.26008435,1.20130452,0.01222005
"18270",19,26,0.54452564,0,0,1.43738491,0.99110375,1.26008435,1.20130452,0.00495623
"18271",20,26,0.02405407,0,0.0643749,1.43738491,0.99110375,1.26008435,1.20130452,0.0084582
"18272",21,26,0.0253406,0,0.08863126,1.43738491,0.99110375,1.26008435,1.20130452,0.01204431
"18273",10,27,1.09168535,0,0.06468107,1.43403745,0.98879561,1.25714979,1.19850685,0.08758551
"18274",11,27,0.07378823,0,0.06525726,1.43403745,0.98879561,1.25714979,1.19850685,0.12743033
"18275",12,27,0.07381751,0,0.08165435,1.43403745,0.98879561,1.25714979,1.19850685,0.06558381
"18276",13,27,0.07383216,0,0.06401791,1.43403745,0.98879561,1.25714979,1.19850685,0.00542858
"18277",14,27,0.84683171,0,0.06401791,1.43403745,0.98879561,1.25714979,1.19850685,0
"18278",15,27,0.82222484,0,0,1.43403745,0.98879561,1.25714979,1.19850685,0.01674637
"18279",16,27,0.51361926,0,0,1.43403745,0.98879561,1.25714979,1.19850685,0.00396914
"18280",17,27,0.54947386,0,0.06529964,1.43403745,0.98879561,1.25714979,1.19850685,0.01416044
"18281",18,27,1.09127816,0,0,1.43403745,0.98879561,1.25714979,1.19850685,0.00835394
"18282",19,27,0.78086052,0,0,1.43403745,0.98879561,1.25714979,1.19850685,0.02059019
"18283",20,27,0.0269675,0,0,1.43403745,0.98879561,1.25714979,1.19850685,0.00600452
"18284",10,28,0.02565674,0,0.09902049,1.43067813,0.9864793,1.25420485,1.19569928,0.13085869
"18285",11,28,0.02677294,0,0.09815432,1.42981226,0.98642654,1.25420485,1.19569928,0.10883498
"18286",13,28,0.07326745,0,0.06422782,1.43067813,0.9864793,1.25420485,1.19569928,0.12102699
"18287",16,28,0.07324743,0,0.06464583,1.43067813,0.9864793,1.25420485,1.19569928,0.00269663
"18288",17,28,0.07343696,0,0,1.43067813,0.9864793,1.25420485,1.19569928,0.00809933
"18289",18,28,0,0,0,1.43067813,0.9864793,1.25420485,1.19569928,0.01297425
"18290",19,28,0,0,0,1.43067813,0.9864793,1.25420485,1.19569928,0.01289053
"18291",17,29,0,0,0,1.42730643,0.98415445,1.25124905,1.19288136,0.00927227
"18292",18,29,0,0,0,1.42730643,0.98415445,1.25124905,1.19288136,0.01794409
"18293",222,68,0.020431,0.30322759,0.08526273,1.28170582,0.88665823,1.12757464,1.06877173,0.00658537
"18294",223,68,0.02048697,0.30296916,0.08196069,1.27706102,0.88662264,1.12757464,1.06877173,0.00744671
"18295",224,68,0.23143099,0,0.9014343,1.28018441,0.88652775,1.12757464,1.06877173,0.04104018
"18296",229,68,0.3213744,0,0.96275628,1.27706102,0.88662264,1.12757464,1.06877173,0.07182827
"18297",222,69,0.02078828,0.34113646,0.08464485,1.27324721,0.88397484,1.12420725,1.06557995,0.01778021
"18298",223,69,0.26910531,0,0.95913663,1.27324721,0.88397484,1.12420725,1.06557995,0.11871458
"18299",224,69,0.28054664,0,0.97594703,1.27324721,0.88397484,1.12420725,1.06557995,0.15048888
"18300",225,69,0.24167832,0,0.90797388,1.27324721,0.88397484,1.12420725,1.06557995,0.11017984
"18301",226,69,0.2694291,0,0.91124449,1.27324721,0.88397484,1.12420725,1.06557995,0.10689127
"18302",227,69,0.28610042,0,0.9436221,1.27324721,0.88397484,1.12420725,1.06557995,0.10573472
"18303",228,69,0.27652311,0,0.92522076,1.27324721,0.88397484,1.12420725,1.06557995,0.12968662
"18304",229,69,0.29359776,0,0.90811829,1.27324721,0.88397484,1.12420725,1.06557995,0.07428052
"18305",230,69,0.29019001,0,0.98549481,1.27324721,0.88397484,1.12420725,1.06557995,0.0850123
"18306",231,69,0.29578266,0,0.92035445,1.27324721,0.88397484,1.12420725,1.06557995,0.08020925
"18307",232,69,0.4335348,0,0.80340528,1.07557804,0.74673945,0.94967625,0.90015072,0.04795682
"18308",233,69,0.02546722,0,0.04496475,0.06212315,0.04313011,0.05485132,0.05199083,0.00158574
"18309",220,70,0.02088115,0.33389219,0.08425738,1.2694227,0.8813196,1.12083042,1.06237922,0.01687895
"18310",221,70,0.0207658,0.31092137,0.08170162,1.2694227,0.8813196,1.12083042,1.06237922,0.03563364
"18311",222,70,0.25039358,0,0.92964547,1.2694227,0.8813196,1.12083042,1.06237922,0.15124584
"18312",223,70,0.24152091,0,0.93776998,1.2694227,0.8813196,1.12083042,1.06237922,0.11403817
"18313",224,70,0.19804278,0,0.81019894,1.2694227,0.8813196,1.12083042,1.06237922,0.12261899
"18314",225,70,0.26408049,0,0.9058973,1.2694227,0.8813196,1.12083042,1.06237922,0.1084706
"18315",226,70,0.27386074,0,0.92483778,1.2694227,0.8813196,1.12083042,1.06237922,0.09347938
"18316",227,70,0.25875178,0,0.80533019,1.2694227,0.8813196,1.12083042,1.06237922,0.14297645
"18317",228,70,0.25160468,0,0.80263221,1.2694227,0.8813196,1.12083042,1.06237922,0.10638551
"18318",229,70,0.26740759,0,0.80268837,1.2694227,0.8813196,1.12083042,1.06237922,0.08255319
"18319",230,70,0.29243237,0,0.91533998,1.2694227,0.8813196,1.12083042,1.06237922,0.0814309
"18320",231,70,0.294079,0,0.91035191,1.2694227,0.8813196,1.12083042,1.06237922,0.0901653
"18321",232,70,0.29823108,0,0.94267148,1.2694227,0.8813196,1.12083042,1.06237922,0.03533019
"18322",233,70,0.18456782,0,0.33642888,0.46365332,0.32189968,0.40938038,0.38803123,0.01710268
"18323",220,71,0.02059313,0.29487362,0.08035018,1.26558696,0.87865657,1.11744367,1.05916909,0.07487535
"18324",221,71,0.01848125,0.27072375,0.07828528,1.26558696,0.87865657,1.11744367,1.05916909,0.01623777
"18325",222,71,0.01982606,0.2780344,0.07820855,1.26558696,0.87865657,1.11744367,1.05916909,0.03147521
"18326",223,71,0.18754899,0,0.80788797,1.26558696,0.87865657,1.11744367,1.05916909,0.15568841
"18327",224,71,0.24528058,0,0.90623772,1.26558696,0.87865657,1.11744367,1.05916909,0.12732032
"18328",225,71,0.28113353,0,0.93003276,1.26558696,0.87865657,1.11744367,1.05916909,0.2544084
"18329",226,71,0.24359518,0,0.90538741,1.26558696,0.87865657,1.11744367,1.05916909,0.12323329
"18330",227,71,0.24377117,0,0.8943863,1.26558696,0.87865657,1.11744367,1.05916909,0.12060076
"18331",228,71,0.23265472,0,0.89256327,1.26558696,0.87865657,1.11744367,1.05916909,0.12864449
"18332",229,71,0.26929593,0,0.91704705,1.26558696,0.87865657,1.11744367,1.05916909,0.10193343
"18333",230,71,0.29196356,0,0.93025109,1.26558696,0.87865657,1.11744367,1.05916909,0.15447622
"18334",231,71,0.25758076,0,0.79989572,1.26558696,0.87865657,1.11744367,1.05916909,0.08754322
"18335",232,71,0.273231,0,0.80688443,1.26558696,0.87865657,1.11744367,1.05916909,0.0693648
"18336",233,71,0.12586392,0,0.3994053,0.51304414,0.35619015,0.45298976,0.42936638,0.01880004
"18337",219,72,0.01842761,0.27800748,0.07797375,1.26173999,0.87598574,1.11404701,1.05594956,0.04583068
"18338",220,72,0.01829553,0.24903638,0.07808021,1.26173999,0.87598574,1.11404701,1.05594956,0.01271004
"18339",221,72,0.01831953,0.2534171,0.07807308,1.26173999,0.87598574,1.11404701,1.05594956,0
"18340",222,72,0.22258799,0,0.80477147,1.26173999,0.87598574,1.11404701,1.05594956,0.05683539
"18341",223,72,0.27126756,0,0.92210625,1.26173999,0.87598574,1.11404701,1.05594956,0.17236832
"18342",224,72,0.26263065,0,0.89584328,1.26173999,0.87598574,1.11404701,1.05594956,0.16161901
"18343",225,72,0.27796242,0,0.91838359,1.26173999,0.87598574,1.11404701,1.05594956,0.13830794
"18344",226,72,0.23981094,0,0.8895153,1.26173999,0.87598574,1.11404701,1.05594956,0.0956893
"18345",227,72,0.25176609,0,0.89446243,1.26173999,0.87598574,1.11404701,1.05594956,0.09744275
"18346",228,72,0.25571066,0,0.90049063,1.26173999,0.87598574,1.11404701,1.05594956,0.10085984
"18347",229,72,0.29270111,0,0.92794558,1.26173999,0.87598574,1.11404701,1.05594956,0.11647537
"18348",230,72,0.29359638,0,0.90665144,1.26173999,0.87598574,1.11404701,1.05594956,0.08907828
"18349",231,72,0.276526,0,0.9140159,1.26173999,0.87598574,1.11404701,1.05594956,0.07382074
"18350",232,72,0.29478533,0,0.86697503,1.2060937,0.8373523,1.0649144,1.00937921,0.10153321
"18351",233,72,0.04546577,0,0.14361085,0.18176633,0.12619456,0.16048968,0.15212015,0.00138273
"18352",219,73,0.01966946,0.27881742,0.07794854,1.25788233,0.87330749,1.11064091,1.05272108,0.05727157
"18353",220,73,0.01850103,0.28598629,0.07777438,1.25788233,0.87330749,1.11064091,1.05272108,0.08447241
"18354",221,73,0.27313181,0,0.91759436,1.25788233,0.87330749,1.11064091,1.05272108,0.09233231
"18355",222,73,0.28424081,0,0.91312284,1.25788233,0.87330749,1.11064091,1.05272108,0.21661377
"18356",223,73,0.26146926,0,0.80038038,1.25788233,0.87330749,1.11064091,1.05272108,0.1310228
"18357",224,73,0.27425814,0,0.88834973,1.25788233,0.87330749,1.11064091,1.05272108,0.11296939
"18358",225,73,0.27986048,0,0.92166768,1.25788233,0.87330749,1.11064091,1.05272108,0.17790519
"18359",226,73,0.24404768,0,0.88185999,1.25788233,0.87330749,1.11064091,1.05272108,0.08988228
"18360",227,73,0.2341239,0,0.79284533,1.25788233,0.87330749,1.11064091,1.05272108,0.11300821
"18361",228,73,0.25355414,0,0.89013882,1.25788233,0.87330749,1.11064091,1.05272108,0.10986293
"18362",229,73,0.25008841,0,0.86155749,1.25788233,0.87330749,1.11064091,1.05272108,0.11173776
"18363",230,73,0.25871236,0,0.89004889,1.25788233,0.87330749,1.11064091,1.05272108,0.10225822
"18364",231,73,0.29395444,0,0.92883185,1.25788233,0.87330749,1.11064091,1.05272108,0.09849355
"18365",232,73,0.18546272,0,0.57598852,0.76782428,0.53307585,0.6779466,0.64259175,0.04799347
"18366",218,74,0.01818221,0.2594328,0.07752055,1.25401343,0.87062144,1.10722489,1.04948321,0.01356531
"18367",219,74,0.01830846,0.2718293,0.07753471,1.25401343,0.87062144,1.10722489,1.04948321,0.09742127
"18368",220,74,0.01837151,0.29160504,0.07732919,1.25401343,0.87062144,1.10722489,1.04948321,0.04223377
"18369",221,74,0.26911126,0,0.95013,1.25401343,0.87062144,1.10722489,1.04948321,0.08113107
"18370",222,74,0.24237895,0,0.89236743,1.25401343,0.87062144,1.10722489,1.04948321,0.13006566
"18371",223,74,0.26908894,0,0.8891183,1.25401343,0.87062144,1.10722489,1.04948321,0.16567641
"18372",224,74,0.26868126,0,0.8961545,1.25401343,0.87062144,1.10722489,1.04948321,0.11561244
"18373",225,74,0.27138779,0,0.89796086,1.25401343,0.87062144,1.10722489,1.04948321,0.10742247
"18374",226,74,0.24968957,0,0.89555221,1.25401343,0.87062144,1.10722489,1.04948321,0.09970935
"18375",227,74,0.25007368,0,0.90152653,1.25401343,0.87062144,1.10722489,1.04948321,0.07186261
"18376",228,74,0.25391391,0,0.90054987,1.25401343,0.87062144,1.10722489,1.04948321,0.0998527
"18377",229,74,0.2827548,0,0.92311681,1.25401343,0.87062144,1.10722489,1.04948321,0.22667227
"18378",230,74,0.28360494,0,0.8881077,1.20276757,0.83504308,1.06197761,1.00659558,0.10242599
"18379",231,74,0.13703815,0,0.43663371,0.56222802,0.39033694,0.49641642,0.47052835,0.06241967
"18380",232,74,0.0189857,0,0.0615366,0.07870458,0.05464207,0.06949181,0.06586782,0.00531082
"18381",214,75,0.02183114,0.26060322,0.07854469,1.25013384,0.86792797,1.10379942,1.04623638,0.01430152
"18382",215,75,0.02173336,0.24508114,0.07946348,1.25013384,0.86792797,1.10379942,1.04623638,0.01734767
"18383",216,75,0.02167979,0.24985995,0.07746132,1.25013384,0.86792797,1.10379942,1.04623638,0.02206183
"18384",217,75,0.01790712,0.23568399,0.07727914,1.25013384,0.86792797,1.10379942,1.04623638,0.00696887
"18385",218,75,0.01815504,0.25513325,0.0773321,1.25013384,0.86792797,1.10379942,1.04623638,0.0545132
"18386",219,75,0.01826535,0.27040192,0.07726337,1.25013384,0.86792797,1.10379942,1.04623638,0.00562407
"18387",220,75,0.02061054,0.29956684,0.08331237,1.25013384,0.86792797,1.10379942,1.04623638,0.02804737
"18388",221,75,0.25593102,0,0.94711686,1.25013384,0.86792797,1.10379942,1.04623638,0.08927964
"18389",222,75,0.27797443,0,0.91068159,1.25013384,0.86792797,1.10379942,1.04623638,0.18005877
"18390",223,75,0.26291594,0,0.88478121,1.25013384,0.86792797,1.10379942,1.04623638,0.12668491
"18391",224,75,0.26839087,0,0.89271575,1.25013384,0.86792797,1.10379942,1.04623638,0.12985154
"18392",225,75,0.28374259,0,0.89894054,1.25013384,0.86792797,1.10379942,1.04623638,0.12710383
"18393",226,75,0.27078213,0,0.79972091,1.25013384,0.86792797,1.10379942,1.04623638,0.11038747
"18394",227,75,0.28993344,0,0.89668862,1.25013384,0.86792797,1.10379942,1.04623638,0.08289672
"18395",228,75,0.28917786,0,0.89053088,1.25013384,0.86792797,1.10379942,1.04623638,0.0856685
"18396",229,75,0.29395869,0,0.8639305,1.20667443,0.83775549,1.06542715,1.00986523,0.14320293
"18397",230,75,0.14158773,0,0.45096263,0.5877702,0.40807006,0.51896876,0.49190459,0.05849506
"18398",214,76,0.02005907,0.26027078,0.08127606,1.24624303,0.8652267,1.10036404,1.04298016,0.00840284
"18399",215,76,0.02022433,0.24627491,0.08569585,1.24624303,0.8652267,1.10036404,1.04298016,0.03776807
"18400",216,76,0.01986611,0.22972491,0.0818636,1.24624303,0.8652267,1.10036404,1.04298016,0.03525205
"18401",217,76,0.02001562,0.25047555,0.07916158,1.24624303,0.8652267,1.10036404,1.04298016,0.03041581
"18402",218,76,0.01831897,0.28158142,0.07706584,1.24624303,0.8652267,1.10036404,1.04298016,0.06629751
"18403",219,76,0.02040832,0.27715547,0.08003641,1.24624303,0.8652267,1.10036404,1.04298016,0.03649918
"18404",220,76,0.25102208,0,0.89280545,1.24624303,0.8652267,1.10036404,1.04298016,0.11012725
"18405",221,76,0.27521633,0,0.90102257,1.24624303,0.8652267,1.10036404,1.04298016,0.19204905
"18406",222,76,0.26741368,0,0.87895733,1.24624303,0.8652267,1.10036404,1.04298016,0.16763935
"18407",223,76,0.26045375,0,0.8888457,1.24624303,0.8652267,1.10036404,1.04298016,0.14398549
"18408",224,76,0.22704609,0,0.87500695,1.24624303,0.8652267,1.10036404,1.04298016,0.06155768
"18409",225,76,0.27011801,0,0.90246449,1.24624303,0.8652267,1.10036404,1.04298016,0.16179677
"18410",226,76,0.26985047,0,0.86191043,1.24624303,0.8652267,1.10036404,1.04298016,0.04889989
"18411",227,76,0.28836556,0,0.89264589,1.24624303,0.8652267,1.10036404,1.04298016,0.09550448
"18412",228,76,0.28393823,0,0.87945487,1.22729374,0.85207081,1.08363286,1.02712151,0.07074378
"18413",229,76,0.12288197,0,0.38293813,0.5099501,0.35404205,0.45025789,0.42677698,0.02256609
"18414",214,77,0.01972286,0.23275841,0.0779086,1.24234151,0.862518,1.09691922,1.03971499,0.00832928
"18415",215,77,0.01989383,0.24409591,0.07860062,1.24234151,0.862518,1.09691922,1.03971499,0.02080206
"18416",216,77,0.01999205,0.27992371,0.08361134,1.24234151,0.862518,1.09691922,1.03971499,0.05077861
"18417",217,77,0.0199837,0.30320495,0.08164462,1.24234151,0.862518,1.09691922,1.03971499,0.12195904
"18418",218,77,0.02020993,0.29042778,0.07928569,1.24234151,0.862518,1.09691922,1.03971499,0.07826717
"18419",219,77,0.26008448,0,0.89698427,1.24234151,0.862518,1.09691922,1.03971499,0.18963027
"18420",220,77,0.2496667,0,0.88553498,1.24234151,0.862518,1.09691922,1.03971499,0.14838624
"18421",221,77,0.28082621,0,0.88028198,1.24234151,0.862518,1.09691922,1.03971499,0.19350846
"18422",222,77,0.27506432,0,0.88815896,1.24234151,0.862518,1.09691922,1.03971499,0.16430064
"18423",223,77,0.26873856,0,0.88660589,1.24234151,0.862518,1.09691922,1.03971499,0.14847318
"18424",224,77,0.23054478,0,0.87233325,1.24234151,0.862518,1.09691922,1.03971499,0.06986006
"18425",225,77,0.27651736,0,0.89214476,1.24234151,0.862518,1.09691922,1.03971499,0.16356652
"18426",226,77,0.26905833,0,0.87468988,1.24234151,0.862518,1.09691922,1.03971499,0.0575008
"18427",227,77,0.29397447,0,0.85617064,1.20240127,0.83478877,1.06165419,1.00628902,0.07693461
"18428",228,77,0.11344481,0,0.33936503,0.47369105,0.32886856,0.41824315,0.3964318,0.02447079
"18429",214,78,0.00913858,0.13608468,0.03873438,0.63377822,0.44001196,0.5595913,0.53040867,0.00119856
"18430",215,78,0.02002747,0.26063141,0.08100798,1.21763888,0.84536775,1.07510816,1.01904137,0.00506576
"18431",216,78,0.02018752,0.2831723,0.08420517,1.23842931,0.85980188,1.09346496,1.03644086,0.01716304
"18432",217,78,0.02037693,0.3506632,0.08299421,1.23842931,0.85980188,1.09346496,1.03644086,0.03514185
"18433",218,78,0.02179658,0.33448421,0.08124225,1.23842931,0.85980188,1.09346496,1.03644086,0.08758675
"18434",219,78,0.22657777,0,0.8756605,1.23842931,0.85980188,1.09346496,1.03644086,0.23975455
"18435",220,78,0.26987846,0,0.89929609,1.23842931,0.85980188,1.09346496,1.03644086,0.14020284
"18436",221,78,0.23632905,0,0.86918585,1.23842931,0.85980188,1.09346496,1.03644086,0.14980472
"18437",222,78,0.26493055,0,0.8847785,1.23842931,0.85980188,1.09346496,1.03644086,0.11108775
"18438",223,78,0.25608967,0,0.78419818,1.23842931,0.85980188,1.09346496,1.03644086,0.14206816
"18439",224,78,0.28797577,0,0.89987835,1.23842931,0.85980188,1.09346496,1.03644086,0.11387653
"18440",225,78,0.27468578,0,0.90130887,1.23842931,0.85980188,1.09346496,1.03644086,0.07197704
"18441",226,78,0.28093664,0,0.87685853,1.23842931,0.85980188,1.09346496,1.03644086,0.06848311
"18442",227,78,0.17790183,0,0.53841084,0.74611783,0.51800576,0.65878101,0.62442564,0.04541059
"18443",215,79,0.00567221,0.07485224,0.02228352,0.35601252,0.24716811,0.31433948,0.2979467,0.00910555
"18444",216,79,0.01082447,0.15309021,0.04384161,0.67150781,0.46620641,0.59290446,0.56198455,0.01455492
"18445",217,79,0.01416829,0.19782926,0.05181053,0.79391297,0.5511884,0.70098148,0.66442536,0.08934199
"18446",218,79,0.17449617,0,0.6231892,0.83376177,0.57885415,0.73616578,0.69777481,0.16636372
"18447",219,79,0.22509754,0,0.79440495,1.01361852,0.70372294,0.8949694,0.84829683,0.16064081
"18448",220,79,0.2484349,0,0.79408724,1.1208973,0.77820316,0.98969066,0.93807838,0.1184386
"18449",221,79,0.26148646,0,0.87221213,1.2294862,0.85359297,1.08556869,1.02895638,0.15843473
"18450",222,79,0.25483179,0,0.78119766,1.23450587,0.85707796,1.09000078,1.03315734,0.13873841
"18451",223,79,0.26355641,0,0.8513436,1.23450587,0.85707796,1.09000078,1.03315734,0.1028811
"18452",224,79,0.28664581,0,0.90239315,1.23450587,0.85707796,1.09000078,1.03315734,0.06687327
"18453",225,79,0.28522439,0,0.8788381,1.23450587,0.85707796,1.09000078,1.03315734,0.08027575
"18454",226,79,0.27668232,0,0.8570077,1.20549585,0.83693724,1.06438653,1.00887887,0.05508222
"18455",227,79,0.03698649,0,0.11534727,0.15824175,0.10986219,0.13971876,0.13243244,0.00358599
"18456",221,80,0.11026965,0,0.34404227,0.54737703,0.38002637,0.48330381,0.45809956,0.05586343
"18457",222,80,0.24998088,0,0.77617493,1.23057227,0.85434699,1.08652763,1.02986531,0.15974305
"18458",223,80,0.25046166,0,0.8418776,1.23057227,0.85434699,1.08652763,1.02986531,0.08191308
"18459",224,80,0.2877596,0,0.92126784,1.23057227,0.85434699,1.08652763,1.02986531,0.07121566
"18460",225,80,0.27235194,0,0.85634752,1.18065098,0.81968823,1.04244987,0.98808621,0.06568947
"18461",226,80,0.09205472,0,0.30772119,0.41455447,0.28781192,0.36602879,0.34694043,0.02809528
"18462",221,81,6.717e-05,0,0.00020598,0.00032673,0.00022684,0.00028848,0.00027344,0
"18463",222,81,0.04994657,0,0.15381354,0.24384135,0.16929126,0.2152985,0.2040707,0.01794511
"18464",223,81,0.10172567,0,0.31053127,0.49202859,0.34159972,0.43443418,0.41177848,0.06781618
"18465",224,81,0.13683073,0,0.43486027,0.60656655,0.42111977,0.5355649,0.50763524,0.04508229
"18466",225,81,0.04560575,0,0.1564043,0.21255973,0.14757343,0.18767855,0.17789113,0.02197041
"18467",234,54,0.35619326,0,0.88313174,1.33252318,0.92277236,1.17367415,1.11246715,0.04842799
"18468",235,54,0.16601977,0,0.44610448,0.68361502,0.47340343,0.60212182,0.57072122,0.077099
"18469",232,55,0,0,0,1.32885871,0.92023471,1.17044652,1.10940784,0.05922977
"18470",233,55,0.32767196,0,0.05799421,1.32885871,0.92023471,1.17044652,1.10940784,0.06262653
"18471",234,55,0.34401354,0,0.86540236,1.32885871,0.92023471,1.17044652,1.10940784,0.0502387
"18472",235,55,0.2859775,0,0.70685319,1.08531994,0.7515841,0.95593981,0.90608764,0.09729588
"18473",228,56,0.28609511,0,0.95309747,1.32518298,0.91768927,1.16720897,1.10633913,0.03651745
"18474",229,56,0.28176844,0,0.86803058,1.32518298,0.91768927,1.16720897,1.10633913,0.04606204
"18475",230,56,0.25998957,0,0.06085265,1.32518298,0.91768927,1.16720897,1.10633913,0.05875883
"18476",231,56,0,0,0,1.32518298,0.91768927,1.16720897,1.10633913,0.05254929
"18477",232,56,0,0,0,1.32518298,0.91768927,1.16720897,1.10633913,0.03872745
"18478",233,56,0,0,0,1.32518298,0.91768927,1.16720897,1.10633913,0.06898348
"18479",234,56,0.32659065,0,0.05813431,1.32518298,0.91768927,1.16720897,1.10633913,0.10052098
"18480",235,56,0.3125207,0,0.84283683,1.29019791,0.8934621,1.13639444,1.07713157,0.2076986
"18481",231,57,0.2775938,0,0.86563313,1.32046077,0.91509893,1.16396104,1.10326058,0.03047423
"18482",232,57,0.02752267,0,0.05747246,1.32149546,0.91513566,1.16396104,1.10326058,0.0632994
"18483",233,57,0.02752267,0,0,1.32149546,0.91513566,1.16396104,1.10326058,0.10970391
"18484",234,57,0,0,0,1.32149546,0.91513566,1.16396104,1.10326058,0.12368276
"18485",235,57,0.24246131,0,0.05111352,1.16319475,0.80551241,1.02453123,0.97110202,0.26527738
"18486",232,58,0.27836719,0,0.86321028,1.31779668,0.91257426,1.16070319,1.10017262,0.04262046
"18487",233,58,0,0.21207879,0,1.31779668,0.91257426,1.16070319,1.10017262,0.06425189
"18488",234,58,0,0.21207879,0,1.31779668,0.91257426,1.16070319,1.10017262,0.09078896
"18489",235,58,0.26368013,0.02767921,0,1.31779668,0.91257426,1.16070319,1.10017262,0.11804162
"18490",236,58,0.16222022,0,0,0.76482784,0.52964331,0.67365332,0.63852237,0.04448865
"18491",232,59,0.27432271,0,0.86078005,1.31408665,0.91000506,1.15743542,1.09707527,0.04103934
"18492",233,59,0.02463877,0.01208452,0,1.31408665,0.91000506,1.15743542,1.09707527,0.0616205
"18493",234,59,0.24585818,0.01208452,0,1.31408665,0.91000506,1.15743542,1.09707527,0.05517729
"18494",235,59,0.26332373,0,0,1.31408665,0.91000506,1.15743542,1.09707527,0.06380782
"18495",236,59,0.27888839,0,0,1.31408665,0.91000506,1.15743542,1.09707527,0.03767933
"18496",237,59,0,0,0,0.69144517,0.47882581,0.60901854,0.57725828,0
"18497",231,60,0.28153905,0,0.8583421,1.31036482,0.90742769,1.15415727,1.09396808,0.04640333
"18498",232,60,0.27611586,0,0.8583421,1.31036482,0.90742769,1.15415727,1.09396808,0.04039746
"18499",233,60,0.02454878,0,0,1.31036482,0.90742769,1.15415727,1.09396808,0.0284087
"18500",234,60,0.24837023,0,0,1.31036482,0.90742769,1.15415727,1.09396808,0.04561816
"18501",235,60,0.24541245,0,0,1.31036482,0.90742769,1.15415727,1.09396808,0.06340784
"18502",236,60,0.2624067,0,0,1.31036482,0.90742769,1.15415727,1.09396808,0.04110817
"18503",237,60,0.27700001,0,0,1.31016541,0.9072896,1.15398163,1.09380159,0.02809975
"18504",238,60,0,0,0,0.77145991,0.53423602,0.67949479,0.6440592,0
"18505",224,61,0.15031005,0,1.01714672,1.30663174,0.90484253,1.1508692,1.09085148,0.0647746
"18506",225,61,0.25819098,0,0.92541207,1.30663174,0.90484253,1.1508692,1.09085148,0.08550435
"18507",226,61,0.26107781,0,0.92862314,1.30663174,0.90484253,1.1508692,1.09085148,0.04413332
"18508",227,61,0.2580281,0,0.92864933,1.30663174,0.90484253,1.1508692,1.09085148,0.05837021
"18509",228,61,0.25786184,0,0.86596713,1.30663174,0.90484253,1.1508692,1.09085148,0.07224281
"18510",229,61,0.25732621,0,0.92796447,1.30663174,0.90484253,1.1508692,1.09085148,0.03101545
"18511",230,61,0.25856505,0,0.86915451,1.30663174,0.90484253,1.1508692,1.09085148,0.04959807
"18512",231,61,0.26261697,0,0.93498617,1.30663174,0.90484253,1.1508692,1.09085148,0.02088586
"18513",232,61,0.26728538,0,0.93498617,1.30663174,0.90484253,1.1508692,1.09085148,0.04510992
"18514",233,61,0.02467292,0,0,1.30663174,0.90484253,1.1508692,1.09085148,0.04589859
"18515",234,61,0.02204544,0,0,1.30663174,0.90484253,1.1508692,1.09085148,0.04447996
"18516",235,61,0.24471329,0.01293042,0,1.30663174,0.90484253,1.1508692,1.09085148,0.041929
"18517",236,61,0.24471329,0.01344968,0,1.30663174,0.90484253,1.1508692,1.09085148,0.05893114
"18518",237,61,0.25411279,0,0,1.30663174,0.90484253,1.1508692,1.09085148,0.01868987
"18519",238,61,0,0,0,1.30663174,0.90484253,1.1508692,1.09085148,0
"18520",239,61,0.27836064,0,0,1.30663174,0.90484253,1.1508692,1.09085148,0.0046676
"18521",240,61,0,0,0,1.30663174,0.90484253,1.1508692,1.09085148,0
"18522",241,61,0,0,0,1.03003072,0.71329632,0.90724158,0.85992901,0.00379916
"18523",223,62,0.30500447,0,0.92036176,1.30288739,0.90224957,1.14757122,1.08772549,0.11432917
"18524",224,62,0.14846017,0,0.99464465,1.30288739,0.90224957,1.14757122,1.08772549,0.13681843
"18525",225,62,0.14702654,0,0.96188287,1.30288739,0.90224957,1.14757122,1.08772549,0.10045182
"18526",226,62,0.14848352,0,0.98731808,1.30288739,0.90224957,1.14757122,1.08772549,0.0563773
"18527",227,62,0.25729088,0,0.85073068,1.30288739,0.90224957,1.14757122,1.08772549,0.07522094
"18528",228,62,0.25905435,0,0.91519002,1.30288739,0.90224957,1.14757122,1.08772549,0.08866102
"18529",229,62,0.24605529,0,0.92784696,1.30288739,0.90224957,1.14757122,1.08772549,0.05395492
"18530",230,62,0.26102916,0,0.85903335,1.30288739,0.90224957,1.14757122,1.08772549,0.0670138
"18531",231,62,0.26064713,0,0.93230683,1.30288739,0.90224957,1.14757122,1.08772549,0.03032694
"18532",232,62,0.2666933,0,0.93230683,1.30288739,0.90224957,1.14757122,1.08772549,0.02838151
"18533",233,62,0.26097756,0,0.9158635,1.30288739,0.90224957,1.14757122,1.08772549,0.06770874
"18534",234,62,0.24782227,0,0,1.30288739,0.90224957,1.14757122,1.08772549,0.05240644
"18535",235,62,0.24811263,0,0,1.30288739,0.90224957,1.14757122,1.08772549,0.06668005
"18536",236,62,0.24401203,0.01729043,0,1.30288739,0.90224957,1.14757122,1.08772549,0.07256402
"18537",237,62,0.2570914,0.01664083,0.05839344,1.30288739,0.90224957,1.14757122,1.08772549,0.06673445
"18538",238,62,0.26511797,0,0,1.30288739,0.90224957,1.14757122,1.08772549,0.0575047
"18539",239,62,0.04018641,0,0,1.30288739,0.90224957,1.14757122,1.08772549,0.00726735
"18540",240,62,0.49225904,0,0,1.30288739,0.90224957,1.14757122,1.08772549,0.00966152
"18541",241,62,0,0,0,1.23767848,0.8570924,1.09013581,1.03328533,0.01168762
"18542",222,63,0.13272309,0,0.95133415,1.2991318,0.89964882,1.14426333,1.0845901,0.14535751
"18543",223,63,0.12965221,0,0.94407985,1.2991318,0.89964882,1.14426333,1.0845901,0.1579676
"18544",224,63,0.13883797,0,0.97578231,1.2991318,0.89964882,1.14426333,1.0845901,0.15364929
"18545",225,63,0.14814301,0,0.94748892,1.2991318,0.89964882,1.14426333,1.0845901,0.08626978
"18546",226,63,0.14749425,0,0.98173397,1.2991318,0.89964882,1.14426333,1.0845901,0.06566288
"18547",227,63,0.25802061,0,0.9132235,1.2991318,0.89964882,1.14426333,1.0845901,0.06015943
"18548",228,63,0.25676997,0,0.84827843,1.2991318,0.89964882,1.14426333,1.0845901,0.05929872
"18549",229,63,0.25675694,0,0.84827843,1.2991318,0.89964882,1.14426333,1.0845901,0.05767422
"18550",230,63,0.26101358,0,0.85868664,1.2991318,0.89964882,1.14426333,1.0845901,0.06365057
"18551",231,63,0.25938881,0,0.86416565,1.2991318,0.89964882,1.14426333,1.0845901,0.19680511
"18552",232,63,0.2646022,0,0.92961943,1.2991318,0.89964882,1.14426333,1.0845901,0.04616135
"18553",233,63,0.25569819,0,0.84827843,1.2991318,0.89964882,1.14426333,1.0845901,0.06221728
"18554",234,63,0.20615976,0,0.7380252,1.04989852,0.72705477,0.92474095,0.8765158,0.04941384
"18555",235,63,0.01246391,0.00329038,0,0.66305411,0.459165,0.58401195,0.55355578,0.02120324
"18556",236,63,0.16097357,0.10855689,0.03296304,0.74584883,0.51650034,0.65693678,0.62267759,0.09233489
"18557",237,63,0.23967496,0.16302083,0.04950089,1.12004771,0.77563309,0.98652771,0.93508038,0.01082342
"18558",238,63,0.28636479,0.18908618,0,1.2991318,0.89964882,1.14426333,1.0845901,0.00350324
"18559",239,63,0.26595997,0.18877389,0.05703435,1.2991318,0.89964882,1.14426333,1.0845901,0.00244008
"18560",240,63,0,0,0,1.2991318,0.89964882,1.14426333,1.0845901,0.00572328
"18561",241,63,0,0,0,1.24654644,0.86323346,1.09794663,1.04068881,0.02523149
"18562",242,63,0.0083057,0.01128376,0,0.03215578,0.02226788,0.02832251,0.0268455,0
"18563",221,64,0.01315298,0.289279,0.0834895,1.29536494,0.89704027,1.14094551,1.08144531,0.09689205
"18564",222,64,0.01316972,0.27613438,0.08360521,1.29536494,0.89704027,1.14094551,1.08144531,0.115492
"18565",223,64,0.13675888,0,0.9695406,1.29536494,0.89704027,1.14094551,1.08144531,0.20713065
"18566",224,64,0.14044227,0,1.00339406,1.29536494,0.89704027,1.14094551,1.08144531,0.15851428
"18567",225,64,0.13632607,0,0.93907958,1.29536494,0.89704027,1.14094551,1.08144531,0.13001181
"18568",226,64,0.14532606,0,0.92980303,1.29536494,0.89704027,1.14094551,1.08144531,0.12311767
"18569",227,64,0.1464737,0,0.94324853,1.29536494,0.89704027,1.14094551,1.08144531,0.06965323
"18570",228,64,0.2566958,0,0.84581883,1.29536494,0.89704027,1.14094551,1.08144531,0.04173971
"18571",229,64,0.25307573,0,0.84581883,1.29536494,0.89704027,1.14094551,1.08144531,0.05173204
"18572",230,64,0.25366061,0,0.84581883,1.29536494,0.89704027,1.14094551,1.08144531,0.075012
"18573",231,64,0.25522957,0,0.84581883,1.29536494,0.89704027,1.14094551,1.08144531,0.12873991
"18574",232,64,0.2570221,0,0.92664435,1.29497415,0.89676966,1.14060131,1.08111906,0.15493803
"18575",233,64,0.17115115,0,0.53050795,0.80539057,0.557733,0.7093806,0.67238646,0.01624054
"18576",234,64,0.00019449,0,0.00062013,0.000959,0.00066411,0.00084468,0.00080063,0
"18577",236,64,0.00092147,0,0.00289304,0.00447391,0.00309818,0.00394058,0.00373508,0
"18578",237,64,0.00033215,0,0.00114094,0.00163765,0.00113407,0.00144242,0.0013672,0
"18579",238,64,0.06106669,0,0,0.27691621,0.19176449,0.24390525,0.23118561,0
"18580",239,64,0.15551666,0.1030452,0.03128943,0.70798031,0.4902764,0.62358254,0.59106277,0.02067885
"18581",240,64,0.19624515,0,0,0.79441163,0.55013009,0.69971045,0.66322062,0
"18582",241,64,0.1070715,0.14369128,0,0.41482218,0.28726438,0.36537156,0.34631747,0.00291434
"18583",221,65,0.01113894,0.37801874,0.08609942,1.29158629,0.89442356,1.13761731,1.07829067,0.00044221
"18584",222,65,0.01082027,0.301331,0.08815693,1.29158629,0.89442356,1.13761731,1.07829067,0.00184255
"18585",223,65,0.01316603,0.32313628,0.08468727,1.29158629,0.89442356,1.13761731,1.07829067,0.03683113
"18586",224,65,0.01093717,0.27865648,0.08031513,1.29158629,0.89442356,1.13761731,1.07829067,0.0780373
"18587",225,65,0.1330288,0,0.98021097,1.29158629,0.89442356,1.13761731,1.07829067,0.14154761
"18588",226,65,0.14079864,0,0.92223416,1.29158629,0.89442356,1.13761731,1.07829067,0.18358929
"18589",227,65,0.14588486,0,0.95238372,1.29158629,0.89442356,1.13761731,1.07829067,0.08925801
"18590",228,65,0.14194318,0,0.95726022,1.29158629,0.89442356,1.13761731,1.07829067,0.07724371
"18591",229,65,0.25493138,0,0.84368207,1.29158629,0.89442356,1.13761731,1.07829067,0.10970039
"18592",230,65,0.22417938,0,0.0598198,1.29158629,0.89442356,1.13761731,1.07829067,0.07743947
"18593",231,65,0.22478975,0,0,1.29158629,0.89442356,1.13761731,1.07829067,0.02358749
"18594",232,65,0.21886851,0,0.69773227,1.07043531,0.7412765,0.94282957,0.89366109,0.07860007
"18595",233,65,0.0017269,0,0.0065864,0.00912794,0.0063211,0.00803981,0.00762053,0.00234168
"18596",222,66,0,0.33979948,0,1.28779692,0.89179942,1.13427967,1.07512709,0.00463725
"18597",223,66,0.01090566,0.32581603,0.08429639,1.28779692,0.89179942,1.13427967,1.07512709,0.00916472
"18598",224,66,0.08686047,0,0.90444675,1.28779692,0.89179942,1.13427967,1.07512709,0.10156629
"18599",225,66,0.13118153,0,0.93956462,1.28779692,0.89179942,1.13427967,1.07512709,0.06085654
"18600",226,66,0.1409028,0,0.9376744,1.28779692,0.89179942,1.13427967,1.07512709,0.15074579
"18601",227,66,0.14476407,0,0.95498823,1.28779692,0.89179942,1.13427967,1.07512709,0.14491526
"18602",228,66,0.23498731,0,0.95710275,1.28779692,0.89179942,1.13427967,1.07512709,0.1452263
"18603",229,66,0.22574684,0,0.87842864,1.28779692,0.89179942,1.13427967,1.07512709,0.033988
"18604",230,66,0.22413024,0,0,1.28779692,0.89179942,1.13427967,1.07512709,0.06224644
"18605",231,66,0.22413024,0,0,1.28779692,0.89179942,1.13427967,1.07512709,0.07458389
"18606",232,66,0.22345352,0,0.73489292,1.12548277,0.77939686,0.99131486,0.93961788,0.08810623
"18607",233,66,0.00037184,0,0.0013055,0.00177649,0.00123022,0.00156471,0.00148311,0
"18608",222,67,0.02006343,0.31129345,0.07804057,1.28399629,0.88916748,1.13093211,1.07195411,0.0025178
"18609",223,67,0.00869414,0.3325302,0.07798522,1.28399629,0.88916748,1.13093211,1.07195411,0.02814416
"18610",224,67,0.08766339,0,0.82020574,1.28399629,0.88916748,1.13093211,1.07195411,0.0640274
"18611",225,67,0.08513516,0,0.89910418,1.28399629,0.88916748,1.13093211,1.07195411,0.04667387
"18612",226,67,0.13992335,0,0.90693967,1.28399629,0.88916748,1.13093211,1.07195411,0.12610617
"18613",227,67,0.14447077,0,0.9360948,1.28399629,0.88916748,1.13093211,1.07195411,0.14557243
"18614",228,67,0.2482971,0,0.9316876,1.28399629,0.88916748,1.13093211,1.07195411,0.1271123
"18615",229,67,0.22729335,0,0.99403848,1.28399629,0.88916748,1.13093211,1.07195411,0.08225243
"18616",230,67,0.23732288,0,0.83834023,1.28399629,0.88916748,1.13093211,1.07195411,0.06781271
"18617",231,67,0.22143607,0,0,1.28399629,0.88916748,1.13093211,1.07195411,0.06019437
"18618",232,67,0.16864397,0,0.6456919,0.86878869,0.6016362,0.76522108,0.72531487,0.03222744
"18619",225,68,0.21390676,0,0.80221422,1.27706102,0.88662264,1.12757464,1.06877173,0.02616599
"18620",226,68,0.26383105,0,0.89781284,1.28018441,0.88652775,1.12757464,1.06877173,0.0751262
"18621",227,68,0.1431958,0,0.95872566,1.28018441,0.88652775,1.12757464,1.06877173,0.0826676
"18622",228,68,0.29430554,0,0.93327006,1.28018441,0.88652775,1.12757464,1.06877173,0.13079887
"18623",230,68,0.29491677,0,0.8358514,1.28018441,0.88652775,1.12757464,1.06877173,0.08639286
"18624",231,68,0.32061647,0,0.94563778,1.28018441,0.88652775,1.12757464,1.06877173,0.09513396
"18625",232,68,0.32855165,0,0.63309128,0.85183435,0.58989532,0.75028785,0.71116041,0.06174654
"18626",212,54,0.02865368,0,0.05391959,1.33147985,0.92273532,1.17367415,1.11246715,0.08441666
"18627",213,54,0.0484516,0,0.06944661,1.33147985,0.92273532,1.17367415,1.11246715,0.09193517
"18628",214,54,0.04813233,0,0.06944661,1.33147985,0.92273532,1.17367415,1.11246715,0.04264779
"18629",215,54,0.04826603,0,0.06944661,1.33147985,0.92273532,1.17367415,1.11246715,0.02444139
"18630",216,54,0.04875064,0,0.05391959,1.33147985,0.92273532,1.17367415,1.11246715,0.05481008
"18631",217,54,0.04881012,0,0.05159803,1.33147985,0.92273532,1.17367415,1.11246715,0.04733004
"18632",218,54,0.04793574,0,0.06944661,1.33147985,0.92273532,1.17367415,1.11246715,0.04750447
"18633",212,55,0.0489094,0,0.05377131,1.32781825,0.92019777,1.17044652,1.10940784,0.06085724
"18634",213,55,0.04931502,0,0,1.32781825,0.92019777,1.17044652,1.10940784,0.05889918
"18635",214,55,0.04931501,0,0,1.32781825,0.92019777,1.17044652,1.10940784,0.06565692
"18636",215,55,0.04931501,0,0,1.32781825,0.92019777,1.17044652,1.10940784,0.04202501
"18637",216,55,0.04913725,0,0,1.32781825,0.92019777,1.17044652,1.10940784,0.12382432
"18638",217,55,0.04931502,0,0,1.32781825,0.92019777,1.17044652,1.10940784,0.02542742
"18639",218,55,0.04931501,0,0,1.32781825,0.92019777,1.17044652,1.10940784,0.04513041
"18640",219,55,0.04877256,0,0.0687792,1.32781825,0.92019777,1.17044652,1.10940784,0.20465352
"18641",212,56,0.3299081,0,0.98177157,1.32531268,0.91791028,1.16720897,1.10633913,0.09562016
"18642",213,56,0.33593976,0,0.98633182,1.3241454,0.91765243,1.16720897,1.10633913,0.08007259
"18643",214,56,0.32449945,0,0.9531003,1.3241454,0.91765243,1.16720897,1.10633913,0.08144413
"18644",215,56,0.32960479,0,0.95818055,1.3241454,0.91765243,1.16720897,1.10633913,0.07170705
"18645",216,56,0.4527904,0,0.97847522,1.3241454,0.91765243,1.16720897,1.10633913,0.048117
"18646",217,56,0.45984285,0,0.99807945,1.3241454,0.91765243,1.16720897,1.10633913,0.09058166
"18647",218,56,0.4660158,0,0.98039426,1.3241454,0.91765243,1.16720897,1.10633913,0.08282953
"18648",219,56,0.33599581,0,0.96485915,1.3241454,0.91765243,1.16720897,1.10633913,0.05866669
"18649",220,56,0.04888776,0,0.05362257,1.3241454,0.91765243,1.16720897,1.10633913,0.06635174
"18650",221,56,0.04857344,0,0.06906406,1.3241454,0.91765243,1.16720897,1.10633913,0.0293789
"18651",222,56,0.29867024,0,0.96263349,1.3241454,0.91765243,1.16720897,1.10633913,0.02526757
"18652",223,56,0.30105703,0,0.96267293,1.3241454,0.91765243,1.16720897,1.10633913,0.09269787
"18653",224,56,0.30069661,0,0.96197245,1.3241454,0.91765243,1.16720897,1.10633913,0.05925471
"18654",213,57,0.3214808,0,0.95965029,1.32046077,0.91509893,1.16396104,1.10326058,0.10733408
"18655",214,57,0.33154966,0,0.96120532,1.32046077,0.91509893,1.16396104,1.10326058,0.07105693
"18656",215,57,0.33022136,0,0.96078043,1.32046077,0.91509893,1.16396104,1.10326058,0.09105485
"18657",216,57,0.33590444,0,0.97139994,1.32046077,0.91509893,1.16396104,1.10326058,0.07841636
"18658",217,57,0.33736823,0,0.98686931,1.32046077,0.91509893,1.16396104,1.10326058,0.07969217
"18659",218,57,0.34110923,0,0.969709,1.32046077,0.91509893,1.16396104,1.10326058,0.0854799
"18660",219,57,0.33146719,0,0.9620311,1.32046077,0.91509893,1.16396104,1.10326058,0.08298647
"18661",220,57,0.32590803,0,0.95975692,1.32046077,0.91509893,1.16396104,1.10326058,0.12846315
"18662",221,57,0.32434902,0,0.96008436,1.32046077,0.91509893,1.16396104,1.10326058,0.12183271
"18663",222,57,0.04899248,0,0,1.32046077,0.91509893,1.16396104,1.10326058,0.13051828
"18664",223,57,0.04889383,0,0,1.32046077,0.91509893,1.16396104,1.10326058,0.09992497
"18665",224,57,0.29901275,0,0.94497956,1.32046077,0.91509893,1.16396104,1.10326058,0.01981639
"18666",225,57,0.2759412,0,0.95361631,1.32046077,0.91509893,1.16396104,1.10326058,0.08351204
"18667",226,57,0.27486285,0,0.95361315,1.32046077,0.91509893,1.16396104,1.10326058,0.06546527
"18668",227,57,0.2740064,0,0.95363123,1.32046077,0.91509893,1.16396104,1.10326058,0.13214685
"18669",228,57,0.27231713,0,0.89079688,1.32046077,0.91509893,1.16396104,1.10326058,0.06436507
"18670",229,57,0.27365113,0,0.95363756,1.32046077,0.91509893,1.16396104,1.10326058,0.03892484
"18671",230,57,0.28016519,0,0.86563313,1.32046077,0.91509893,1.16396104,1.10326058,0.03448435
"18672",213,58,0.31507889,0,0.94844925,1.31676489,0.91253763,1.16070319,1.10017262,0.108272
"18673",214,58,0.32593993,0,0.95964204,1.31676489,0.91253763,1.16070319,1.10017262,0.08633334
"18674",215,58,0.32168929,0,0.96187566,1.31676489,0.91253763,1.16070319,1.10017262,0.082923
"18675",216,58,0.32862328,0,0.96178341,1.31676489,0.91253763,1.16070319,1.10017262,0.0804842
"18676",217,58,0.33251358,0,0.9601847,1.31676489,0.91253763,1.16070319,1.10017262,0.08563307
"18677",218,58,0.32281788,0,0.95532827,1.31676489,0.91253763,1.16070319,1.10017262,0.14302117
"18678",222,58,0.3285486,0,0.95313963,1.31676489,0.91253763,1.16070319,1.10017262,0.07921676
"18679",223,58,0.31494896,0,0.92530247,1.31676489,0.91253763,1.16070319,1.10017262,0.06569521
"18680",224,58,0.27556372,0,0.95102396,1.31676489,0.91253763,1.16070319,1.10017262,0.06293894
"18681",225,58,0.26123031,0,0.88690459,1.31676489,0.91253763,1.16070319,1.10017262,0.09796981
"18682",226,58,0.25929451,0,0.88821704,1.31676489,0.91253763,1.16070319,1.10017262,0.07808592
"18683",227,58,0.26010572,0,0.88821704,1.31676489,0.91253763,1.16070319,1.10017262,0.04003881
"18684",228,58,0.25716709,0,0.88821704,1.31676489,0.91253763,1.16070319,1.10017262,0.03090561
"18685",229,58,0.2447786,0,0,1.31676489,0.91253763,1.16070319,1.10017262,0.03537203
"18686",230,58,0.2447786,0,0,1.31676489,0.91253763,1.16070319,1.10017262,0.0562968
"18687",231,58,0.28024274,0,0.86321028,1.31676489,0.91253763,1.16070319,1.10017262,0.06842754
"18688",212,59,0.29508593,0,0.90583592,1.31305776,0.90996853,1.15743542,1.09707527,0.08918572
"18689",213,59,0.31174318,0,0.96275722,1.31305776,0.90996853,1.15743542,1.09707527,0.08024862
"18690",214,59,0.31351422,0,0.96262805,1.31305776,0.90996853,1.15743542,1.09707527,0.11097483
"18691",215,59,0.32363814,0,0.97302043,1.31305776,0.90996853,1.15743542,1.09707527,0.09860244
"18692",216,59,0.31800835,0,0.95475945,1.31305776,0.90996853,1.15743542,1.09707527,0.12411663
"18693",217,59,0.29763544,0,0.9224732,1.31305776,0.90996853,1.15743542,1.09707527,0.1596779
"18694",218,59,0.30282715,0,0.92050794,1.31305776,0.90996853,1.15743542,1.09707527,0.14271456
"18695",219,59,0.31484234,0,0.9390567,1.31305776,0.90996853,1.15743542,1.09707527,0.1192036
"18696",222,59,0.32685075,0,0.94928297,1.31305776,0.90996853,1.15743542,1.09707527,0.07618762
"18697",223,59,0.31634942,0,0.94707262,1.31305776,0.90996853,1.15743542,1.09707527,0.07187657
"18698",224,59,0.27486151,0,0.88159863,1.31305776,0.90996853,1.15743542,1.09707527,0.08761291
"18699",225,59,0.27161271,0,0.88291772,1.31305776,0.90996853,1.15743542,1.09707527,0.09112991
"18700",226,59,0.26547047,0,0.88580273,1.31305776,0.90996853,1.15743542,1.09707527,0.07141602
"18701",227,59,0.26724312,0,0.88579149,1.31305776,0.90996853,1.15743542,1.09707527,0.09126042
"18702",228,59,0.26638288,0,0.88580273,1.31305776,0.90996853,1.15743542,1.09707527,0.09896518
"18703",229,59,0.27344928,0,0.80041908,1.31305776,0.90996853,1.15743542,1.09707527,0.07501829
"18704",230,59,0.27330876,0,0.80041908,1.31305776,0.90996853,1.15743542,1.09707527,0.02868149
"18705",231,59,0.27886605,0,0.86078005,1.31305776,0.90996853,1.15743542,1.09707527,0.03973857
"18706",212,60,0.28194855,0,0.92115822,1.30933884,0.90739127,1.15415727,1.09396808,0.1268318
"18707",213,60,0.30783979,0,0.96979668,1.30933884,0.90739127,1.15415727,1.09396808,0.21138106
"18708",214,60,0.29500496,0,0.96007359,1.30933884,0.90739127,1.15415727,1.09396808,0.12422637
"18709",215,60,0.30762593,0,0.94882783,1.30933884,0.90739127,1.15415727,1.09396808,0.1396947
"18710",216,60,0.29619041,0,0.93516732,1.30933884,0.90739127,1.15415727,1.09396808,0.12266992
"18711",217,60,0.29786247,0,0.90067455,1.30933884,0.90739127,1.15415727,1.09396808,0.11355771
"18712",218,60,0.25942929,0,0.86791921,1.30933884,0.90739127,1.15415727,1.09396808,0.08004758
"18713",219,60,0.30084414,0,0.89803559,1.30933884,0.90739127,1.15415727,1.09396808,0.14792226
"18714",222,60,0.30631468,0,0.92407386,1.30933884,0.90739127,1.15415727,1.09396808,0.11031094
"18715",223,60,0.2976807,0,0.92040029,1.30933884,0.90739127,1.15415727,1.09396808,0.11159479
"18716",224,60,0.31499481,0,0.9557819,1.30933884,0.90739127,1.15415727,1.09396808,0.09344393
"18717",225,60,0.25698616,0,0.8617537,1.30933884,0.90739127,1.15415727,1.09396808,0.02763243
"18718",226,60,0.25859537,0,0.8617537,1.30933884,0.90739127,1.15415727,1.09396808,0.05274035
"18719",227,60,0.24802833,0,0.8617537,1.30933884,0.90739127,1.15415727,1.09396808,0.03968716
"18720",228,60,0.24624325,0,0,1.30933884,0.90739127,1.15415727,1.09396808,0.05314717
"18721",229,60,0.24624325,0,0,1.30933884,0.90739127,1.15415727,1.09396808,0.04890975
"18722",230,60,0.27358087,0,0.79815209,1.30933884,0.90739127,1.15415727,1.09396808,0.04599011
"18723",211,61,0.12414561,0,0.92206307,1.30560868,0.90480621,1.1508692,1.09085148,0.1065884
"18724",212,61,0.12442562,0,0.92777065,1.30560868,0.90480621,1.1508692,1.09085148,0.142525
"18725",213,61,0.12843459,0,0.94547511,1.30560868,0.90480621,1.1508692,1.09085148,0.21833942
"18726",214,61,0.12749254,0,0.93970072,1.30560868,0.90480621,1.1508692,1.09085148,0.12660231
"18727",215,61,0.12491311,0,0.92794035,1.30560868,0.90480621,1.1508692,1.09085148,0.08009895
"18728",216,61,0.12755295,0,0.9462946,1.30560868,0.90480621,1.1508692,1.09085148,0.20052309
"18729",217,61,0.25649761,0,0.86630715,1.30560868,0.90480621,1.1508692,1.09085148,0.15659072
"18730",218,61,0.2494919,0,0.86994292,1.30560868,0.90480621,1.1508692,1.09085148,0.11682477
"18731",219,61,0.27128309,0,0.87989179,1.30560868,0.90480621,1.1508692,1.09085148,0.17996652
"18732",220,61,0.30059044,0,0.8984839,1.30560868,0.90480621,1.1508692,1.09085148,0.28148306
"18733",221,61,0.30800644,0,0.91553328,1.30560868,0.90480621,1.1508692,1.09085148,0.10496604
"18734",222,61,0.43062252,0,0.93465851,1.30560868,0.90480621,1.1508692,1.09085148,0.07834994
"18735",223,61,0.14383968,0,0.95491374,1.30663174,0.90484253,1.1508692,1.09085148,0.06836007
"18736",211,62,0.08514899,0,0.9161991,1.30186727,0.90221336,1.14757122,1.08772549,0.11755534
"18737",212,62,0.1296151,0,0.93266205,1.30186727,0.90221336,1.14757122,1.08772549,0.11608548
"18738",213,62,0.1294902,0,0.93726418,1.30186727,0.90221336,1.14757122,1.08772549,0.12351728
"18739",214,62,0.12994351,0,0.94814347,1.30186727,0.90221336,1.14757122,1.08772549,0.11109651
"18740",215,62,0.12703822,0,0.94317859,1.30186727,0.90221336,1.14757122,1.08772549,0.13139602
"18741",216,62,0.13585722,0,0.95853959,1.30186727,0.90221336,1.14757122,1.08772549,0.18300006
"18742",217,62,0.13389571,0,0.95981651,1.30186727,0.90221336,1.14757122,1.08772549,0.11574324
"18743",218,62,0.13249812,0,0.93433113,1.30186727,0.90221336,1.14757122,1.08772549,0.21480168
"18744",219,62,0.13339751,0,0.97912915,1.30186727,0.90221336,1.14757122,1.08772549,0.19703165
"18745",220,62,0.13864517,0,1.00536789,1.30186727,0.90221336,1.14757122,1.08772549,0.1790878
"18746",221,62,0.1351113,0,0.9814585,1.30186727,0.90221336,1.14757122,1.08772549,0.16543698
"18747",222,62,0.13513899,0,0.98427041,1.30186727,0.90221336,1.14757122,1.08772549,0.14455953
"18748",211,63,0.01293259,0.30168083,0.08315112,1.29811461,0.89961271,1.14426333,1.0845901,0.15587268
"18749",212,63,0.01349287,0.2744137,0.08677323,1.29811461,0.89961271,1.14426333,1.0845901,0.11439795
"18750",213,63,0.01321839,0.27859919,0.08493338,1.29811461,0.89961271,1.14426333,1.0845901,0.10909043
"18751",214,63,0.01267057,0.34681038,0.08361262,1.29811461,0.89961271,1.14426333,1.0845901,0.19346262
"18752",215,63,0.01114045,0.26963525,0.08745122,1.29811461,0.89961271,1.14426333,1.0845901,0.05084451
"18753",216,63,0,0.39164995,0,1.29811461,0.89961271,1.14426333,1.0845901,0.04438613
"18754",217,63,0.01359027,0.28864918,0.09019758,1.29811461,0.89961271,1.14426333,1.0845901,0.10845305
"18755",218,63,0.01334508,0.28674619,0.08736342,1.29811461,0.89961271,1.14426333,1.0845901,0.09326682
"18756",219,63,0.01132167,0.27288281,0.08781794,1.29811461,0.89961271,1.14426333,1.0845901,0.11591788
"18757",220,63,0.13479039,0,0.96070253,1.29811461,0.89961271,1.14426333,1.0845901,0.27023705
"18758",221,63,0.13507603,0,0.95145227,1.2991318,0.89964882,1.14426333,1.0845901,0.15153486
"18759",211,64,0,0.63420618,0,1.29435071,0.89700427,1.14094551,1.08144531,0.00529469
"18760",212,64,0,0.63790287,0,1.29435071,0.89700427,1.14094551,1.08144531,0.01733725
"18761",213,64,0,0.56675961,0,1.29435071,0.89700427,1.14094551,1.08144531,0
"18762",214,64,0,0.59709001,0,1.29435071,0.89700427,1.14094551,1.08144531,0.02497035
"18763",215,64,0,0.46002845,0,1.29435071,0.89700427,1.14094551,1.08144531,0.05153497
"18764",216,64,0,0.34379504,0,1.29435071,0.89700427,1.14094551,1.08144531,0.0132118
"18765",217,64,0,0.53538326,0,1.29435071,0.89700427,1.14094551,1.08144531,0.05721011
"18766",218,64,0,0.44430839,0,1.29435071,0.89700427,1.14094551,1.08144531,0.0098048
"18767",219,64,0,0.36234016,0,1.29435071,0.89700427,1.14094551,1.08144531,0.0055043
"18768",220,64,0.01331451,0.36882026,0.08774059,1.29435071,0.89700427,1.14094551,1.08144531,0.01598272
"18769",211,65,0,0,0,1.29057502,0.89438766,1.13761731,1.07829067,0
"18770",212,65,0,0,0,1.29057502,0.89438766,1.13761731,1.07829067,0
"18771",213,65,0,0,0,1.29057502,0.89438766,1.13761731,1.07829067,0
"18772",214,65,0,0.36093073,0,1.29312126,0.8945552,1.13761731,1.07829067,0
"18773",208,54,0.02823405,0,0.05459073,1.33265359,0.92299459,1.17367415,1.11246715,0.08078696
"18774",209,54,0.04817336,0,0.05391959,1.33265359,0.92299459,1.17367415,1.11246715,0.06946824
"18775",210,54,0.04863498,0,0.05391959,1.33265359,0.92299459,1.17367415,1.11246715,0.08663344
"18776",201,55,0.0281209,0,0,1.32898877,0.92045633,1.17044652,1.10940784,0.10864318
"18777",202,55,0.04898845,0,0.05603515,1.32898877,0.92045633,1.17044652,1.10940784,0.09077279
"18778",203,55,0.04799158,0,0.05603515,1.32898877,0.92045633,1.17044652,1.10940784,0.06359017
"18779",204,55,0.02857488,0,0,1.32898877,0.92045633,1.17044652,1.10940784,0.06145489
"18780",205,55,0,0,0,1.32898877,0.92045633,1.17044652,1.10940784,0.0789842
"18781",206,55,0.04931501,0,0,1.32898877,0.92045633,1.17044652,1.10940784,0.04597935
"18782",207,55,0.04781539,0,0.05396269,1.32898877,0.92045633,1.17044652,1.10940784,0.13840334
"18783",208,55,0.04931501,0,0,1.32898877,0.92045633,1.17044652,1.10940784,0.09701765
"18784",209,55,0.04903681,0,0,1.32898877,0.92045633,1.17044652,1.10940784,0.10258782
"18785",210,55,0.04931501,0,0.05377131,1.32898877,0.92045633,1.17044652,1.10940784,0.11084349
"18786",211,55,0.04905921,0,0.05377131,1.32898877,0.92045633,1.17044652,1.10940784,0.08859378
"18787",202,56,0.02849584,0,0.05362257,1.32531268,0.91791028,1.16720897,1.10633913,0.07577959
"18788",203,56,0.04917861,0,0,1.32531268,0.91791028,1.16720897,1.10633913,0.10573338
"18789",204,56,0.04917861,0,0,1.32531268,0.91791028,1.16720897,1.10633913,0.14795896
"18790",205,56,0.0491821,0,0,1.32531268,0.91791028,1.16720897,1.10633913,0.09740599
"18791",206,56,0.04918081,0,0.05362257,1.32531268,0.91791028,1.16720897,1.10633913,0.05909254
"18792",207,56,0.04882656,0,0,1.32531268,0.91791028,1.16720897,1.10633913,0.07001348
"18793",208,56,0.04889585,0,0,1.32531268,0.91791028,1.16720897,1.10633913,0.11453899
"18794",209,56,0.04905665,0,0,1.32531268,0.91791028,1.16720897,1.10633913,0.06957522
"18795",210,56,0.04915471,0,0.05362257,1.32531268,0.91791028,1.16720897,1.10633913,0.13260024
"18796",211,56,0.04877938,0,0.0535561,1.32531268,0.91791028,1.16720897,1.10633913,0.12244043
"18797",199,57,0.0015516,0,0,0.24500473,0.16969004,0.21577679,0.20452405,0.01955423
"18798",200,57,0.04549905,0,0.05167838,1.27726086,0.88462964,1.12488951,1.06622663,0.04716133
"18799",201,57,0.04903377,0,0.05375294,1.3216248,0.91535606,1.16396104,1.10326058,0.08885292
"18800",202,57,0.04903969,0,0,1.3216248,0.91535606,1.16396104,1.10326058,0.05049812
"18801",203,57,0.04903067,0,0,1.3216248,0.91535606,1.16396104,1.10326058,0.08470064
"18802",204,57,0.04903957,0,0,1.3216248,0.91535606,1.16396104,1.10326058,0.08704534
"18803",205,57,0.04902941,0,0,1.3216248,0.91535606,1.16396104,1.10326058,0.07748086
"18804",206,57,0.04901185,0,0.05375294,1.3216248,0.91535606,1.16396104,1.10326058,0.19013215
"18805",207,57,0.04901185,0,0,1.3216248,0.91535606,1.16396104,1.10326058,0.15142407
"18806",208,57,0.04902134,0,0.05375293,1.3216248,0.91535606,1.16396104,1.10326058,0.08523411
"18807",209,57,0.3277657,0,0.96013045,1.3216248,0.91535606,1.16396104,1.10326058,0.09560747
"18808",210,57,0.31936625,0,0.95903217,1.3216248,0.91535606,1.16396104,1.10326058,0.11929389
"18809",211,57,0.33001672,0,0.99912906,1.3216248,0.91535606,1.16396104,1.10326058,0.08349411
"18810",212,57,0.31956878,0,0.99013218,1.3216248,0.91535606,1.16396104,1.10326058,0.09140276
"18811",196,58,0.00784526,0,0.05958549,0.08481483,0.05874267,0.07469682,0.07080138,0.0032294
"18812",197,58,0.0016577,0,0.01267174,0.01792635,0.01241577,0.01578782,0.01496449,0
"18813",198,58,0.01508875,0,0.05447302,0.08327353,0.05767516,0.07333938,0.06951474,0.00491131
"18814",199,58,0.04486141,0,0,1.20896885,0.83733065,1.06474442,1.0092181,0.06042265
"18815",200,58,0,0,0.05345743,1.31792566,0.91279404,1.16070319,1.10017262,0.0920606
"18816",201,58,0.3287746,0,0.95822326,1.31792566,0.91279404,1.16070319,1.10017262,0.09664084
"18817",202,58,0.34175596,0,0.96383735,1.31792566,0.91279404,1.16070319,1.10017262,0.10141476
"18818",203,58,0.33561471,0,0.96647913,1.31792566,0.91279404,1.16070319,1.10017262,0.10993747
"18819",204,58,0.33356632,0,0.97186772,1.31792566,0.91279404,1.16070319,1.10017262,0.10429086
"18820",205,58,0.04880361,0,0.05360249,1.31792566,0.91279404,1.16070319,1.10017262,0.11356408
"18821",206,58,0.04885222,0,0.05360249,1.31792566,0.91279404,1.16070319,1.10017262,0.23562134
"18822",207,58,0.32173237,0,0.95376899,1.31792566,0.91279404,1.16070319,1.10017262,0.09914602
"18823",208,58,0.29945773,0,0.95680549,1.31792566,0.91279404,1.16070319,1.10017262,0.15987543
"18824",209,58,0.32330898,0,0.9597986,1.31792566,0.91279404,1.16070319,1.10017262,0.12349287
"18825",210,58,0.31531357,0,0.95450452,1.31792566,0.91279404,1.16070319,1.10017262,0.15215431
"18826",211,58,0.31479215,0,0.94259635,1.31792566,0.91279404,1.16070319,1.10017262,0.0938744
"18827",212,58,0.40561499,0,0.88057461,1.31676489,0.91253763,1.16070319,1.10017262,0.12852432
"18828",196,59,0.10329622,0,0.76347034,1.08066285,0.74846605,0.95174474,0.90211134,0.00721069
"18829",197,59,0.0631945,0,0.46630803,0.66278876,0.45904685,0.58372111,0.5532801,0.00686415
"18830",199,59,0.09978449,0,0.31728521,0.44253556,0.3064997,0.3897431,0.36941804,0.06817089
"18831",200,59,0.24202103,0,0.72306248,0.99038991,0.68594309,0.87224095,0.82675366,0.08773107
"18832",201,59,0.31330763,0,0.95191659,1.31421526,0.91022422,1.15743542,1.09707527,0.10191325
"18833",202,59,0.29642029,0,0.9470638,1.31421526,0.91022422,1.15743542,1.09707527,0.09153071
"18834",203,59,0.28684483,0,0.93914004,1.31421526,0.91022422,1.15743542,1.09707527,0.09360912
"18835",204,59,0.28688014,0,0.90702578,1.31421526,0.91022422,1.15743542,1.09707527,0.13589687
"18836",205,59,0.30300411,0,0.92162244,1.31421526,0.91022422,1.15743542,1.09707527,0.13300555
"18837",206,59,0.29906898,0,0.95669341,1.31421526,0.91022422,1.15743542,1.09707527,0.10195273
"18838",207,59,0.28312661,0,0.95256435,1.31421526,0.91022422,1.15743542,1.09707527,0.10783654
"18839",208,59,0.2979354,0,0.94708732,1.31421526,0.91022422,1.15743542,1.09707527,0.09487827
"18840",209,59,0.30367158,0,0.95482996,1.31421526,0.91022422,1.15743542,1.09707527,0.15510413
"18841",210,59,0.29437159,0,0.92914859,1.31421526,0.91022422,1.15743542,1.09707527,0.06888988
"18842",211,59,0.27990365,0,0.88020383,1.31421526,0.91022422,1.15743542,1.09707527,0.11348645
"18843",197,60,0.12524278,0,0.93374174,1.30892817,0.90656239,1.15277906,1.09266174,0.00267254
"18844",198,60,0.10655096,0,0.79717013,1.09058459,0.75533783,0.96048286,0.91039377,0.02727412
"18845",199,60,0.1297715,0,0.97222762,1.28079648,0.88707841,1.12800335,1.06917808,0.05384801
"18846",200,60,0.29033706,0,0.94022204,1.31049307,0.90764623,1.15415727,1.09396808,0.12938161
"18847",201,60,0.25355164,0,0.79500223,1.31049307,0.90764623,1.15415727,1.09396808,0.13795826
"18848",202,60,0.2809227,0,0.87868458,1.31049307,0.90764623,1.15415727,1.09396808,0.15156821
"18849",203,60,0.2688754,0,0.88132477,1.31049307,0.90764623,1.15415727,1.09396808,0.18018686
"18850",204,60,0.25366211,0,0.87644841,1.31049307,0.90764623,1.15415727,1.09396808,0.14693753
"18851",205,60,0.306778,0,0.96724277,1.31049307,0.90764623,1.15415727,1.09396808,0.12329324
"18852",206,60,0.28311982,0,0.95140523,1.31049307,0.90764623,1.15415727,1.09396808,0.12117477
"18853",207,60,0.27409572,0,0.90417307,1.31049307,0.90764623,1.15415727,1.09396808,0.14844646
"18854",208,60,0.29070022,0,0.93852924,1.31049307,0.90764623,1.15415727,1.09396808,0.13362527
"18855",209,60,0.29234099,0,0.92832344,1.31049307,0.90764623,1.15415727,1.09396808,0.14887084
"18856",210,60,0.27408321,0,0.94934088,1.31049307,0.90764623,1.15415727,1.09396808,0.12096951
"18857",211,60,0.2823016,0,0.93333519,1.31049307,0.90764623,1.15415727,1.09396808,0.16924538
"18858",199,61,0.13107341,0,0.9776087,1.30675962,0.90506045,1.1508692,1.09085148,0.02878377
"18859",200,61,0.1333691,0,0.99259194,1.30675962,0.90506045,1.1508692,1.09085148,0.04001034
"18860",201,61,0.26954167,0,0.89261088,1.30675962,0.90506045,1.1508692,1.09085148,0.17219635
"18861",202,61,0.26627765,0,0.87936614,1.30675962,0.90506045,1.1508692,1.09085148,0.33022378
"18862",203,61,0.25102661,0,0.85076985,1.30675962,0.90506045,1.1508692,1.09085148,0.23980214
"18863",204,61,0.25165455,0,0.85464904,1.30675962,0.90506045,1.1508692,1.09085148,0.09327172
"18864",205,61,0.28939467,0,0.96036589,1.30675962,0.90506045,1.1508692,1.09085148,0.12681841
"18865",206,61,0.28368335,0,0.91706164,1.30675962,0.90506045,1.1508692,1.09085148,0.1233752
"18866",207,61,0.30002753,0,0.97482255,1.30675962,0.90506045,1.1508692,1.09085148,0.10169486
"18867",208,61,0.29156346,0,0.94364067,1.30675962,0.90506045,1.1508692,1.09085148,0.12476215
"18868",209,61,0.28680317,0,0.90630686,1.30675962,0.90506045,1.1508692,1.09085148,0.16673231
"18869",210,61,0.10206316,0,0.92093237,1.30675962,0.90506045,1.1508692,1.09085148,0.09264653
"18870",200,62,0.12672357,0,0.97354038,1.30301491,0.90246687,1.14757122,1.08772549,0.02239536
"18871",201,62,0.13157083,0,0.98405315,1.30301491,0.90246687,1.14757122,1.08772549,0.06233967
"18872",202,62,0.12400053,0,0.91311549,1.30301491,0.90246687,1.14757122,1.08772549,0.12518128
"18873",203,62,0.24617896,0,0.85369009,1.30301491,0.90246687,1.14757122,1.08772549,0.20923297
"18874",204,62,0.29321723,0,0.96199774,1.30301491,0.90246687,1.14757122,1.08772549,0.14646468
"18875",205,62,0.29091832,0,0.95476876,1.30301491,0.90246687,1.14757122,1.08772549,0.11241446
"18876",206,62,0.13213649,0,0.96856841,1.30301491,0.90246687,1.14757122,1.08772549,0.15398563
"18877",207,62,0.13663436,0,1.00949032,1.30301491,0.90246687,1.14757122,1.08772549,0.17105344
"18878",208,62,0.137593,0,0.94427063,1.30301491,0.90246687,1.14757122,1.08772549,0.20443345
"18879",209,62,0.13686351,0,0.97219673,1.30301491,0.90246687,1.14757122,1.08772549,0.21138213
"18880",210,62,0.13158466,0,0.95542193,1.30301491,0.90246687,1.14757122,1.08772549,0.17363697
"18881",200,63,0,0,0,1.29925894,0.89986549,1.14426333,1.0845901,0
"18882",201,63,0.01242102,0.25960992,0.08492367,1.29925894,0.89986549,1.14426333,1.0845901,0.00041072
"18883",202,63,0,0.5367067,0,1.29925894,0.89986549,1.14426333,1.0845901,0.00878936
"18884",203,63,0,0.53937256,0,1.29925894,0.89986549,1.14426333,1.0845901,0.00579629
"18885",204,63,0.01042359,0.24976006,0.07514905,1.29925894,0.89986549,1.14426333,1.0845901,0.02465883
"18886",205,63,0,0.5315031,0,1.29925894,0.89986549,1.14426333,1.0845901,0.04599442
"18887",206,63,0,0.60886865,0,1.29925894,0.89986549,1.14426333,1.0845901,0.07421254
"18888",207,63,0,0.59066836,0,1.29925894,0.89986549,1.14426333,1.0845901,0.0357299
"18889",208,63,0.01351673,0.27288513,0.08765506,1.29925894,0.89986549,1.14426333,1.0845901,0.03221084
"18890",209,63,0.01023579,0.30626713,0.07939464,1.29925894,0.89986549,1.14426333,1.0845901,0.06568264
"18891",210,63,0.13582791,0,0.99615258,1.29925894,0.89986549,1.14426333,1.0845901,0.13106314
"18892",206,64,0,0.49218123,0,1.29549172,0.89725631,1.14094551,1.08144531,0
"18893",207,64,0,0.6003906,0,1.29549172,0.89725631,1.14094551,1.08144531,0.01473511
"18894",208,64,0.01044531,0.24862558,0.07991758,1.29549172,0.89725631,1.14094551,1.08144531,0.02090961
"18895",209,64,0.00883296,0.25007236,0.07993299,1.29549172,0.89725631,1.14094551,1.08144531,0.0543452
"18896",210,64,0.00884764,0.2671436,0.07936496,1.29549172,0.89725631,1.14094551,1.08144531,0.04179131
"18897",210,65,0,0.24441491,0.062426,1.29312126,0.8945552,1.13761731,1.07829067,0.00460191
"18898",193,59,0.00016993,0,0.0006272,0.00103733,0.00071591,0.00091031,0.00086284,0
"18899",194,59,0.00602297,0,0.0454936,0.06527851,0.04505178,0.05728526,0.05429784,0
"18900",195,59,0.01724677,0,0.12876413,0.1780035,0.12284861,0.15620726,0.14806106,0.00322456
"18901",192,60,0.05847524,0,0.21280995,0.32276245,0.22275359,0.28324071,0.26846973,0.00097825
"18902",193,60,0.14968302,0,0.50125756,0.77372856,0.53398659,0.67898675,0.64357766,0.02603397
"18903",194,60,0.13149647,0,0.97288385,1.31520157,0.90768266,1.15415727,1.09396808,0.02566627
"18904",195,60,0.13264196,0,0.98702948,1.31520157,0.90768266,1.15415727,1.09396808,0.00628768
"18905",196,60,0.12922024,0,0.96902069,1.31520157,0.90768266,1.15415727,1.09396808,0
"18906",192,61,0.08586424,0,0.2765648,0.40933094,0.28249859,0.35920903,0.34047631,0.00761565
"18907",193,61,0.25598262,0,0.82148836,1.15213818,0.79514492,1.01106073,0.95833401,0.0196776
"18908",194,61,0.12859408,0,0.98282829,1.31145471,0.90509677,1.1508692,1.09085148,0.01730383
"18909",195,61,0.12758592,0,0.95680595,1.31145471,0.90509677,1.1508692,1.09085148,0.01314541
"18910",196,61,0.11614334,0,0.93358593,1.31145471,0.90509677,1.1508692,1.09085148,0.01670715
"18911",197,61,0.10667285,0,0.93455944,1.31145471,0.90509677,1.1508692,1.09085148,0.00778443
"18912",198,61,0.1056381,0,0.96871694,1.31145471,0.90509677,1.1508692,1.09085148,0.01016199
"18913",192,62,0.06923634,0,0.22070606,0.32764994,0.22612668,0.28752974,0.27253509,0.00752708
"18914",193,62,0.26060312,0,0.8485291,1.26157471,0.87067223,1.10709693,1.04936193,0.03225822
"18915",194,62,0.12697661,0,0.97479622,1.30769654,0.90250308,1.14757122,1.08772549,0.04122713
"18916",195,62,0.10348368,0,0.96365198,1.30769654,0.90250308,1.14757122,1.08772549,0.01680573
"18917",196,62,0.01193368,0.2492468,0.07897953,1.30769654,0.90250308,1.14757122,1.08772549,0
"18918",197,62,0.10538603,0,0.92845413,1.30769654,0.90250308,1.14757122,1.08772549,0.01985383
"18919",198,62,0.01203181,0.29962799,0.07932249,1.30769654,0.90250308,1.14757122,1.08772549,0.00952874
"18920",199,62,0.01089002,0.28278745,0.08772055,1.30769654,0.90250308,1.14757122,1.08772549,0
"18921",190,63,0.02878859,0,0.09501964,0.13902244,0.09594595,0.12199937,0.11563711,0.00163677
"18922",191,63,0.14595093,0,0.46261587,0.61727438,0.42601017,0.54169013,0.51344104,0.01407258
"18923",192,63,0.21943696,0,0.71294691,0.98835599,0.6821111,0.8673334,0.82210204,0.02561798
"18924",193,63,0.26779974,0,0.90860542,1.30392708,0.8999016,1.14426333,1.0845901,0.02375774
"18925",194,63,0.10355836,0,0.9216049,1.30392708,0.8999016,1.14426333,1.0845901,0.01538823
"18926",195,63,0.13176055,0,1.00201363,1.30392708,0.8999016,1.14426333,1.0845901,0.06868114
"18927",196,63,0.01192822,0.25043926,0.07888179,1.30392708,0.8999016,1.14426333,1.0845901,0.00751157
"18928",197,63,0.12883923,0,0.95387728,1.30392708,0.8999016,1.14426333,1.0845901,0.01161875
"18929",198,63,0.01223265,0.26308318,0.08355497,1.30392708,0.8999016,1.14426333,1.0845901,0.00575005
"18930",199,63,0,0,0,1.30392708,0.8999016,1.14426333,1.0845901,0
"18931",188,64,0.00940322,0,0.03098614,0.05057191,0.03490206,0.04437946,0.04206508,0.00092037
"18932",189,64,0.16412916,0,0.50667274,0.69375797,0.47879511,0.60880843,0.57705913,0.02235253
"18933",190,64,0.31761667,0,0.95884058,1.29636341,0.89468155,1.13762581,1.07829873,0.05116896
"18934",191,64,0.30780886,0,0.95992338,1.30014632,0.89729232,1.14094551,1.08144531,0.04674067
"18935",192,64,0.30316316,0,0.96441242,1.30014632,0.89729232,1.14094551,1.08144531,0.03424555
"18936",193,64,0.2936185,0,0.97274485,1.30014632,0.89729232,1.14094551,1.08144531,0.02954054
"18937",194,64,0.28325488,0,0.93173112,1.30014632,0.89729232,1.14094551,1.08144531,0.05352062
"18938",195,64,0.27705543,0,0.92019778,1.30014632,0.89729232,1.14094551,1.08144531,0.03852283
"18939",196,64,0.10468016,0,0.92310421,1.30014632,0.89729232,1.14094551,1.08144531,0.03399984
"18940",197,64,0.28087114,0,0.9143139,1.30014632,0.89729232,1.14094551,1.08144531,0.04911593
"18941",198,64,0.09999033,0,0.91992232,1.30014632,0.89729232,1.14094551,1.08144531,0.00475961
"18942",199,64,0.01176302,0.23963807,0.07823614,1.30014632,0.89729232,1.14094551,1.08144531,0.00078265
"18943",200,64,0,0.40218303,0,1.30014632,0.89729232,1.14094551,1.08144531,0.00567877
"18944",201,64,0,0.44338315,0,1.30014632,0.89729232,1.14094551,1.08144531,0.01308666
"18945",202,64,0,0.62768255,0,1.30014632,0.89729232,1.14094551,1.08144531,0.02175953
"18946",203,64,0.00877837,0.2552828,0.07943846,1.30014632,0.89729232,1.14094551,1.08144531,0.06475986
"18947",204,64,0.01004524,0.25271301,0.08043672,1.30014632,0.89729232,1.14094551,1.08144531,0.07246807
"18948",205,64,0,0.53261618,0,1.30014632,0.89729232,1.14094551,1.08144531,0.00227333
"18949",188,65,0.04715708,0,0.14665877,0.21836945,0.15070706,0.19163046,0.18163695,5.656e-05
"18950",189,65,0.30244565,0,0.93845391,1.295912,0.89437001,1.13722968,1.07792325,0.04803073
"18951",190,65,0.31404069,0,0.95983502,1.29635372,0.89467487,1.13761731,1.07829067,0.0638178
"18952",191,65,0.3152765,0,0.95918649,1.29635372,0.89467487,1.13761731,1.07829067,0.04792914
"18953",192,65,0.31516553,0,0.95482843,1.29635372,0.89467487,1.13761731,1.07829067,0.04758433
"18954",193,65,0.29724691,0,0.96353599,1.29635372,0.89467487,1.13761731,1.07829067,0.05740245
"18955",194,65,0.25017216,0,0.8904269,1.29635372,0.89467487,1.13761731,1.07829067,0.03364658
"18956",195,65,0.24111034,0,0.86821876,1.29635372,0.89467487,1.13761731,1.07829067,0.04066082
"18957",196,65,0.25484434,0,0.86769468,1.29635372,0.89467487,1.13761731,1.07829067,0.04913599
"18958",197,65,0.12743293,0,0.95424986,1.29635372,0.89467487,1.13761731,1.07829067,0.01362923
"18959",198,65,0.12738428,0,0.96239441,1.29635372,0.89467487,1.13761731,1.07829067,0.02778475
"18960",199,65,0.12723003,0,0.94504378,1.29635372,0.89467487,1.13761731,1.07829067,0.03373732
"18961",200,65,0.12519737,0,0.93157332,1.29635372,0.89467487,1.13761731,1.07829067,0.03379177
"18962",201,65,0.12186885,0,0.92625098,1.29635372,0.89467487,1.13761731,1.07829067,0.0584369
"18963",202,65,0.13186086,0,0.99969584,1.29635372,0.89467487,1.13761731,1.07829067,0.02285754
"18964",203,65,0.01199899,0.2513089,0.08152503,1.29635372,0.89467487,1.13761731,1.07829067,0
"18965",204,65,0.0209299,0.29467844,0.07825552,1.29635372,0.89467487,1.13761731,1.07829067,0
"18966",187,66,0.00060979,0,0.00191511,0.00311898,0.00215255,0.00273707,0.00259433,0
"18967",188,66,0.13868483,0,0.44268628,0.64680649,0.44639168,0.56760609,0.53800548,0.03389689
"18968",189,66,0.3000278,0,0.88671453,1.29255036,0.89204999,1.13427967,1.07512709,0.04184436
"18969",190,66,0.29823034,0,0.92623739,1.29255036,0.89204999,1.13427967,1.07512709,0.05774974
"18970",191,66,0.30244474,0,0.9456295,1.29255036,0.89204999,1.13427967,1.07512709,0.23877975
"18971",192,66,0.29210617,0,0.87999126,1.29255036,0.89204999,1.13427967,1.07512709,0.04210673
"18972",193,66,0.30228921,0,0.93475994,1.29255036,0.89204999,1.13427967,1.07512709,0.04682045
"18973",194,66,0.28776229,0,0.94237256,1.29255036,0.89204999,1.13427967,1.07512709,0.073058
"18974",195,66,0.26730888,0,0.88544287,1.29255036,0.89204999,1.13427967,1.07512709,0.0869096
"18975",196,66,0.24381812,0,0.86899271,1.29255036,0.89204999,1.13427967,1.07512709,0.06469817
"18976",197,66,0.1035471,0,0.91629531,1.29255036,0.89204999,1.13427967,1.07512709,0.03210028
"18977",198,66,0.10478486,0,0.94266427,1.29255036,0.89204999,1.13427967,1.07512709,0.00364611
"18978",199,66,0.01214813,0.28931341,0.07887037,1.29255036,0.89204999,1.13427967,1.07512709,0.01590538
"18979",200,66,0.10614776,0,0.94045405,1.29255036,0.89204999,1.13427967,1.07512709,0.06021969
"18980",201,66,0.25473076,0,0.92192672,1.29255036,0.89204999,1.13427967,1.07512709,0.15076636
"18981",202,66,0.26571403,0,0.91685361,1.29255036,0.89204999,1.13427967,1.07512709,0.06982806
"18982",203,66,0.1039196,0,0.91859755,1.29255036,0.89204999,1.13427967,1.07512709,0.03105982
"18983",186,67,0.0507726,0,0.17280809,0.2315857,0.15982822,0.20322841,0.19263006,0.00524888
"18984",187,67,0.1873178,0,0.6421636,0.89968217,0.62091311,0.78951755,0.74834428,0.04853468
"18985",188,67,0.25059619,0,0.79130854,1.28873571,0.88941732,1.13093211,1.07195411,0.05570299
"18986",189,67,0.25195866,0,0.79130854,1.28873571,0.88941732,1.13093211,1.07195411,0.04207267
"18987",190,67,0.27528112,0,0.85581274,1.28873571,0.88941732,1.13093211,1.07195411,0.04774671
"18988",191,67,0.31114612,0,0.92717615,1.28873571,0.88941732,1.13093211,1.07195411,0.05367333
"18989",192,67,0.31056306,0,0.93724524,1.28873571,0.88941732,1.13093211,1.07195411,0.02937149
"18990",193,67,0.26514411,0,0.90069896,1.28873571,0.88941732,1.13093211,1.07195411,0.02355312
"18991",194,67,0.23234067,0,0.78146704,1.28873571,0.88941732,1.13093211,1.07195411,0.02289461
"18992",195,67,0.23200395,0,0.84030234,1.28873571,0.88941732,1.13093211,1.07195411,0.0309862
"18993",196,67,0.23314533,0,0.86327172,1.28873571,0.88941732,1.13093211,1.07195411,0.0696761
"18994",197,67,0.25428139,0,0.86383405,1.28873571,0.88941732,1.13093211,1.07195411,0.06479589
"18995",198,67,0.25809199,0,0.8791794,1.28873571,0.88941732,1.13093211,1.07195411,0.05058824
"18996",199,67,0.25452269,0,0.87776399,1.28873571,0.88941732,1.13093211,1.07195411,0.07648675
"18997",200,67,0.25346302,0,0.78238692,1.28873571,0.88941732,1.13093211,1.07195411,0.0832162
"18998",201,67,0.27015598,0,0.9271135,1.28873571,0.88941732,1.13093211,1.07195411,0.13670011
"18999",202,67,0.14024314,0,0.97626819,1.28873571,0.88941732,1.13093211,1.07195411,0.06155745
"19000",203,67,0.29063057,0,0.96260463,1.28873571,0.88941732,1.13093211,1.07195411,0.07961739
"19001",186,68,0.27963387,0,0.93126823,1.2402277,0.85593965,1.08836383,1.03160575,0.04493383
"19002",187,68,0.27742867,0,0.9665644,1.28490975,0.88677684,1.12757464,1.06877173,0.05626109
"19003",188,68,0.2751135,0,0.9379046,1.28490975,0.88677684,1.12757464,1.06877173,0.05377481
"19004",189,68,0.27315124,0,0.92272826,1.28490975,0.88677684,1.12757464,1.06877173,0.06645628
"19005",190,68,0.27621068,0,0.93017802,1.28490975,0.88677684,1.12757464,1.06877173,0.06027743
"19006",191,68,0.28244889,0,0.95179033,1.28490975,0.88677684,1.12757464,1.06877173,0.06411785
"19007",192,68,0.30471616,0,0.96213915,1.28490975,0.88677684,1.12757464,1.06877173,0.05718352
"19008",193,68,0.28529459,0,0.94637219,1.28490975,0.88677684,1.12757464,1.06877173,0.05041107
"19009",194,68,0.25383984,0,0.87586072,1.28490975,0.88677684,1.12757464,1.06877173,0.03945645
"19010",195,68,0.25406246,0,0.83870357,1.28490975,0.88677684,1.12757464,1.06877173,0.01746625
"19011",196,68,0.26089811,0,0.89650793,1.28490975,0.88677684,1.12757464,1.06877173,0.06266083
"19012",197,68,0.13474215,0,0.94165733,1.28490975,0.88677684,1.12757464,1.06877173,0.03973526
"19013",198,68,0.14273419,0,1.01885078,1.28490975,0.88677684,1.12757464,1.06877173,0.0485853
"19014",199,68,0.12800995,0,0.98528526,1.28490975,0.88677684,1.12757464,1.06877173,0.03078628
"19015",200,68,0.13052501,0,0.99868751,1.28490975,0.88677684,1.12757464,1.06877173,0.10444671
"19016",201,68,0.13119651,0,0.99471114,1.28490975,0.88677684,1.12757464,1.06877173,0.0873672
"19017",202,68,0.3012684,0,0.99476049,1.28490975,0.88677684,1.12757464,1.06877173,0.04571729
"19018",189,69,0.27445903,0,0.88165067,1.2810725,0.88412857,1.12420725,1.06557995,0.01675213
"19019",190,69,0.28210504,0,0.93231815,1.2810725,0.88412857,1.12420725,1.06557995,0.04587298
"19020",191,69,0.2700427,0,0.94530376,1.2810725,0.88412857,1.12420725,1.06557995,0.12535092
"19021",192,69,0.27120475,0,0.94283036,1.2810725,0.88412857,1.12420725,1.06557995,0.06755804
"19022",193,69,0.26126447,0,0.94577652,1.2810725,0.88412857,1.12420725,1.06557995,0.05091512
"19023",194,69,0.2690677,0,0.92939652,1.2810725,0.88412857,1.12420725,1.06557995,0.05122897
"19024",195,69,0.24271071,0,0.85934782,1.2810725,0.88412857,1.12420725,1.06557995,0.02090228
"19025",196,69,0.09954185,0,0.9034334,1.2810725,0.88412857,1.12420725,1.06557995,0.0326402
"19026",197,69,0.12553332,0,0.95441378,1.2810725,0.88412857,1.12420725,1.06557995,0.05440332
"19027",198,69,0.12653459,0,0.97647262,1.2810725,0.88412857,1.12420725,1.06557995,0.03459502
"19028",199,69,0.12248101,0,0.94446929,1.2810725,0.88412857,1.12420725,1.06557995,0.08985919
"19029",200,69,0.12909721,0,0.98945487,1.2810725,0.88412857,1.12420725,1.06557995,0.05690514
"19030",201,69,0.29773238,0,0.98737905,1.2810725,0.88412857,1.12420725,1.06557995,0.02664122
"19031",192,70,0.26862651,0,0.95475048,1.27722448,0.88147288,1.12083042,1.06237922,0.04782088
"19032",193,70,0.28471283,0,0.95514433,1.27722448,0.88147288,1.12083042,1.06237922,0.06555814
"19033",194,70,0.27502373,0,0.95809677,1.27722448,0.88147288,1.12083042,1.06237922,0.06201784
"19034",195,70,0.26780239,0,0.86862205,1.27722448,0.88147288,1.12083042,1.06237922,0.04496003
"19035",196,70,0.24825812,0,0.8652829,1.27722448,0.88147288,1.12083042,1.06237922,0.05761929
"19036",197,70,0.29148092,0,0.97510256,1.27722448,0.88147288,1.12083042,1.06237922,0.03282824
"19037",192,71,0.30116499,0.27742164,0.95310977,1.27336517,0.87880938,1.11744367,1.05916909,0.043022
"19038",193,71,0.30749803,0,0.95954774,1.27336517,0.87880938,1.11744367,1.05916909,0.06007566
"19039",194,71,0.26781122,0,0.96189527,1.27336517,0.87880938,1.11744367,1.05916909,0.03632995
"19040",195,71,0.27349061,0,0.90590216,1.27336517,0.87880938,1.11744367,1.05916909,0.05373531
"19041",196,71,0.260652,0,0.92224859,1.27336517,0.87880938,1.11744367,1.05916909,0.04501173
"19042",198,70,0.2685473,0,0.92199689,1.27398634,0.88137855,1.12083042,1.06237922,0.06177734
"19043",199,70,0.24972865,0,0.90607175,1.27398634,0.88137855,1.12083042,1.06237922,0.04407513
"19044",197,71,0.28484362,0,0.96128369,1.27013681,0.87871534,1.11744367,1.05916909,0.01280658
"19045",198,71,0.2522447,0,0.90068573,1.27013681,0.87871534,1.11744367,1.05916909,0.12154815
"19046",199,71,0.23594912,0,0.92302866,1.27013681,0.87871534,1.11744367,1.05916909,0.03495278
"19047",200,71,0.02179032,0.29890737,0.08172707,1.27013681,0.87871534,1.11744367,1.05916909,0
"19048",201,71,0.02160467,0.2474834,0.08137715,1.27013681,0.87871534,1.11744367,1.05916909,0.0283043
"19049",202,71,0,0.32155239,0,1.27013681,0.87871534,1.11744367,1.05916909,0
"19050",203,71,0,0.50013959,0,1.27013681,0.87871534,1.11744367,1.05916909,0.00126197
"19051",204,71,0.01800638,0.29705623,0.07841296,1.27013681,0.87871534,1.11744367,1.05916909,0.0517976
"19052",205,71,0.2340142,0.50579609,0.80484568,1.27013681,0.87871534,1.11744367,1.05916909,0.07516608
"19053",206,71,0.3138977,0,0.98920578,1.27013681,0.87871534,1.11744367,1.05916909,0.13618298
"19054",207,71,0.3237176,0,1.0078926,1.27013681,0.87871534,1.11744367,1.05916909,0.12550349
"19055",193,72,0.55345565,0.2765757,0.94940591,1.26627602,0.87604434,1.11404701,1.05594956,0.08032756
"19056",194,72,0.53910046,0,0.946687,1.26627602,0.87604434,1.11404701,1.05594956,0.09006277
"19057",195,72,0.57536217,0,0.95234245,1.26627602,0.87604434,1.11404701,1.05594956,0.07825624
"19058",196,72,0.2238124,0,0.91383751,1.26627602,0.87604434,1.11404701,1.05594956,0.09669356
"19059",197,72,0.21981566,0,0.89788676,1.26627602,0.87604434,1.11404701,1.05594956,0.1152856
"19060",198,72,0.24579266,0,0.90038853,1.26627602,0.87604434,1.11404701,1.05594956,0.0937898
"19061",199,72,0.01878417,0.24582656,0.07665331,1.26627602,0.87604434,1.11404701,1.05594956,0.0021273
"19062",200,72,0.02143907,0.26718616,0.08085364,1.26627602,0.87604434,1.11404701,1.05594956,0
"19063",201,72,0.0209728,0.29096604,0.07963632,1.26627602,0.87604434,1.11404701,1.05594956,0.03465388
"19064",202,72,0.0195739,0.2497357,0.08034541,1.26627602,0.87604434,1.11404701,1.05594956,0.04674954
"19065",203,72,0.0180612,0.29555641,0.07814179,1.26627602,0.87604434,1.11404701,1.05594956,0.03907399
"19066",204,72,0.24452585,0,0.93490606,1.26627602,0.87604434,1.11404701,1.05594956,0.09605778
"19067",205,72,0.26286591,0,0.97181664,1.26627602,0.87604434,1.11404701,1.05594956,0.23201199
"19068",206,72,0.30290194,0,0.99380111,1.26627602,0.87604434,1.11404701,1.05594956,0.10542764
"19069",207,72,0.31324352,0,1.00437683,1.26627602,0.87604434,1.11404701,1.05594956,0.13937189
"19070",208,72,0.31569283,0,1.00820201,1.26627602,0.87604434,1.11404701,1.05594956,0.11428024
"19071",194,73,0.36699969,0,0.95463421,1.26240448,0.87336591,1.11064091,1.05272108,0.07380325
"19072",195,73,0.29017716,0,0.98357005,1.26240448,0.87336591,1.11064091,1.05272108,0.08022892
"19073",196,73,0.19834451,0,0.85216889,1.26240448,0.87336591,1.11064091,1.05272108,0.09643384
"19074",197,73,0.23647334,0,0.89189812,1.26240448,0.87336591,1.11064091,1.05272108,0.06350183
"19075",198,73,0.25300083,0,0.94830499,1.26240448,0.87336591,1.11064091,1.05272108,0.01599169
"19076",199,73,0.25694801,0,0.94320252,1.26240448,0.87336591,1.11064091,1.05272108,0.08997384
"19077",200,73,0.25842588,0,0.90176385,1.26240448,0.87336591,1.11064091,1.05272108,0.01647155
"19078",201,73,0.26687261,0,0.90326859,1.26240448,0.87336591,1.11064091,1.05272108,0.05593799
"19079",202,73,0.26643416,0,0.97913118,1.26240448,0.87336591,1.11064091,1.05272108,0.07369978
"19080",203,73,0.26125342,0,0.96997459,1.26240448,0.87336591,1.11064091,1.05272108,0.11680515
"19081",204,73,0.29300081,0,0.9685734,1.26240448,0.87336591,1.11064091,1.05272108,0.0755706
"19082",205,73,0.29889071,0,0.9888737,1.26240448,0.87336591,1.11064091,1.05272108,0.12083449
"19083",206,73,0.30485838,0,0.99216819,1.26240448,0.87336591,1.11064091,1.05272108,0.13986307
"19084",207,73,0.29403585,0,0.98400584,1.26240448,0.87336591,1.11064091,1.05272108,0.10948538
"19085",208,73,0.28343417,0,0.97342878,1.26240448,0.87336591,1.11064091,1.05272108,0.08842966
"19086",209,73,0.31441439,0,0.99158635,1.26240448,0.87336591,1.11064091,1.05272108,0.08742283
"19087",210,73,0.31859061,0,1.0043435,1.26240448,0.87336591,1.11064091,1.05272108,0.07319929
"19088",211,73,0.31988318,0,1.01764802,1.26240448,0.87336591,1.11064091,1.05272108,0.06041213
"19089",194,74,0.32809437,0.36418163,0.97251401,1.25852168,0.87067968,1.10722489,1.04948321,0.10342503
"19090",195,74,0.28673312,0,0.91347582,1.25852168,0.87067968,1.10722489,1.04948321,0.26007126
"19091",196,74,0.22597952,0,0.87759341,1.25852168,0.87067968,1.10722489,1.04948321,0.07660361
"19092",197,74,0.22415767,0,0.84943947,1.25852168,0.87067968,1.10722489,1.04948321,0.09435014
"19093",198,74,0.24869857,0,0.89894923,1.25852168,0.87067968,1.10722489,1.04948321,0.08154727
"19094",199,74,0.24954508,0,0.8947638,1.25852168,0.87067968,1.10722489,1.04948321,0.08047744
"19095",200,74,0.2415595,0,0.89222613,1.25852168,0.87067968,1.10722489,1.04948321,0.13854744
"19096",201,74,0.23902771,0,0.89187412,1.25852168,0.87067968,1.10722489,1.04948321,0.11064942
"19097",202,74,0.24176477,0,0.90419507,1.25852168,0.87067968,1.10722489,1.04948321,0.07883662
"19098",203,74,0.27413113,0,0.93254725,1.25852168,0.87067968,1.10722489,1.04948321,0.09841916
"19099",204,74,0.24022413,0,0.89465611,1.25852168,0.87067968,1.10722489,1.04948321,0.07114895
"19100",205,74,0.27525812,0,0.92634496,1.25852168,0.87067968,1.10722489,1.04948321,0.10691055
"19101",206,74,0.29472597,0,0.96291097,1.25852168,0.87067968,1.10722489,1.04948321,0.11862978
"19102",207,74,0.27488621,0,0.92969473,1.25852168,0.87067968,1.10722489,1.04948321,0.18770818
"19103",208,74,0.22578298,0,0.88638938,1.25852168,0.87067968,1.10722489,1.04948321,0.05500696
"19104",209,74,0.25650158,0,0.90889928,1.25852168,0.87067968,1.10722489,1.04948321,0.0916717
"19105",210,74,0.23100313,0,0.90213387,1.25852168,0.87067968,1.10722489,1.04948321,0.08811427
"19106",211,74,0.22435769,0,0.88579027,1.25852168,0.87067968,1.10722489,1.04948321,0.0651579
"19107",212,74,0.02096988,0.26863117,0.07897589,1.25852168,0.87067968,1.10722489,1.04948321,0.01599694
"19108",195,75,0.49937788,0.35977265,0.94923527,1.25462815,0.86798602,1.10379942,1.04623638,0.08017532
"19109",196,75,0.45662114,0,0.89918219,1.25462815,0.86798602,1.10379942,1.04623638,0.08016435
"19110",197,75,0.25368435,0,0.89016317,1.25462815,0.86798602,1.10379942,1.04623638,0.10142865
"19111",198,75,0.25723388,0,0.89723291,1.25462815,0.86798602,1.10379942,1.04623638,0.09941028
"19112",199,75,0.23735585,0,0.78545881,1.25462815,0.86798602,1.10379942,1.04623638,0.10375322
"19113",200,75,0.24757734,0,0.88213174,1.25462815,0.86798602,1.10379942,1.04623638,0.10919313
"19114",201,75,0.24406542,0,0.94580873,1.25462815,0.86798602,1.10379942,1.04623638,0.09905778
"19115",202,75,0.2842271,0,0.95300914,1.25462815,0.86798602,1.10379942,1.04623638,0.13346258
"19116",203,75,0.26601248,0,0.90204522,1.25462815,0.86798602,1.10379942,1.04623638,0.12518209
"19117",204,75,0.241126,0,0.89257469,1.25462815,0.86798602,1.10379942,1.04623638,0.09777049
"19118",205,75,0.24122401,0,0.89989115,1.25462815,0.86798602,1.10379942,1.04623638,0.07739079
"19119",206,75,0.24267629,0,0.91145005,1.25462815,0.86798602,1.10379942,1.04623638,0.08457913
"19120",207,75,0.24169078,0,0.9020439,1.25462815,0.86798602,1.10379942,1.04623638,0.08988255
"19121",208,75,0.23314002,0,0.89966316,1.25462815,0.86798602,1.10379942,1.04623638,0.09612148
"19122",209,75,0.23419479,0,0.90787925,1.25462815,0.86798602,1.10379942,1.04623638,0.08265835
"19123",210,75,0.23893178,0,0.89507142,1.25462815,0.86798602,1.10379942,1.04623638,0.06437429
"19124",211,75,0.23765513,0,0.89940396,1.25462815,0.86798602,1.10379942,1.04623638,0.05195622
"19125",212,75,0.2251683,0.40682711,0.78313641,1.25462815,0.86798602,1.10379942,1.04623638,0.07612029
"19126",213,75,0.02072864,0.24968008,0.07614392,1.25462815,0.86798602,1.10379942,1.04623638,0.00682861
"19127",196,76,0.50902609,0.37001031,0.89905207,1.25072334,0.86528457,1.10036404,1.04298016,0.09454321
"19128",197,76,0.47061041,0,0.90646018,1.25072334,0.86528457,1.10036404,1.04298016,0.08320987
"19129",198,76,0.46238176,0,0.91094204,1.25072334,0.86528457,1.10036404,1.04298016,0.08073101
"19130",199,76,0.24054609,0,0.90446498,1.25072334,0.86528457,1.10036404,1.04298016,0.08346233
"19131",200,76,0.25890262,0,0.92190849,1.25072334,0.86528457,1.10036404,1.04298016,0.1004157
"19132",201,76,0.26680985,0,0.94605027,1.25072334,0.86528457,1.10036404,1.04298016,0.06727723
"19133",202,76,0.28012868,0,0.94696038,1.25072334,0.86528457,1.10036404,1.04298016,0.08472328
"19134",203,76,0.28020102,0,0.93257937,1.25072334,0.86528457,1.10036404,1.04298016,0.10741962
"19135",204,76,0.23834279,0,0.88836853,1.25072334,0.86528457,1.10036404,1.04298016,0.0858573
"19136",205,76,0.23789559,0,0.88600805,1.25072334,0.86528457,1.10036404,1.04298016,0.04340721
"19137",206,76,0.2373389,0,0.88543735,1.25072334,0.86528457,1.10036404,1.04298016,0.04452412
"19138",207,76,0.23448908,0,0.88555857,1.25072334,0.86528457,1.10036404,1.04298016,0.05792031
"19139",208,76,0.2426071,0.46527778,0.78617719,1.25072334,0.86528457,1.10036404,1.04298016,0.04897837
"19140",209,76,0.2409652,0.46295089,0.78465278,1.25072334,0.86528457,1.10036404,1.04298016,0.03460971
"19141",210,76,0.23947971,0.46363494,0.78258742,1.25072334,0.86528457,1.10036404,1.04298016,0.02373102
"19142",211,76,0.02070531,0.25719783,0.07680229,1.25072334,0.86528457,1.10036404,1.04298016,0.01129737
"19143",212,76,0.02087252,0.24340657,0.07660495,1.25072334,0.86528457,1.10036404,1.04298016,0.06902712
"19144",213,76,0.01994272,0.30578104,0.07974478,1.25072334,0.86528457,1.10036404,1.04298016,0.05147676
"19145",197,77,0.50952035,0,0.89868663,1.2468078,0.8625757,1.09691922,1.03971499,0.08334319
"19146",198,77,0.31733566,0,0.9531745,1.2468078,0.8625757,1.09691922,1.03971499,0.07410793
"19147",199,77,0.29542127,0,0.93452686,1.2468078,0.8625757,1.09691922,1.03971499,0.06477867
"19148",200,77,0.27880061,0,0.97216197,1.2468078,0.8625757,1.09691922,1.03971499,0.07313249
"19149",201,77,0.21250609,0,0.78301712,1.2468078,0.8625757,1.09691922,1.03971499,0.07984861
"19150",202,77,0.2351905,0,0.88431629,1.2468078,0.8625757,1.09691922,1.03971499,0.05240175
"19151",203,77,0.25850928,0,0.88927726,1.2468078,0.8625757,1.09691922,1.03971499,0.11090885
"19152",204,77,0.24529179,0,0.90090334,1.2468078,0.8625757,1.09691922,1.03971499,0.12918812
"19153",205,77,0.23478553,0,0.88708726,1.2468078,0.8625757,1.09691922,1.03971499,0.19207545
"19154",206,77,0.22715523,0,0.88114034,1.2468078,0.8625757,1.09691922,1.03971499,0.09648785
"19155",207,77,0.22448511,0.4346532,0.77988463,1.2468078,0.8625757,1.09691922,1.03971499,0.04744163
"19156",208,77,0.02066297,0.24952261,0.07632193,1.2468078,0.8625757,1.09691922,1.03971499,0.01339827
"19157",209,77,0.02085297,0.30039921,0.07911965,1.2468078,0.8625757,1.09691922,1.03971499,0.01386569
"19158",210,77,0.02087348,0.26456923,0.07761834,1.2468078,0.8625757,1.09691922,1.03971499,0.04825773
"19159",211,77,0.02048592,0.24315645,0.07562158,1.2468078,0.8625757,1.09691922,1.03971499,0.0390141
"19160",212,77,0,0.43567501,0,1.2468078,0.8625757,1.09691922,1.03971499,0.02291574
"19161",213,77,0,0.36183548,0,1.2468078,0.8625757,1.09691922,1.03971499,0
"19162",198,78,0.50585467,0.37192439,0.9076361,1.24203968,0.86008945,1.10119896,1.03937975,0.12396373
"19163",199,78,0.3033618,0.37173752,0.89879493,1.24288153,0.85985939,1.09346496,1.03644086,0.05982565
"19164",200,78,0.30484025,0,0.96754416,1.24288153,0.85985939,1.09346496,1.03644086,0.09938232
"19165",201,78,0.25380295,0,0.88072746,1.24288153,0.85985939,1.09346496,1.03644086,0.19719159
"19166",202,78,0.23903279,0,0.89072722,1.24288153,0.85985939,1.09346496,1.03644086,0.09025825
"19167",203,78,0.23422663,0,0.8791238,1.24288153,0.85985939,1.09346496,1.03644086,0.11898389
"19168",204,78,0.27232898,0,0.8956794,1.24288153,0.85985939,1.09346496,1.03644086,0.05999912
"19169",205,78,0.00999697,0.28149352,0.0798029,1.24288153,0.85985939,1.09346496,1.03644086,0.04118863
"19170",206,78,0.02083789,0.29062378,0.07786583,1.24288153,0.85985939,1.09346496,1.03644086,0.02357709
"19171",207,78,0.23796377,0.39106739,0.78248347,1.24288153,0.85985939,1.09346496,1.03644086,0.07697026
"19172",208,78,0.22835055,0.45141136,0.78513852,1.24288153,0.85985939,1.09346496,1.03644086,0.08593339
"19173",209,78,0.22976507,0.45800964,0.78935394,1.24288153,0.85985939,1.09346496,1.03644086,0.1037231
"19174",210,78,0.02094499,0.33429006,0.07959217,1.24288153,0.85985939,1.09346496,1.03644086,0.07593088
"19175",211,78,0.0207787,0.2459662,0.0778555,1.24288153,0.85985939,1.09346496,1.03644086,0.00013868
"19176",212,78,0,0.3796193,0,1.21199621,0.83849209,1.06629261,1.01068555,0.01956982
"19177",213,78,0,0.24367913,0,0.55700852,0.38535371,0.49004614,0.46449028,0
"19178",201,79,0.25984889,0.52082019,0.79428133,1.08517213,0.75075173,0.95471505,0.90492675,0.09071621
"19179",202,79,0.22455395,0,0.87357687,1.23304921,0.85305713,1.08481466,1.02824168,0.07679962
"19180",203,79,0.27783719,0,0.88169523,1.23894399,0.85713529,1.09000078,1.03315734,0.07950556
"19181",204,79,0.24321046,0,0.82632677,1.16094608,0.80317421,1.02137962,0.96811476,0.10540866
"19182",205,79,0.00936428,0.26329334,0.07467439,1.21249424,0.83883664,1.06673077,1.01110085,0.01489646
"19183",206,79,0,0.26817462,0.0548194,1.16470652,0.80577579,1.02468799,0.9712506,0.03057046
"19184",207,79,0.17484803,0,0.62106665,0.87365413,0.60441779,0.76862529,0.72854155,0.08318258
"19185",208,79,0.14757212,0.26026368,0.49349169,0.78323072,0.54186041,0.68907239,0.65313733,0.04979728
"19186",209,79,0.00941831,0.13798756,0.03653662,0.57180825,0.39559256,0.50306668,0.4768318,0.01401288
"19187",210,79,0,0.41060188,0.04403111,0.85395193,0.59078727,0.75129165,0.71211186,0.0095843
"19188",211,79,0,0.42888547,0,0.87957413,0.60851341,0.7738336,0.73347825,0.00155631
"19189",212,79,0,0.0486339,0,0.08380574,0.0579791,0.07373079,0.06988574,0
"19190",202,80,0.05756121,0,0.19477517,0.27207952,0.18823205,0.2393707,0.22688754,0.03446966
"19191",203,80,0.14362191,0,0.44361291,0.62110991,0.4297008,0.5464414,0.51794453,0.01959633
"19192",204,80,0.00899662,0,0.02932377,0.04128221,0.02856016,0.03631935,0.0344253,0
"19193",205,80,0.00911424,0,0.02984277,0.04228847,0.02925632,0.03720464,0.03526442,0.00181159
"19194",205,65,0.02196524,0.27342888,0.0788658,1.29312126,0.8945552,1.13761731,1.07829067,0
"19195",206,65,0,0,0,1.29312126,0.8945552,1.13761731,1.07829067,0
"19196",207,65,0,0,0,1.29312126,0.8945552,1.13761731,1.07829067,0.01000808
"19197",208,65,0.02113743,0.28118358,0.07828699,1.29312126,0.8945552,1.13761731,1.07829067,0.01257995
"19198",209,65,0.12157452,0,0.79706018,1.29312126,0.8945552,1.13761731,1.07829067,0.01834938
"19199",215,65,0,0.61293708,0,1.29312126,0.8945552,1.13761731,1.07829067,0.013616
"19200",216,65,0.0202606,0.25992907,0.08043444,1.29312126,0.8945552,1.13761731,1.07829067,0.07774813
"19201",217,65,0.02102296,0.264453,0.08247856,1.29312126,0.8945552,1.13761731,1.07829067,0.14815645
"19202",218,65,0.02097366,0.27703455,0.08170974,1.29312126,0.8945552,1.13761731,1.07829067,0.05354762
"19203",219,65,0,0.52878566,0,1.29312126,0.8945552,1.13761731,1.07829067,0.0182107
"19204",220,65,0.02091912,0.33115037,0.08648733,1.29312126,0.8945552,1.13761731,1.07829067,0.06780361
"19205",204,66,0.24109576,0,0.8009841,1.28932738,0.89193067,1.13427967,1.07512709,0.01125857
"19206",205,66,0.0209496,0.24033176,0.07796248,1.28932738,0.89193067,1.13427967,1.07512709,0.01979121
"19207",206,66,0.02152996,0.23959456,0.07830939,1.28932738,0.89193067,1.13427967,1.07512709,0.02621638
"19208",207,66,0.22423686,0.49428712,0.80162489,1.28932738,0.89193067,1.13427967,1.07512709,0.06212286
"19209",208,66,0.24193344,0,0.80544068,1.28932738,0.89193067,1.13427967,1.07512709,0.15020031
"19210",209,66,0.2819717,0,0.91239083,1.28932738,0.89193067,1.13427967,1.07512709,0.08002967
"19211",210,66,0.23849541,0,0.87150432,1.28932738,0.89193067,1.13427967,1.07512709,0.07148363
"19212",211,66,0.25569806,0,0.91133588,1.28932738,0.89193067,1.13427967,1.07512709,0.0474018
"19213",212,66,0.2238203,0.49429646,0.80251801,1.28932738,0.89193067,1.13427967,1.07512709,0.07624065
"19214",213,66,0.24448087,0.48646249,0.81068422,1.28932738,0.89193067,1.13427967,1.07512709,0.11559492
"19215",214,66,0.24278465,0.52682586,0.80703316,1.28932738,0.89193067,1.13427967,1.07512709,0.04469351
"19216",215,66,0.22639963,0.52374065,0.8047118,1.28932738,0.89193067,1.13427967,1.07512709,0.01807187
"19217",216,66,0.24122567,0.495924,0.80922481,1.28932738,0.89193067,1.13427967,1.07512709,0.05340988
"19218",217,66,0.23665781,0.49389596,0.82280704,1.28932738,0.89193067,1.13427967,1.07512709,0.10586499
"19219",218,66,0.2892263,0,0.98452083,1.28932738,0.89193067,1.13427967,1.07512709,0.09307069
"19220",219,66,0.02303681,0.27624006,0.08312407,1.28932738,0.89193067,1.13427967,1.07512709,0.07013585
"19221",220,66,0.02286168,0.29575781,0.08636434,1.28932738,0.89193067,1.13427967,1.07512709,0.14220668
"19222",221,66,0.0111682,0.36583166,0.08651224,1.28932738,0.89193067,1.13427967,1.07512709,0.00849108
"19223",204,67,0.29398954,0,0.95162073,1.28552224,0.88929835,1.13093211,1.07195411,0.10309623
"19224",205,67,0.30288643,0,0.97155315,1.28552224,0.88929835,1.13093211,1.07195411,0.09945993
"19225",206,67,0.32248821,0,1.00724531,1.28552224,0.88929835,1.13093211,1.07195411,0.05915216
"19226",207,67,0.2878472,0,0.98820259,1.28552224,0.88929835,1.13093211,1.07195411,0.06047668
"19227",208,67,0.28196351,0,0.96756818,1.28552224,0.88929835,1.13093211,1.07195411,0.05643269
"19228",209,67,0.24934192,0,0.90733344,1.28552224,0.88929835,1.13093211,1.07195411,0.02472089
"19229",210,67,0.21721654,0,0.86890003,1.28552224,0.88929835,1.13093211,1.07195411,0.05551848
"19230",211,67,0.25128545,0,0.94597529,1.28552224,0.88929835,1.13093211,1.07195411,0.05001165
"19231",212,67,0.25080608,0,0.9429418,1.28552224,0.88929835,1.13093211,1.07195411,0.0398782
"19232",213,67,0.23818304,0.48910238,0.81747742,1.28552224,0.88929835,1.13093211,1.07195411,0.04928652
"19233",214,67,0.23502655,0.49071382,0.81187521,1.28552224,0.88929835,1.13093211,1.07195411,0.0364338
"19234",215,67,0.24108087,0.52093187,0.80698384,1.28552224,0.88929835,1.13093211,1.07195411,0.05452012
"19235",216,67,0.22563833,0.49244913,0.80197284,1.28552224,0.88929835,1.13093211,1.07195411,0.0063991
"19236",217,67,0.24414594,0.49244839,0.81121941,1.28552224,0.88929835,1.13093211,1.07195411,0.06196382
"19237",218,67,0.2276843,0.49245962,0.81076812,1.28552224,0.88929835,1.13093211,1.07195411,0.07412191
"19238",219,67,0.02268878,0.35364471,0.0887907,1.28552224,0.88929835,1.13093211,1.07195411,0.06300264
"19239",220,67,0.29419907,0,1.01850012,1.28552224,0.88929835,1.13093211,1.07195411,0.10576963
"19240",221,67,0.02265568,0.29322927,0.08542166,1.28552224,0.88929835,1.13093211,1.07195411,0.09131971
"19241",203,68,0.28043121,0,0.93014288,1.28170582,0.88665823,1.12757464,1.06877173,0.05595946
"19242",204,68,0.28665388,0,0.93128162,1.28170582,0.88665823,1.12757464,1.06877173,0.03279935
"19243",205,68,0.29459179,0,0.99128198,1.28170582,0.88665823,1.12757464,1.06877173,0.13200003
"19244",206,68,0.32840722,0,1.00735792,1.28170582,0.88665823,1.12757464,1.06877173,0.06907041
"19245",207,68,0.31190962,0,1.00858413,1.28170582,0.88665823,1.12757464,1.06877173,0.05447018
"19246",208,68,0.30035574,0,0.96216947,1.28170582,0.88665823,1.12757464,1.06877173,0.06329273
"19247",209,68,0.260489,0,0.86942961,1.28170582,0.88665823,1.12757464,1.06877173,0.0766889
"19248",210,68,0.25390121,0,0.90460168,1.28170582,0.88665823,1.12757464,1.06877173,0.06727103
"19249",211,68,0.24618265,0,0.92884829,1.28170582,0.88665823,1.12757464,1.06877173,0.03471964
"19250",212,68,0.26144454,0,0.95293348,1.28170582,0.88665823,1.12757464,1.06877173,0.0372752
"19251",213,68,0.01921377,0.48689328,0.07732339,1.28170582,0.88665823,1.12757464,1.06877173,0.02867092
"19252",214,68,0.22461041,0.48642504,0.82330454,1.28170582,0.88665823,1.12757464,1.06877173,0.03551181
"19253",215,68,0.22346783,0.48645619,0.81875901,1.28170582,0.88665823,1.12757464,1.06877173,0.04825897
"19254",216,68,0.22888497,0.53036951,0.81279952,1.28170582,0.88665823,1.12757464,1.06877173,0.03397401
"19255",217,68,0.24215952,0.52714811,0.80732654,1.28170582,0.88665823,1.12757464,1.06877173,0.0896616
"19256",218,68,0.22298576,0.49193889,0.79765306,1.28170582,0.88665823,1.12757464,1.06877173,0.05015286
"19257",219,68,0.02238455,0.30129439,0.08136402,1.28170582,0.88665823,1.12757464,1.06877173,0.02169723
"19258",220,68,0.02087992,0.29117577,0.08214613,1.28170582,0.88665823,1.12757464,1.06877173,0.0769431
"19259",221,68,0.02078874,0.27451029,0.08141435,1.28170582,0.88665823,1.12757464,1.06877173,0.07932538
"19260",202,69,0.24391357,0.42663316,0.80401308,1.27787814,0.88401031,1.12420725,1.06557995,0.06451832
"19261",203,69,0.02162757,0.32957349,0.08230276,1.27787814,0.88401031,1.12420725,1.06557995,0.022909
"19262",204,69,0.23191214,0.43544095,0.80646196,1.27787814,0.88401031,1.12420725,1.06557995,0.00145974
"19263",205,69,0.29618636,0,0.96070331,1.27787814,0.88401031,1.12420725,1.06557995,0.07064953
"19264",206,69,0.31003916,0,1.00559866,1.27787814,0.88401031,1.12420725,1.06557995,0.10845739
"19265",207,69,0.31589609,0,1.0161844,1.27787814,0.88401031,1.12420725,1.06557995,0.07222259
"19266",208,69,0.28311142,0,0.92518935,1.27787814,0.88401031,1.12420725,1.06557995,0.07668817
"19267",209,69,0.28154883,0,0.91489593,1.27787814,0.88401031,1.12420725,1.06557995,0.11427688
"19268",210,69,0.27499441,0,0.90099453,1.27787814,0.88401031,1.12420725,1.06557995,0.08203504
"19269",211,69,0.26853042,0,0.8981125,1.27787814,0.88401031,1.12420725,1.06557995,0.07048166
"19270",212,69,0.28497894,0,0.94656886,1.27787814,0.88401031,1.12420725,1.06557995,0.08535691
"19271",213,69,0.28636344,0,0.95172251,1.27787814,0.88401031,1.12420725,1.06557995,0.06774189
"19272",214,69,0.25542952,0.48465804,0.81969161,1.27787814,0.88401031,1.12420725,1.06557995,0.05861521
"19273",215,69,0.24281175,0.48349175,0.82112708,1.27787814,0.88401031,1.12420725,1.06557995,0.10268015
"19274",216,69,0.24227046,0.51897396,0.82078526,1.27787814,0.88401031,1.12420725,1.06557995,0.05592625
"19275",217,69,0.02168112,0.51272421,0.07811532,1.27787814,0.88401031,1.12420725,1.06557995,0.00618238
"19276",218,69,0.02100518,0.33378732,0.0788611,1.27787814,0.88401031,1.12420725,1.06557995,0.00673765
"19277",219,69,0.02233582,0.33607589,0.08452836,1.27787814,0.88401031,1.12420725,1.06557995,0.1112217
"19278",220,69,0.0201777,0.36145173,0.08171855,1.27787814,0.88401031,1.12420725,1.06557995,0.02867095
"19279",221,69,0.02014924,0.24651006,0.07989705,1.27787814,0.88401031,1.12420725,1.06557995,0
"19280",200,70,0.02119843,0.25538854,0.07933582,1.27403972,0.88135497,1.12083042,1.06237922,0.01927287
"19281",201,70,0.02153341,0.3010091,0.08200698,1.27403972,0.88135497,1.12083042,1.06237922,0.04703885
"19282",202,70,0.02081538,0.27096469,0.07688844,1.27403972,0.88135497,1.12083042,1.06237922,0.03606767
"19283",203,70,0.02109189,0.2451246,0.07718543,1.27403972,0.88135497,1.12083042,1.06237922,0.03014679
"19284",204,70,0.23044092,0.42821046,0.8014759,1.27403972,0.88135497,1.12083042,1.06237922,0.04386345
"19285",205,70,0.23553132,0.46600053,0.81022315,1.27403972,0.88135497,1.12083042,1.06237922,0.04959873
"19286",206,70,0.28845371,0,0.93006282,1.27403972,0.88135497,1.12083042,1.06237922,0.07792222
"19287",207,70,0.31592538,0,1.01352726,1.27403972,0.88135497,1.12083042,1.06237922,0.13085171
"19288",208,70,0.33031705,0,1.01939805,1.27403972,0.88135497,1.12083042,1.06237922,0.10839417
"19289",209,70,0.31682661,0,1.01105117,1.27403972,0.88135497,1.12083042,1.06237922,0.10024802
"19290",210,70,0.29996207,0,0.96216517,1.27403972,0.88135497,1.12083042,1.06237922,0.10452201
"19291",211,70,0.29293921,0,0.91317746,1.27403972,0.88135497,1.12083042,1.06237922,0.08559238
"19292",212,70,0.28756714,0,0.90818276,1.27403972,0.88135497,1.12083042,1.06237922,0.08512698
"19293",213,70,0.23479017,0.4891498,0.80786123,1.27403972,0.88135497,1.12083042,1.06237922,0.05199232
"19294",214,70,0.02673092,0.48245388,0.0880112,1.27403972,0.88135497,1.12083042,1.06237922,0.06875573
"19295",215,70,0.0252923,0.51780272,0.08446033,1.27403972,0.88135497,1.12083042,1.06237922,0.08498457
"19296",216,70,0.023725,0.52052741,0.080886,1.27403972,0.88135497,1.12083042,1.06237922,0.03551631
"19297",217,70,0.02185318,0.26731666,0.07836186,1.27403972,0.88135497,1.12083042,1.06237922,0.02559196
"19298",218,70,0.02224611,0.32764113,0.08362951,1.27403972,0.88135497,1.12083042,1.06237922,0.12348786
"19299",219,70,0.02041043,0.2979708,0.08046932,1.27403972,0.88135497,1.12083042,1.06237922,0.05187301
"19300",208,71,0.33067511,0,1.00868141,1.27019003,0.87869183,1.11744367,1.05916909,0.11490985
"19301",209,71,0.33926474,0,1.01770898,1.27019003,0.87869183,1.11744367,1.05916909,0.14723781
"19302",210,71,0.31800796,0,0.99757462,1.27019003,0.87869183,1.11744367,1.05916909,0.12400396
"19303",211,71,0.27099326,0,0.86099949,1.27019003,0.87869183,1.11744367,1.05916909,0.19458552
"19304",212,71,0.26616552,0,0.86096519,1.27019003,0.87869183,1.11744367,1.05916909,0.10903313
"19305",213,71,0.23403868,0.49041049,0.80062086,1.27019003,0.87869183,1.11744367,1.05916909,0.07409993
"19306",214,71,0.2309028,0.51387182,0.80074413,1.27019003,0.87869183,1.11744367,1.05916909,0.08390968
"19307",215,71,0.02081296,0.37405144,0.07824201,1.27019003,0.87869183,1.11744367,1.05916909,0.00524263
"19308",216,71,0.02063745,0.34347979,0.07759861,1.27019003,0.87869183,1.11744367,1.05916909,0.00369235
"19309",217,71,0.0213832,0.2703697,0.07884835,1.27019003,0.87869183,1.11744367,1.05916909,0.03795624
"19310",218,71,0.02162238,0.33712176,0.07916467,1.27019003,0.87869183,1.11744367,1.05916909,0.09572528
"19311",219,71,0.01993406,0.28795496,0.07994137,1.27019003,0.87869183,1.11744367,1.05916909,0.09685437
"19312",209,72,0.3099605,0,1.0114891,1.26632907,0.8760209,1.11404701,1.05594956,0.10625054
"19313",210,72,0.31823948,0,1.01750565,1.26632907,0.8760209,1.11404701,1.05594956,0.08271608
"19314",211,72,0.31045615,0,0.99350186,1.26632907,0.8760209,1.11404701,1.05594956,0.11904959
"19315",212,72,0.28884241,0,0.9319323,1.26632907,0.8760209,1.11404701,1.05594956,0.10295904
"19316",213,72,0.23049562,0.49144319,0.79698606,1.26632907,0.8760209,1.11404701,1.05594956,0.11853593
"19317",214,72,0.02060367,0.3194763,0.07708804,1.26632907,0.8760209,1.11404701,1.05594956,0.01402457
"19318",215,72,0.02174143,0.25487736,0.0777966,1.26632907,0.8760209,1.11404701,1.05594956,0
"19319",216,72,0.0225833,0.32800122,0.08705786,1.26632907,0.8760209,1.11404701,1.05594956,0.08438712
"19320",217,72,0.02190839,0.28004344,0.07983731,1.26632907,0.8760209,1.11404701,1.05594956,0.1194273
"19321",218,72,0.01960788,0.27247138,0.08076217,1.26632907,0.8760209,1.11404701,1.05594956,0.00931678
"19322",212,73,0.24766559,0.48683015,0.80055165,1.26240448,0.87336591,1.11064091,1.05272108,0.09426609
"19323",213,73,0.24338825,0.48780465,0.79010301,1.26245737,0.87334254,1.11064091,1.05272108,0.06041225
"19324",214,73,0.01785764,0.35730822,0.07594586,1.26245737,0.87334254,1.11064091,1.05272108,0.02034811
"19325",215,73,0.01921905,0.23828417,0.07431253,1.26245737,0.87334254,1.11064091,1.05272108,0.03006654
"19326",216,73,0.02150294,0.29173781,0.07896813,1.26245737,0.87334254,1.11064091,1.05272108,0.11166369
"19327",217,73,0.02133535,0.24614681,0.07753186,1.26245737,0.87334254,1.11064091,1.05272108,0.02858873
"19328",218,73,0.01969258,0.25375999,0.0804883,1.26245737,0.87334254,1.11064091,1.05272108,0.05457332
"19329",213,74,0.02140235,0.28490126,0.07709152,1.25857441,0.87065638,1.10722489,1.04948321,0
"19330",214,74,0.01909171,0.22634952,0.07840507,1.25857441,0.87065638,1.10722489,1.04948321,0.0032016
"19331",215,74,0,0.43907244,0,1.25857441,0.87065638,1.10722489,1.04948321,0.01624115
"19332",216,74,0.02172582,0.25042867,0.07780599,1.25857441,0.87065638,1.10722489,1.04948321,0.02267838
"19333",217,74,0.01798368,0.23711607,0.07753014,1.25857441,0.87065638,1.10722489,1.04948321,0.00802803
"19334",219,58,0.31899241,0,0.9532606,1.33368818,0.91386852,1.16070319,1.10017262,0.14180982
"19335",220,58,0.32475073,0,0.9558754,1.33368818,0.91386852,1.16070319,1.10017262,0.59721211
"19336",221,58,0.33280491,0,0.96050849,1.33368818,0.91386852,1.16070319,1.10017262,0.18676111
"19337",220,59,0.45699026,0,0.9538233,1.32993341,0.91129567,1.15743542,1.09707527,0.15512429
"19338",221,59,0.45873984,0,0.95561474,1.32993341,0.91129567,1.15743542,1.09707527,0.09553301
"19339",220,60,0.31135573,0,0.93260954,1.30933884,0.90739127,1.15415727,1.09396808,0.10972039
"19340",221,60,0.30607952,0,0.91881201,1.30933884,0.90739127,1.15415727,1.09396808,0.11432628
"19341",170,145,0,0.18208313,0,0.71498206,0.48385926,0.62437049,0.58761534,0.05900523
"19342",171,145,0,0.2217988,0,0.8710642,0.5894868,0.76067194,0.71589305,0.11421738
"19343",168,146,0,0.25745608,0,0.97558269,0.66021898,0.85194452,0.80179264,0.02864167
"19344",169,146,0,0.24442421,0,0.95982007,0.64955173,0.83817954,0.78883798,0.18566723
"19345",170,146,0,0.23137023,0,0.9085627,0.61486365,0.79341814,0.74671157,0.06490559
"19346",171,146,0,0.24839948,0,0.97558269,0.66021898,0.85194452,0.80179264,0.08910592
"19347",172,146,0,0.23839565,0,0.93624323,0.63359626,0.81759065,0.7694611,0.27931537
"19348",173,146,0,0.17483769,0,0.68661693,0.46466336,0.59960016,0.56430317,0.06300525
"19349",174,146,0,0.19409419,0,0.76230016,0.51588147,0.66569184,0.6265042,0.09771924
"19350",168,147,0,0.19891093,0,0.74690375,0.50546206,0.65224667,0.61385051,0.06506566
"19351",169,147,0,0.17451606,0,0.68690782,0.46486021,0.59985417,0.56454224,0.15762696
"19352",170,147,0,0.21202003,0,0.8614486,0.5829795,0.75227494,0.70799037,0.29216355
"19353",171,147,0,0.21766792,0,0.87462627,0.5918974,0.76378257,0.71882057,0.4420102
"19354",172,147,0,0.2450136,0,0.96353006,0.65206244,0.84141935,0.79188706,0.51981937
"19355",173,147,0,0.23910328,0,0.93890681,0.63539882,0.81991667,0.77165019,0.44670898
"19356",174,147,0,0.21635316,0,0.84964946,0.57499451,0.74197113,0.69829312,0.4130147
"19357",175,147,0,0.17930766,0,0.70425296,0.47659842,0.61500113,0.57879752,0.2799978
"19358",169,148,0,0.12257853,0,0.51013235,0.34522861,0.44548193,0.41925751,0.03300191
"19359",170,148,0,0.16121824,0,0.6709324,0.45404895,0.58590336,0.55141267,0.18013231
"19360",171,148,0,0.22683935,0,0.94395738,0.63881676,0.82432717,0.77580106,0.51103324
"19361",172,148,0,0.21949696,0,0.91587819,0.61981436,0.79980652,0.75272388,0.53130257
"19362",173,148,0,0.22522959,0,0.92939458,0.62896149,0.81160995,0.76383247,0.36467923
"19363",174,148,0,0.2091276,0,0.81796696,0.5535536,0.71430384,0.67225453,0.31918189
"19364",175,148,0,0.22737357,0,0.83285418,0.56362842,0.72730437,0.68448975,0.29183773
"19365",169,149,0,0.20642382,0,0.85911879,0.58140282,0.7502404,0.70607559,0.12728748
"19366",170,149,0,0.19662184,0,0.81827268,0.5537605,0.71457082,0.6725058,0.15137397
"19367",171,149,0,0.22843857,0,0.95064052,0.64333953,0.83016333,0.78129366,0.32290484
"19368",172,149,0,0.23102303,0,0.961429,0.65064056,0.83958456,0.79016029,0.13763558
"19369",173,149,0,0.24192524,0,0.961429,0.65064056,0.83958456,0.79016029,0.07689978
"19370",174,149,0,0.27790168,0,0.96110128,0.65041878,0.83929837,0.78989094,0.07671934
"19371",175,149,0,0.27413357,0,0.94297091,0.63814918,0.82346571,0.77499032,0.07131693
"19372",172,150,0,0.24536876,0,0.95402085,0.647056,0.83544969,0.78626882,0.02257319
"19373",173,150,0,0.25935146,0,0.95669405,0.64743622,0.83544969,0.78626882,0.04641191
"19374",174,150,0,0.27812817,0,0.95669405,0.64743622,0.83544969,0.78626882,0.08371566
"19375",175,150,0,0.27814317,0,0.95669405,0.64743622,0.83544969,0.78626882,0.08956995
"19376",176,150,0,0.27813995,0,0.95669405,0.64743622,0.83544969,0.78626882,0.09827303
"19377",177,150,0,0.2431459,0,0.83632277,0.56597577,0.73033337,0.68734045,0.18882925
"19378",178,150,0,0.16467451,0,0.56640621,0.38331157,0.49462405,0.46550675,0.04949214
"19379",174,151,0,0.27676511,0,0.95195086,0.6442263,0.83130761,0.78237058,0.05004016
"19380",175,151,0,0.27675035,0,0.95195086,0.6442263,0.83130761,0.78237058,0.03424062
"19381",176,151,0,0.27675899,0,0.95195086,0.6442263,0.83130761,0.78237058,0.04395116
"19382",177,151,0,0.21391319,0,0.73579085,0.49794147,0.64254213,0.60471726,0.02849454
"19383",175,152,0,0.26445855,0,0.90638905,0.61339265,0.79151997,0.74492514,0.08445224
"19384",176,152,0,0.24950331,0,0.85823075,0.58080185,0.7494649,0.70534575,0.04421648
"19385",155,138,0,0.34742239,0,1.01011005,0.68509799,0.8845678,0.83249547,0.01545588
"19386",156,138,0,0.35460898,0,1.01011005,0.68509799,0.8845678,0.83249547,0
"19387",154,139,0,0.33863174,0,1.00548429,0.68196061,0.88051696,0.8286831,0.01146424
"19388",155,139,0,0.33853569,0,1.00548429,0.68196061,0.88051696,0.8286831,0.01213217
"19389",156,139,0,0.34670587,0,1.00548429,0.68196061,0.88051696,0.8286831,0
"19390",157,139,0,0.35297426,0,1.00548429,0.68196061,0.88051696,0.8286831,0.03462322
"19391",158,139,0,0.34946209,0,1.00548429,0.68196061,0.88051696,0.8286831,0.00234476
"19392",159,139,0,0.33670939,0,1.00548429,0.68196061,0.88051696,0.8286831,0.01678608
"19393",154,140,0,0.31905916,0,1.00084977,0.67881728,0.87645844,0.82486349,0.00199392
"19394",155,140,0,0.29779486,0,1.00084977,0.67881728,0.87645844,0.82486349,0.01108908
"19395",156,140,0,0.33813323,0,1.00084977,0.67881728,0.87645844,0.82486349,0.0069408
"19396",157,140,0,0.33334041,0,1.00084977,0.67881728,0.87645844,0.82486349,0.00870729
"19397",158,140,0,0.28938597,0,1.00084977,0.67881728,0.87645844,0.82486349,0.01298316
"19398",159,140,0,0.28544846,0,1.00084977,0.67881728,0.87645844,0.82486349,0.01026361
"19399",160,140,0,0.28544836,0,1.00084977,0.67881728,0.87645844,0.82486349,0
"19400",163,140,0,0.27964656,0,1.00084977,0.67881728,0.87645844,0.82486349,0
"19401",164,140,0,0.25340404,0,0.91044521,0.61750121,0.79728988,0.75035538,0
"19402",151,141,0,0.11557087,0,0.31733908,0.21523235,0.27789836,0.26153917,0.02021752
"19403",152,141,0,0.30118005,0,0.99620592,0.67566763,0.87239175,0.8210362,0.01072213
"19404",153,141,0,0.3072672,0,0.99620592,0.67566763,0.87239175,0.8210362,0.03866332
"19405",154,141,0,0.28432713,0,0.99620592,0.67566763,0.87239175,0.8210362,0.12891247
"19406",155,141,0,0.27466581,0,0.99620592,0.67566763,0.87239175,0.8210362,0.00757173
"19407",156,141,0,0.27712218,0,0.99620592,0.67566763,0.87239175,0.8210362,0
"19408",157,141,0,0.27144477,0,0.99620592,0.67566763,0.87239175,0.8210362,0.00060211
"19409",158,141,0,0.27331345,0,0.99620592,0.67566763,0.87239175,0.8210362,0.04856459
"19410",159,141,0,0.27235485,0,0.99620592,0.67566763,0.87239175,0.8210362,0.05753505
"19411",160,141,0,0.27629443,0,0.99620592,0.67566763,0.87239175,0.8210362,0.03402626
"19412",161,141,0,0.28074457,0,0.99620592,0.67566763,0.87239175,0.8210362,0
"19413",162,141,0,0.27809493,0,0.99620592,0.67566763,0.87239175,0.8210362,0.01879938
"19414",163,141,0,0.27120374,0,0.99620592,0.67566763,0.87239175,0.8210362,0.03461723
"19415",164,141,0,0.26275042,0,0.94743535,0.64258944,0.82968267,0.78084129,0.04488224
"19416",151,142,0,0.00890298,0,0.02169707,0.01471584,0.01900044,0.01788193,0
"19417",152,142,0,0.16500045,0,0.5520298,0.37440921,0.48342038,0.45496261,0.00421201
"19418",153,142,0,0.22285242,0,0.83037896,0.563197,0.72717472,0.68436773,0.03325195
"19419",154,142,0,0.26610099,0,0.99155384,0.67251241,0.86831786,0.81720213,0.063502
"19420",155,142,0,0.26615789,0,0.99155384,0.67251241,0.86831786,0.81720213,0.09356414
"19421",156,142,0,0.26609507,0,0.99155384,0.67251241,0.86831786,0.81720213,0.08545222
"19422",157,142,0,0.26608022,0,0.99155384,0.67251241,0.86831786,0.81720213,0.3049386
"19423",158,142,0,0.26609936,0,0.99155384,0.67251241,0.86831786,0.81720213,0.15722125
"19424",159,142,0,0.26610098,0,0.99155384,0.67251241,0.86831786,0.81720213,0.04715137
"19425",160,142,0,0.27175175,0,0.99155384,0.67251241,0.86831786,0.81720213,0.02292462
"19426",161,142,0,0.27597623,0,0.99155384,0.67251241,0.86831786,0.81720213,0.03521066
"19427",162,142,0,0.27098911,0,0.99155384,0.67251241,0.86831786,0.81720213,0.019749
"19428",163,142,0,0.27041189,0,0.98058714,0.66507434,0.85871417,0.80816378,0
"19429",164,142,0,0.25645601,0,0.91934414,0.62353683,0.8050828,0.75768955,0.00492248
"19430",153,143,0,0.1114132,0,0.34827176,0.23621216,0.30498655,0.28703275,0.01022109
"19431",154,143,0,0.28445303,0,0.97806206,0.66336172,0.85650292,0.8060827,0.11695513
"19432",155,143,0,0.29193581,0,0.98689244,0.66935086,0.86423581,0.81336038,0.03951581
"19433",156,143,0,0.28675257,0,0.98689244,0.66935086,0.86423581,0.81336038,0.01356946
"19434",157,143,0,0.31651943,0,0.98689244,0.66935086,0.86423581,0.81336038,0.03369685
"19435",158,143,0,0.2986655,0,0.98689244,0.66935086,0.86423581,0.81336038,0.00765578
"19436",159,143,0,0.27371803,0,0.98689244,0.66935086,0.86423581,0.81336038,0.09239054
"19437",160,143,0,0.27027092,0,0.98689244,0.66935086,0.86423581,0.81336038,0.2454778
"19438",161,143,0,0.24962406,0,0.92692268,0.62867691,0.81171943,0.76393551,0.24941176
"19439",162,143,0,0.24161694,0,0.88203377,0.59823141,0.77240958,0.72693973,0.02617148
"19440",163,143,0,0.26252054,0,0.93614513,0.63493195,0.81979566,0.77153631,0.02418243
"19441",164,143,0,0.250052,0,0.87101059,0.59075504,0.76275642,0.71785483,0.02167368
"19442",165,143,0,0.15102478,0,0.54838063,0.37193419,0.48022475,0.4519551,0.01812427
"19443",151,144,0,0.32533111,0,0.97922672,0.66415165,0.85752283,0.80704257,0
"19444",152,144,0,0.25009996,0,0.71895343,0.48762364,0.62959779,0.59253491,0.01196204
"19445",153,144,0,0.12626958,0,0.42797062,0.2902672,0.37477999,0.35271761,0.01001699
"19446",154,144,0,0.31144721,0,0.97720556,0.66278081,0.85575287,0.8053768,0.04167415
"19447",155,144,0,0.34880923,0,0.98222282,0.66618373,0.86014656,0.80951185,0.00092869
"19448",156,144,0,0.30860787,0,0.98222282,0.66618373,0.86014656,0.80951185,0.03082966
"19449",157,144,0,0.30123556,0,0.98222282,0.66618373,0.86014656,0.80951185,0.03873357
"19450",158,144,0,0.32363586,0,0.98222282,0.66618373,0.86014656,0.80951185,0.09564573
"19451",159,144,0,0.33293439,0,0.98222282,0.66618373,0.86014656,0.80951185,0.0215419
"19452",160,144,0,0.35985124,0,0.98222282,0.66618373,0.86014656,0.80951185,0.03324763
"19453",161,144,0,0.35996177,0,0.98222282,0.66618373,0.86014656,0.80951185,0.06571212
"19454",162,144,0,0.35443657,0,0.98222282,0.66618373,0.86014656,0.80951185,0.07614181
"19455",163,144,0,0.30538157,0,0.98222282,0.66618373,0.86014656,0.80951185,0.07344313
"19456",164,144,0,0.27042312,0,0.98222282,0.66618373,0.86014656,0.80951185,0.08721135
"19457",165,144,0,0.27000117,0,0.98222282,0.66618373,0.86014656,0.80951185,0.19292893
"19458",166,144,0,0.2604139,0,0.95485048,0.64761869,0.83617621,0.78695257,0.24567739
"19459",167,144,0,0.18313673,0,0.70497636,0.47814383,0.61735787,0.58101554,0.00441311
"19460",168,144,0,0.15831899,0,0.60844416,0.41267174,0.53282324,0.50145725,0.02447971
"19461",150,145,0,0.31929073,0,0.97754388,0.66301028,0.85604914,0.80565564,0.0206928
"19462",151,145,0,0.32009408,0,0.97754388,0.66301028,0.85604914,0.80565564,0.05347071
"19463",152,145,0,0.31086455,0,0.97754388,0.66301028,0.85604914,0.80565564,0
"19464",153,145,0,0.25612723,0,0.91146018,0.6181896,0.7981787,0.75119188,0.03611411
"19465",154,145,0,0.2699218,0,0.97528255,0.66147655,0.85406886,0.80379193,0.03894139
"19466",155,145,0,0.30252053,0,0.97754388,0.66301028,0.85604914,0.80565564,0
"19467",156,145,0,0.30968064,0,0.97754388,0.66301028,0.85604914,0.80565564,0.01484943
"19468",157,145,0,0.35450212,0,0.97754388,0.66301028,0.85604914,0.80565564,0
"19469",158,145,0,0.3524995,0,0.97754388,0.66301028,0.85604914,0.80565564,0.01399006
"19470",159,145,0,0.34640859,0,0.97754388,0.66301028,0.85604914,0.80565564,0.00432458
"19471",160,145,0,0.31558091,0,0.97754388,0.66301028,0.85604914,0.80565564,0.01519263
"19472",161,145,0,0.30910615,0,0.97754388,0.66301028,0.85604914,0.80565564,0.08296527
"19473",162,145,0,0.27280686,0,0.97754388,0.66301028,0.85604914,0.80565564,0.0002526
"19474",163,145,0,0.26872518,0,0.97754388,0.66301028,0.85604914,0.80565564,0.02579574
"19475",164,145,0,0.26871135,0,0.97754388,0.66301028,0.85604914,0.80565564,0.01012922
"19476",165,145,0,0.26872112,0,0.97754388,0.66301028,0.85604914,0.80565564,0
"19477",166,145,0,0.26864922,0,0.97754388,0.66301028,0.85604914,0.80565564,0.00130385
"19478",167,145,0,0.26848567,0,0.97754388,0.66301028,0.85604914,0.80565564,0.08251292
"19479",168,145,0,0.2662547,0,0.97754388,0.66301028,0.85604914,0.80565564,0.11672859
"19480",169,145,0,0.22534114,0,0.85428582,0.57941162,0.7481103,0.70407089,0.1179906
"19481",150,146,0,0.31527471,0,0.97285671,0.65983125,0.85194452,0.80179264,0.0077805
"19482",151,146,0,0.3169952,0,0.97285671,0.65983125,0.85194452,0.80179264,0.03907186
"19483",152,146,0,0.28659589,0,0.97285671,0.65983125,0.85194452,0.80179264,0.03948527
"19484",153,146,0,0.25718185,0,0.97285671,0.65983125,0.85194452,0.80179264,0.08337253
"19485",154,146,0,0.26544503,0,0.97285671,0.65983125,0.85194452,0.80179264,0.21290544
"19486",155,146,0,0.26435273,0,0.97285671,0.65983125,0.85194452,0.80179264,0.09288023
"19487",156,146,0,0.25896452,0,0.97285671,0.65983125,0.85194452,0.80179264,0.0145881
"19488",157,146,0,0.26223753,0,0.9496243,0.64407407,0.83159957,0.78264535,0.04795595
"19489",158,146,0,0.22544756,0,0.80910191,0.54876604,0.7085421,0.66683197,0.01599976
"19490",159,146,0,0.25258429,0,0.9184827,0.62295257,0.80432843,0.75697959,0.04568066
"19491",160,146,0,0.26744235,0,0.97285671,0.65983125,0.85194452,0.80179264,0.03563498
"19492",161,146,0,0.26743691,0,0.97285671,0.65983125,0.85194452,0.80179264,0.02946047
"19493",162,146,0,0.26743961,0,0.97285671,0.65983125,0.85194452,0.80179264,0.03581447
"19494",163,146,0,0.2674297,0,0.97285671,0.65983125,0.85194452,0.80179264,0.09687462
"19495",164,146,0,0.26744394,0,0.97285671,0.65983125,0.85194452,0.80179264,0.06623344
"19496",165,146,0,0.26743406,0,0.97285671,0.65983125,0.85194452,0.80179264,0.0141131
"19497",166,146,0,0.26743532,0,0.97285671,0.65983125,0.85194452,0.80179264,0.0160267
"19498",167,146,0,0.26742424,0,0.97285671,0.65983125,0.85194452,0.80179264,0.03857814
"19499",150,147,0,0.3177104,0,0.96816077,0.65664627,0.84783222,0.79792242,0.11286578
"19500",151,147,0,0.31374402,0,0.96816077,0.65664627,0.84783222,0.79792242,0.05600128
"19501",152,147,0,0.31762674,0,0.96816077,0.65664627,0.84783222,0.79792242,0
"19502",153,147,0,0.30125159,0,0.96816077,0.65664627,0.84783222,0.79792242,0.09397733
"19503",154,147,0,0.2698677,0,0.96816077,0.65664627,0.84783222,0.79792242,0.15185124
"19504",155,147,0,0.23448137,0,0.91334809,0.61947007,0.79983197,0.75274784,0.24521862
"19505",156,147,0,0.18493575,0,0.73215679,0.4965787,0.64116016,0.60341664,0.04720292
"19506",157,147,0,0.11845376,0,0.46812959,0.31750465,0.40994777,0.38581515,0.00792318
"19507",158,147,0,0.07126037,0,0.25597873,0.17361526,0.22416423,0.21096824,0
"19508",159,147,0,0.11104734,0,0.39909255,0.27068091,0.34949105,0.32891737,0.00058932
"19509",160,147,0,0.20853367,0,0.75860025,0.51451374,0.66431707,0.62521036,0.0142693
"19510",161,147,0,0.23165936,0,0.84272198,0.57156855,0.73798368,0.6945404,0
"19511",162,147,0,0.25966996,0,0.94622736,0.64177013,0.82862482,0.77984572,0.04606743
"19512",163,147,0,0.26592705,0,0.96816077,0.65664627,0.84783222,0.79792242,0.03275062
"19513",164,147,0,0.26540628,0,0.96816077,0.65664627,0.84783222,0.79792242,0.00979133
"19514",165,147,0,0.26460147,0,0.96816077,0.65664627,0.84783222,0.79792242,0.00884515
"19515",166,147,0,0.26571503,0,0.96816077,0.65664627,0.84783222,0.79792242,0.08187473
"19516",167,147,0,0.2219967,0,0.80755835,0.54771913,0.70719038,0.66555983,0.08182671
"19517",150,148,0,0.31470509,0,0.96265275,0.6532808,0.84371223,0.79404497,0.03804949
"19518",151,148,0,0.31451775,0,0.96345605,0.65345534,0.84371223,0.79404497,0.08155525
"19519",152,148,0,0.3238687,0,0.96345605,0.65345534,0.84371223,0.79404497,0
"19520",153,148,0,0.34425872,0,0.96345605,0.65345534,0.84371223,0.79404497,0.00504516
"19521",154,148,0,0.31053533,0,0.96345605,0.65345534,0.84371223,0.79404497,0.04773501
"19522",155,148,0,0.24905525,0,0.96345605,0.65345534,0.84371223,0.79404497,0.06360511
"19523",156,148,0,0.24300096,0,0.96345605,0.65345534,0.84371223,0.79404497,0.04060605
"19524",157,148,0,0.24345955,0,0.96345605,0.65345534,0.84371223,0.79404497,0.07971581
"19525",158,148,0,0.25124091,0,0.96345605,0.65345534,0.84371223,0.79404497,0.0904194
"19526",159,148,0,0.25762395,0,0.96345605,0.65345534,0.84371223,0.79404497,0.12618419
"19527",160,148,0,0.2174308,0,0.83123765,0.5637794,0.72792669,0.68507544,0.05182169
"19528",161,148,0,0.19118904,0,0.7575946,0.51383167,0.66343642,0.62438155,0.02522827
"19529",162,148,0,0.19226664,0,0.76560687,0.51926592,0.67045288,0.63098497,0.18644465
"19530",163,148,0,0.1770625,0,0.72105794,0.48905101,0.63144074,0.59426937,0.11568931
"19531",164,148,0,0.17142217,0,0.70988616,0.48147385,0.62165745,0.58506201,0.04784375
"19532",165,148,0,0.17806768,0,0.73843468,0.50083663,0.64665779,0.60859064,0.05153449
"19533",166,148,0,0.1628502,0,0.66603196,0.45173014,0.5832537,0.54891899,0.04021454
"19534",167,148,0,0.14167624,0,0.58678876,0.39798416,0.5138593,0.48360967,0.01534497
"19535",168,148,0,0.05430543,0,0.22537231,0.15285673,0.19736175,0.18574355,0
"19536",151,149,0,0.3106969,0,0.95874256,0.65025846,0.83958456,0.79016029,0
"19537",152,149,0,0.32290476,0,0.95874256,0.65025846,0.83958456,0.79016029,0
"19538",153,149,0,0.33506124,0,0.95874256,0.65025846,0.83958456,0.79016029,0.04551619
"19539",154,149,0,0.31059233,0,0.95874256,0.65025846,0.83958456,0.79016029,0.03862125
"19540",155,149,0,0.28066277,0,0.95874256,0.65025846,0.83958456,0.79016029,0.0865106
"19541",156,149,0,0.28596178,0,0.95874256,0.65025846,0.83958456,0.79016029,0.013785
"19542",157,149,0,0.28240425,0,0.95874256,0.65025846,0.83958456,0.79016029,0
"19543",158,149,0,0.28276417,0,0.95874256,0.65025846,0.83958456,0.79016029,0.01663322
"19544",159,149,0,0.28619114,0,0.95874256,0.65025846,0.83958456,0.79016029,0.07145315
"19545",160,149,0,0.29079953,0,0.95823426,0.6499137,0.83913943,0.78974136,0.03846309
"19546",161,149,0,0.26469112,0,0.94701532,0.64230456,0.82931485,0.78049512,0.11198082
"19547",162,149,0,0.25535875,0,0.93711403,0.6355891,0.82064415,0.77233485,0.12472421
"19548",163,149,0,0.15448366,0,0.62178186,0.42171791,0.54450326,0.51244969,0.15932064
"19549",164,149,0,0.18533318,0,0.76916996,0.52168255,0.67357312,0.63392153,0.03856504
"19550",165,149,0,0.18942783,0,0.78612448,0.5331818,0.68842044,0.64789482,0.012851
"19551",166,149,0,0.18543901,0,0.76957353,0.52195627,0.67392653,0.63425414,0.07581549
"19552",167,149,0,0.21790034,0,0.90430002,0.61333329,0.79190844,0.74529074,0.05921691
"19553",168,149,0,0.18167548,0,0.75399917,0.5113931,0.66028784,0.62141832,0.07080716
"19554",151,150,0,0.31110473,0,0.95402085,0.647056,0.83544969,0.78626882,0.04736067
"19555",152,150,0,0.31219939,0,0.95402085,0.647056,0.83544969,0.78626882,0.0126318
"19556",153,150,0,0.33095579,0,0.95402085,0.647056,0.83544969,0.78626882,0.00375158
"19557",154,150,0,0.32584831,0,0.95402085,0.647056,0.83544969,0.78626882,0.05258377
"19558",155,150,0,0.31814935,0,0.95402085,0.647056,0.83544969,0.78626882,0.02869517
"19559",156,150,0,0.30380634,0,0.95402085,0.647056,0.83544969,0.78626882,0
"19560",157,150,0,0.29015777,0,0.95402085,0.647056,0.83544969,0.78626882,0.04037813
"19561",158,150,0,0.29114436,0,0.95402085,0.647056,0.83544969,0.78626882,0.03572403
"19562",159,150,0,0.29176579,0,0.95402085,0.647056,0.83544969,0.78626882,0.0075545
"19563",160,150,0,0.29522241,0,0.95402085,0.647056,0.83544969,0.78626882,0.00049143
"19564",161,150,0,0.29464183,0,0.95402085,0.647056,0.83544969,0.78626882,0.06916348
"19565",162,150,0,0.29398744,0,0.95402085,0.647056,0.83544969,0.78626882,0.02007659
"19566",163,150,0,0.24030996,0,0.95402085,0.647056,0.83544969,0.78626882,0.08791863
"19567",164,150,0,0.26292788,0,0.95402085,0.647056,0.83544969,0.78626882,0.01896099
"19568",165,150,0,0.23559385,0,0.95402085,0.647056,0.83544969,0.78626882,0.01628968
"19569",166,150,0,0.23960959,0,0.95402085,0.647056,0.83544969,0.78626882,0
"19570",167,150,0,0.26899466,0,0.95402085,0.647056,0.83544969,0.78626882,0.01883152
"19571",168,150,0,0.23133199,0,0.91608922,0.62132921,0.80223242,0.75500697,0.01943875
"19572",169,150,0,0.17546378,0,0.72806566,0.49380393,0.6375775,0.60004488,0.08501071
"19573",170,150,0,0.22931854,0,0.95173704,0.64550702,0.83344972,0.78438659,0.1712542
"19574",171,150,0,0.24388874,0,0.95402085,0.647056,0.83544969,0.78626882,0.0411008
"19575",150,151,0,0.32208757,0,0.94929091,0.64384796,0.83130761,0.78237058,0
"19576",151,151,0,0.32532745,0,0.94929091,0.64384796,0.83130761,0.78237058,0
"19577",152,151,0,0.32748383,0,0.94929091,0.64384796,0.83130761,0.78237058,0.00414165
"19578",153,151,0,0.33643398,0,0.94929091,0.64384796,0.83130761,0.78237058,0.05393352
"19579",154,151,0,0.19912081,0,0.94929091,0.64384796,0.83130761,0.78237058,0.02654227
"19580",155,151,0,0.20086526,0,0.94929091,0.64384796,0.83130761,0.78237058,0
"19581",157,151,0,0.2953082,0,0.94929091,0.64384796,0.83130761,0.78237058,0
"19582",158,151,0,0.29460513,0,0.94929091,0.64384796,0.83130761,0.78237058,0.05244852
"19583",159,151,0,0.29518998,0,0.94929091,0.64384796,0.83130761,0.78237058,0.00753107
"19584",160,151,0,0.29528571,0,0.94929091,0.64384796,0.83130761,0.78237058,0.02073585
"19585",161,151,0,0.29225505,0,0.94929091,0.64384796,0.83130761,0.78237058,0.01015886
"19586",162,151,0,0.2702368,0,0.94929091,0.64384796,0.83130761,0.78237058,0.03165082
"19587",163,151,0,0.2630488,0,0.94929091,0.64384796,0.83130761,0.78237058,0.08541835
"19588",164,151,0,0.28161705,0,0.94929091,0.64384796,0.83130761,0.78237058,0.04182655
"19589",165,151,0,0.25315055,0,0.94929091,0.64384796,0.83130761,0.78237058,0.05832848
"19590",166,151,0,0.30686082,0,0.94929091,0.64384796,0.83130761,0.78237058,0.0188103
"19591",167,151,0,0.30561457,0,0.94929091,0.64384796,0.83130761,0.78237058,0.0254742
"19592",168,151,0,0.29734957,0,0.94929091,0.64384796,0.83130761,0.78237058,0.04085704
"19593",169,151,0,0.23598052,0,0.94929091,0.64384796,0.83130761,0.78237058,0.21815007
"19594",170,151,0,0.25523695,0,0.94929091,0.64384796,0.83130761,0.78237058,0.10586645
"19595",171,151,0,0.27347551,0,0.94929091,0.64384796,0.83130761,0.78237058,0.03909709
"19596",172,151,0,0.27674945,0,0.94929091,0.64384796,0.83130761,0.78237058,0.02531329
"19597",173,151,0,0.27675297,0,0.94929091,0.64384796,0.83130761,0.78237058,0.01241907
"19598",158,152,0,0.27816388,0,0.94455165,0.6406336,0.82715738,0.77846466,0.04090093
"19599",159,152,0,0.27702529,0,0.94455165,0.6406336,0.82715738,0.77846466,0.08728109
"19600",160,152,0,0.27718687,0,0.94455165,0.6406336,0.82715738,0.77846466,0.02998655
"19601",162,152,0,0.29393052,0,0.94455165,0.6406336,0.82715738,0.77846466,0
"19602",163,152,0,0.30156498,0,0.94455165,0.6406336,0.82715738,0.77846466,0.01506784
"19603",164,152,0,0.32675045,0,0.94455165,0.6406336,0.82715738,0.77846466,0.01357109
"19604",165,152,0,0.30618586,0,0.94455165,0.6406336,0.82715738,0.77846466,0.02225577
"19605",166,152,0,0.31074941,0,0.94455165,0.6406336,0.82715738,0.77846466,0
"19606",167,152,0,0.31076219,0,0.94455165,0.6406336,0.82715738,0.77846466,0.01125046
"19607",168,152,0,0.29899438,0,0.94455165,0.6406336,0.82715738,0.77846466,0
"19608",169,152,0,0.23921411,0,0.94455165,0.6406336,0.82715738,0.77846466,0.06228494
"19609",170,152,0,0.27083993,0,0.94455165,0.6406336,0.82715738,0.77846466,0.04075228
"19610",171,152,0,0.27537729,0,0.94455165,0.6406336,0.82715738,0.77846466,0
"19611",172,152,0,0.27537474,0,0.94455165,0.6406336,0.82715738,0.77846466,0.04045325
"19612",173,152,0,0.27536283,0,0.94455165,0.6406336,0.82715738,0.77846466,0.00376914
"19613",174,152,0,0.2753757,0,0.94455165,0.6406336,0.82715738,0.77846466,0.00759005
"19614",165,153,0,0.28804797,0,0.93980471,0.63741403,0.82300042,0.77455241,0.00940524
"19615",166,153,0,0.29388373,0,0.93980471,0.63741403,0.82300042,0.77455241,0.00440771
"19616",167,153,0,0.30676646,0,0.93980471,0.63741403,0.82300042,0.77455241,0.01439449
"19617",168,153,0,0.28114887,0,0.93980471,0.63741403,0.82300042,0.77455241,0.01596641
"19618",169,153,0,0.27415176,0,0.93980471,0.63741403,0.82300042,0.77455241,0.019035
"19619",170,153,0,0.27398128,0,0.93980471,0.63741403,0.82300042,0.77455241,0.04843839
"19620",171,153,0,0.27398227,0,0.93980471,0.63741403,0.82300042,0.77455241,0.03398111
"19621",172,153,0,0.27397802,0,0.93980471,0.63741403,0.82300042,0.77455241,0.00353074
"19622",173,153,0,0.27399841,0,0.93980471,0.63741403,0.82300042,0.77455241,0.01729325
"19623",174,153,0,0.27283906,0,0.93592086,0.63477984,0.81959927,0.77135148,0.06659628
"19624",175,153,0,0.23205777,0,0.79596435,0.53985561,0.69703735,0.65600448,0
"19625",167,154,0,0.29087827,0,0.935049,0.63418851,0.81883577,0.77063293,0.03214333
"19626",168,154,0,0.30769026,0,0.935049,0.63418851,0.81883577,0.77063293,0.09743769
"19627",169,154,0,0.28428419,0,0.935049,0.63418851,0.81883577,0.77063293,0.02982492
"19628",170,154,0,0.27261278,0,0.935049,0.63418851,0.81883577,0.77063293,0.02817211
"19629",171,154,0,0.27261032,0,0.935049,0.63418851,0.81883577,0.77063293,0.0043991
"19630",172,154,0,0.23523198,0,0.80685758,0.54724384,0.70657671,0.66498228,0.0249511
"19631",174,154,0,0.18647326,0,0.6396362,0.43382746,0.56013856,0.52716458,0.0080736
"19632",168,155,0,0.28935779,0,0.87954707,0.59654483,0.77023194,0.72489028,0.10341732
"19633",169,155,0,0.24937343,0,0.78680057,0.53364036,0.6890125,0.64845203,0.04716906
"19634",171,155,0,0.17181859,0,0.58934236,0.39971611,0.51609552,0.48571425,0
"19635",141,124,0.4293063,0,0.02744002,0.42104433,0.28566131,0.36872966,0.34702345,0.12392732
"19636",142,124,0.85282514,0,0.05465759,0.83656223,0.56757315,0.73261953,0.68949203,0.10924426
"19637",143,124,1.01090068,0,0.06480181,0.99163655,0.67278472,0.86842591,0.81730381,0.06334771
"19638",144,124,0.97412414,0,0.06244275,0.95555923,0.64830773,0.83683118,0.78756899,0.11390149
"19639",145,124,0.70327555,0,0.04521775,0.69157192,0.46920317,0.60564424,0.56999146,0.05234767
"19640",146,124,0.52563231,0,0.03389346,0.51837531,0.35169638,0.45396728,0.42724334,0.07342485
"19641",147,124,0.50868202,0,0.02630625,0.50911924,0.34541652,0.44586128,0.41961452,0.07048978
"19642",148,124,0.76327536,0,0.03903693,0.76403253,0.51836473,0.66910164,0.62971327,0.02768616
"19643",149,124,0.46174633,0,0.0240002,0.4621771,0.3135682,0.40475169,0.38092495,0.04577782
"19644",141,125,0.47579663,0,0.03045765,0.46668697,0.31662797,0.40870121,0.38464198,0.2279925
"19645",142,125,1.04910824,0,0.06724548,1.02911043,0.69820921,0.90124366,0.84818967,0.38657686
"19646",143,125,1.08750544,0,0.06991965,1.06936919,0.72552312,0.93650028,0.88137081,0.15535633
"19647",144,125,1.08619507,0,0.06991965,1.06936919,0.72552312,0.93650028,0.88137081,0.10125169
"19648",145,125,1.08525683,0,0.06991965,1.06936919,0.72552312,0.93650028,0.88137081,0.09633323
"19649",146,125,1.08490961,0,0.06991965,1.06936919,0.72552312,0.93650028,0.88137081,0.06123257
"19650",147,125,1.08683639,0,0.06768302,1.06936919,0.72552312,0.93650028,0.88137081,0.06320619
"19651",148,125,1.08612902,0,0.06768302,1.06936919,0.72552312,0.93650028,0.88137081,0.04342147
"19652",149,125,0.97246866,0,0.05030117,0.97343531,0.66043593,0.85248617,0.80230241,0.09403709
"19653",141,126,0.34395048,0,0.02202477,0.33737238,0.22889332,0.29545392,0.27806128,0.11695174
"19654",142,126,1.0075861,0,0.06457453,0.98837025,0.67056867,0.86556544,0.81461174,0.22929568
"19655",143,126,1.08557082,0,0.06956787,1.06486316,0.72246596,0.93255412,0.87765695,0.23383013
"19656",144,126,1.08163971,0,0.06932513,1.06486316,0.72246596,0.93255412,0.87765695,0.08490648
"19657",145,126,1.0654881,0,0.05376223,1.06486316,0.72246596,0.93255412,0.87765695,0.02553021
"19658",146,126,1.08532111,0,0.06739782,1.06486316,0.72246596,0.93255412,0.87765695,0.01757809
"19659",147,126,1.08094502,0,0.06739782,1.06486316,0.72246596,0.93255412,0.87765695,0
"19660",148,126,1.08013615,0,0.06739782,1.06486316,0.72246596,0.93255412,0.87765695,0.05242303
"19661",149,126,0.35896942,0,0.01765594,0.35885801,0.24347043,0.31426997,0.29576967,0.03287865
"19662",140,127,0.41902295,0,0.02687633,0.41105353,0.27888296,0.35998021,0.33878906,0.15037856
"19663",141,127,0.07567709,0,0.04226143,1.02238921,0.69364914,0.89535756,0.84265006,0.12713987
"19664",142,127,0.07848679,0.19830164,0.04397219,1.0603478,0.71940248,0.9285998,0.87393541,0.06242425
"19665",143,127,0.07839135,0.20529057,0.04336515,1.0603478,0.71940248,0.9285998,0.87393541,0.07038917
"19666",144,127,0.07848678,0.20256656,0.04289598,1.0603478,0.71940248,0.9285998,0.87393541,0.03519329
"19667",145,127,0.07848678,0.20266841,0.04290293,1.0603478,0.71940248,0.9285998,0.87393541,0.1647941
"19668",146,127,0.07848678,0.20306404,0.04305144,1.0603478,0.71940248,0.9285998,0.87393541,0.02547234
"19669",147,127,1.05973039,0,0.05159787,1.0603478,0.71940248,0.9285998,0.87393541,0.03144714
"19670",148,127,1.07735496,0,0.06711204,1.0603478,0.71940248,0.9285998,0.87393541,0.09608373
"19671",149,127,0.77402188,0,0.04283697,0.84709421,0.57471867,0.74184293,0.69817246,0.13592676
"19672",140,128,0.0747685,0,0.03981288,1.01011414,0.685321,0.88460766,0.83253298,0.33093497
"19673",141,128,0.07815187,0,0.04174272,1.05582313,0.71633267,0.92463731,0.87020619,0.22470155
"19674",142,128,0.07815187,0.19745546,0.04234197,1.05582313,0.71633267,0.92463731,0.87020619,0.08316811
"19675",143,128,0.07773927,0.04935074,0.04161446,1.05582313,0.71633267,0.92463731,0.87020619,0.08514663
"19676",144,128,0.07777318,0.22020487,0,1.05582313,0.71633267,0.92463731,0.87020619,0.06381598
"19677",145,128,0.0780778,0.20934203,0.0429732,1.05582313,0.71633267,0.92463731,0.87020619,0.05797043
"19678",146,128,0.07815187,0.20810857,0.0429732,1.05582313,0.71633267,0.92463731,0.87020619,0.11916137
"19679",147,128,1.07342453,0,0.06997796,1.05582313,0.71633267,0.92463731,0.87020619,0.05818981
"19680",148,128,1.05675335,0,0.05116005,1.05582313,0.71633267,0.92463731,0.87020619,0.18003565
"19681",149,128,1.07303722,0,0.06997791,1.05582313,0.71633267,0.92463731,0.87020619,0.10141488
"19682",150,128,1.04179085,0,0.06799043,1.02583536,0.69598721,0.89837552,0.84549036,0.07836448
"19683",151,128,0.96074276,0,0.04584972,0.95856179,0.65034485,0.83946067,0.79004369,0.11675659
"19684",152,128,0.53899265,0,0.02570735,0.5377609,0.36484871,0.47094422,0.44322089,0.13144194
"19685",139,129,0.04527334,0,0.02410724,0.6116378,0.41497116,0.53564193,0.50411001,0.13697407
"19686",140,129,0.04583529,0,0.02440647,0.61922974,0.42012198,0.54229057,0.51036726,0.07958087
"19687",141,129,0.07759569,0.04913881,0.04143577,1.05128913,0.71325654,0.92066666,0.86646928,0.20255205
"19688",142,129,0.07740543,0.04913881,0.04143577,1.05128913,0.71325654,0.92066666,0.86646928,0.08270431
"19689",143,129,0.07740543,0.04913881,0,1.05128913,0.71325654,0.92066666,0.86646928,0.06984632
"19690",144,129,0.07740543,0.04913881,0.04211793,1.05128913,0.71325654,0.92066666,0.86646928,0.01720471
"19691",145,129,0.07744665,0.0530535,0.04211793,1.05128913,0.71325654,0.92066666,0.86646928,0.01956648
"19692",146,129,0.07760397,0.22860621,0.04450512,1.05128913,0.71325654,0.92066666,0.86646928,0.09347288
"19693",147,129,0.0776317,0.22903425,0.04450512,1.05128913,0.71325654,0.92066666,0.86646928,0.0342723
"19694",148,129,1.04861292,0,0.05012133,1.05128913,0.71325654,0.92066666,0.86646928,0.099892
"19695",149,129,1.04807931,0,0.05010486,1.05128913,0.71325654,0.92066666,0.86646928,0.03061541
"19696",150,129,1.04728191,0,0.0501175,1.05128913,0.71325654,0.92066666,0.86646928,0.01537765
"19697",151,129,1.04862119,0,0.05016497,1.05128913,0.71325654,0.92066666,0.86646928,0.07986655
"19698",152,129,0.58012702,0.38207549,0.06591294,1.05128913,0.71325654,0.92066666,0.86646928,0.10370275
"19699",153,129,0.58024875,0.38055743,0.06591294,1.05128913,0.71325654,0.92066666,0.86646928,0.07813812
"19700",154,129,0.58171886,0.36714739,0.06591294,1.05128913,0.71325654,0.92066666,0.86646928,0.03124957
"19701",155,129,0.58137614,0.37023506,0.06591294,1.05128913,0.71325654,0.92066666,0.86646928,0.13017773
"19702",156,129,0.57797017,0.37882492,0.06565211,1.04712908,0.71043412,0.9170235,0.86304058,0.04714267
"19703",157,129,0.57411219,0.37514959,0.06520074,1.03992974,0.70554966,0.91071867,0.85710691,0.20130081
"19704",158,129,0.5822245,0.36313949,0.06591294,1.05128913,0.71325654,0.92066666,0.86646928,0.03833569
"19705",159,129,0,0.34656003,0,1.01164393,0.6863589,0.88594737,0.83379383,0.03065631
"19706",140,130,0.05495356,0.03485216,0.0293887,0.74563664,0.50588387,0.65299143,0.61455144,0.10961803
"19707",141,130,0.06486261,0.04117634,0.03529312,0.88093772,0.5976801,0.77148138,0.72606617,0.16775743
"19708",144,130,0,0.25710212,0,1.04674581,0.71017409,0.91668785,0.86272469,0.01442335
"19709",146,130,0,0.25362797,0,1.04674581,0.71017409,0.91668785,0.86272469,0.01119934
"19710",147,130,0.57635088,0.4066217,0.06562808,1.04674581,0.71017409,0.91668785,0.86272469,0.03920765
"19711",148,130,0.57634934,0.40664154,0.06562808,1.04674581,0.71017409,0.91668785,0.86272469,0.04645894
"19712",149,130,0.57625652,0.4058535,0.06562808,1.04674581,0.71017409,0.91668785,0.86272469,0.02530376
"19713",150,130,0.57606715,0.40443384,0.06562808,1.04674581,0.71017409,0.91668785,0.86272469,0.01365231
"19714",151,130,0.57591811,0.40298505,0.06562808,1.04674581,0.71017409,0.91668785,0.86272469,0.021037
"19715",154,130,0.57580747,0.39887043,0.06562808,1.04674581,0.71017409,0.91668785,0.86272469,0.0293002
"19716",155,130,0.57582524,0.40012954,0.06562808,1.04674581,0.71017409,0.91668785,0.86272469,0
"19717",156,130,0.5757643,0.39630821,0.06562808,1.04674581,0.71017409,0.91668785,0.86272469,0.0071055
"19718",157,130,0.57574894,0.39584825,0.06562808,1.04674581,0.71017409,0.91668785,0.86272469,0.02751856
"19719",142,145,0,0.07560716,0,0.23663889,0.16058921,0.20740098,0.19519179,0
"19720",143,145,0,0.09939187,0,0.32620159,0.22136875,0.28589776,0.26906767,0
"19721",141,146,0,0.17110777,0,0.58841596,0.39931414,0.51571425,0.48535543,0.0286367
"19722",142,146,0,0.25687466,0,0.88334139,0.59945808,0.77420018,0.72862493,0
"19723",143,146,0,0.09611521,0,0.2797777,0.18986431,0.24520978,0.23077488,0
"19724",147,146,0,0.03343268,0,0.13588085,0.09221222,0.1190921,0.11208144,0
"19725",148,146,0,0.25395095,0,0.69270726,0.47008888,0.60711985,0.5713802,0
"19726",149,146,0,0.31813786,0,0.97204556,0.65965501,0.85194452,0.80179264,0.00533928
"19727",135,147,0,0.20931172,0,0.96735354,0.65647088,0.84783222,0.79792242,0.01363656
"19728",136,147,0,0.20931802,0,0.96855115,0.65672519,0.84783222,0.79792242,0.00768944
"19729",137,147,0,0.23430155,0,0.96735354,0.65647088,0.84783222,0.79792242,0.00613875
"19730",138,147,0,0.24330953,0,0.96735354,0.65647088,0.84783222,0.79792242,0
"19731",139,147,0,0.24477162,0,0.96735354,0.65647088,0.84783222,0.79792242,0.01245681
"19732",140,147,0,0.27629279,0,0.96735354,0.65647088,0.84783222,0.79792242,0.00272339
"19733",141,147,0,0.27903045,0,0.96357756,0.6539084,0.84452278,0.79480781,0.00707679
"19734",142,147,0,0.22442486,0,0.77178084,0.52375024,0.6764235,0.63660411,0.05960873
"19735",143,147,0,0.03606438,0,0.12570018,0.08530336,0.1101693,0.10368391,0
"19736",144,147,0,0.02156476,0,0.05582931,0.0378872,0.04893132,0.04605085,0.00184837
"19737",145,147,0,0.06192494,0,0.1859032,0.12615867,0.16293394,0.15334242,0.00530727
"19738",146,147,0,0.0153358,0,0.03970307,0.02694352,0.03479756,0.03274911,0
"19739",147,147,0,0.04317862,0,0.11178572,0.07586065,0.09797404,0.09220655,0
"19740",148,147,0,0.22267578,0,0.69353511,0.47065068,0.60784541,0.57206305,0.06009564
"19741",149,147,0,0.31375394,0,0.96735354,0.65647088,0.84783222,0.79792242,0.01955842
"19742",135,148,0,0.20829555,0,0.96265275,0.6532808,0.84371223,0.79404497,0.00079406
"19743",136,148,0,0.31964528,0,0.96265275,0.6532808,0.84371223,0.79404497,0.02863951
"19744",137,148,0,0.31749132,0,0.96265275,0.6532808,0.84371223,0.79404497,0
"19745",138,148,0,0.31950771,0,0.96265275,0.6532808,0.84371223,0.79404497,0
"19746",139,148,0,0.31983046,0,0.96265275,0.6532808,0.84371223,0.79404497,0
"19747",140,148,0,0.29405888,0,0.96265275,0.6532808,0.84371223,0.79404497,0
"19748",141,148,0,0.27299109,0,0.93871377,0.63703519,0.82273103,0.77429888,0.00289772
"19749",142,148,0,0.25670048,0,0.88276831,0.59906917,0.77369791,0.72815222,0.03113932
"19750",143,148,0,0.25318653,0,0.86751922,0.58872075,0.76033293,0.715574,0.08222379
"19751",144,148,0,0.24784564,0,0.83586393,0.56723866,0.7325888,0.6894631,0.1622486
"19752",145,148,0,0.23214278,0,0.78286277,0.53127072,0.6861362,0.64574505,0.10117444
"19753",146,148,0,0.22365644,0,0.75422683,0.51183764,0.66103837,0.62212467,0.00525574
"19754",147,148,0,0.26871688,0,0.90459083,0.6138785,0.79282416,0.74615255,0.00585991
"19755",148,148,0,0.29705525,0,0.95395957,0.64738138,0.83609314,0.78687439,0.01520235
"19756",149,148,0,0.31696727,0,0.96265275,0.6532808,0.84371223,0.79404497,0.00585058
"19757",134,149,0.0388434,0.34055362,0.04313161,0.95794319,0.65008477,0.83958456,0.79016029,0.00411705
"19758",135,149,0,0.31664542,0,0.95794319,0.65008477,0.83958456,0.79016029,0.01537475
"19759",136,149,0,0.31640487,0,0.95794319,0.65008477,0.83958456,0.79016029,0
"19760",137,149,0,0.31570637,0,0.95794319,0.65008477,0.83958456,0.79016029,0
"19761",138,149,0,0.31632886,0,0.95794319,0.65008477,0.83958456,0.79016029,0
"19762",139,149,0,0.2899143,0,0.95794319,0.65008477,0.83958456,0.79016029,0.06647136
"19763",140,149,0,0.2809828,0,0.95794319,0.65008477,0.83958456,0.79016029,0.03649236
"19764",141,149,0,0.277913,0,0.95794319,0.65008477,0.83958456,0.79016029,0
"19765",142,149,0,0.2834823,0,0.95794319,0.65008477,0.83958456,0.79016029,0.01109704
"19766",143,149,0,0.28284295,0,0.95794319,0.65008477,0.83958456,0.79016029,0.03295069
"19767",144,149,0,0.28063966,0,0.95794319,0.65008477,0.83958456,0.79016029,0.08597891
"19768",145,149,0,0.28206855,0,0.95794319,0.65008477,0.83958456,0.79016029,0.0166746
"19769",146,149,0,0.28153236,0,0.95794319,0.65008477,0.83958456,0.79016029,0.03587505
"19770",147,149,0,0.28043172,0,0.95794319,0.65008477,0.83958456,0.79016029,0.0143762
"19771",148,149,0,0.3085924,0,0.95794319,0.65008477,0.83958456,0.79016029,0
"19772",149,149,0,0.31511378,0,0.95794319,0.65008477,0.83958456,0.79016029,0.04086611
"19773",150,149,0,0.310699,0,0.95794319,0.65008477,0.83958456,0.79016029,0
"19774",135,150,0.0386971,0.3371923,0.04360286,0.96668923,0.64702143,0.83422707,0.79197114,0
"19775",136,150,0,0.31409035,0,0.95322541,0.64688317,0.83544969,0.78626882,0.01489824
"19776",137,150,0,0.3125464,0,0.95322541,0.64688317,0.83544969,0.78626882,0.01656438
"19777",138,150,0,0.28088132,0,0.95322541,0.64688317,0.83544969,0.78626882,0.04400751
"19778",139,150,0,0.31138674,0,0.95322541,0.64688317,0.83544969,0.78626882,0.03234214
"19779",140,150,0,0.32856459,0,0.95322541,0.64688317,0.83544969,0.78626882,0.0030851
"19780",141,150,0,0.3217902,0,0.95322541,0.64688317,0.83544969,0.78626882,0.00551733
"19781",142,150,0,0.29791528,0,0.95322541,0.64688317,0.83544969,0.78626882,0.04214205
"19782",143,150,0,0.28168199,0,0.95322541,0.64688317,0.83544969,0.78626882,0
"19783",144,150,0,0.30136257,0,0.95322541,0.64688317,0.83544969,0.78626882,0
"19784",145,150,0,0.30528053,0,0.95322541,0.64688317,0.83544969,0.78626882,0.01256196
"19785",146,150,0,0.28623277,0,0.95322541,0.64688317,0.83544969,0.78626882,0
"19786",147,150,0,0.30943856,0,0.95322541,0.64688317,0.83544969,0.78626882,0
"19787",148,150,0,0.31461554,0,0.95322541,0.64688317,0.83544969,0.78626882,0.02127326
"19788",149,150,0,0.30916839,0,0.95322541,0.64688317,0.83544969,0.78626882,0.05228185
"19789",150,150,0,0.30917214,0,0.95402085,0.647056,0.83544969,0.78626882,0.02772271
"19790",137,151,0.0385127,0.31679695,0.04302257,0.94849941,0.64367599,0.83130761,0.78237058,0.04105177
"19791",138,151,0,0.32587119,0,0.94849941,0.64367599,0.83130761,0.78237058,0
"19792",139,151,0,0.33698741,0,0.94849941,0.64367599,0.83130761,0.78237058,0
"19793",140,151,0,0.33707595,0,0.94849941,0.64367599,0.83130761,0.78237058,0
"19794",141,151,0,0.33564235,0,0.94849941,0.64367599,0.83130761,0.78237058,0.01250546
"19795",142,151,0,0.31173399,0,0.94849941,0.64367599,0.83130761,0.78237058,0.03091467
"19796",143,151,0,0.28231428,0,0.94849941,0.64367599,0.83130761,0.78237058,0
"19797",144,151,0,0.30038903,0,0.94849941,0.64367599,0.83130761,0.78237058,0
"19798",145,151,0,0.28961833,0,0.94849941,0.64367599,0.83130761,0.78237058,0.05680566
"19799",146,151,0,0.24044714,0,0.94849941,0.64367599,0.83130761,0.78237058,0.00593558
"19800",147,151,0,0.18910038,0,0.94849941,0.64367599,0.83130761,0.78237058,0
"19801",148,151,0,0.27617837,0,0.94849941,0.64367599,0.83130761,0.78237058,0.01790141
"19802",149,151,0,0.30967899,0,0.94849941,0.64367599,0.83130761,0.78237058,0.02765922
"19803",156,151,0,0.29593955,0,0.94849941,0.64367599,0.83130761,0.78237058,0
"19804",139,152,0,0.1911542,0,0.94376411,0.64046248,0.82715738,0.77846466,0
"19805",140,152,0,0.19967682,0,0.94376411,0.64046248,0.82715738,0.77846466,0
"19806",141,152,0,0.33336125,0,0.94376411,0.64046248,0.82715738,0.77846466,0.02121007
"19807",142,152,0,0.30042481,0,0.94376411,0.64046248,0.82715738,0.77846466,0.04074204
"19808",143,152,0,0.25279881,0,0.94376411,0.64046248,0.82715738,0.77846466,0
"19809",144,152,0,0.24952085,0,0.94376411,0.64046248,0.82715738,0.77846466,0.0036435
"19810",145,152,0,0.24706722,0,0.94376411,0.64046248,0.82715738,0.77846466,0.06309506
"19811",146,152,0,0.24033463,0,0.94376411,0.64046248,0.82715738,0.77846466,0.05572107
"19812",147,152,0,0.18699423,0,0.94376411,0.64046248,0.82715738,0.77846466,0
"19813",148,152,0,0.18541924,0,0.94376411,0.64046248,0.82715738,0.77846466,0
"19814",149,152,0,0.25159156,0,0.94376411,0.64046248,0.82715738,0.77846466,0
"19815",150,152,0,0.18637177,0,0.94376411,0.64046248,0.82715738,0.77846466,0.01705237
"19816",151,152,0,0.18185138,0,0.94376411,0.64046248,0.82715738,0.77846466,0
"19817",152,152,0,0.17773159,0,0.94455165,0.6406336,0.82715738,0.77846466,0.00393781
"19818",153,152,0,0.19056092,0,0.94376411,0.64046248,0.82715738,0.77846466,0.0558003
"19819",154,152,0,0.18973844,0,0.94376411,0.64046248,0.82715738,0.77846466,0.06663979
"19820",155,152,0,0.31010039,0,0.94376411,0.64046248,0.82715738,0.77846466,0.07584917
"19821",156,152,0,0.2956522,0,0.94376411,0.64046248,0.82715738,0.77846466,0.04377541
"19822",157,152,0,0.29582301,0,0.94376411,0.64046248,0.82715738,0.77846466,0.02449562
"19823",161,152,0,0.29513556,0,0.94376411,0.64046248,0.82715738,0.77846466,0.08391849
"19824",139,153,0,0.18913625,0,0.93902113,0.63724378,0.82300042,0.77455241,0
"19825",140,153,0,0.19137898,0,0.93902113,0.63724378,0.82300042,0.77455241,0.01578539
"19826",141,153,0,0.29310578,0,0.93902113,0.63724378,0.82300042,0.77455241,0
"19827",142,153,0,0.28339207,0,0.93902113,0.63724378,0.82300042,0.77455241,0
"19828",143,153,0,0.18659101,0,0.93902113,0.63724378,0.82300042,0.77455241,0
"19829",144,153,0,0.25020309,0,0.93902113,0.63724378,0.82300042,0.77455241,0.01411449
"19830",145,153,0,0.18584125,0,0.93902113,0.63724378,0.82300042,0.77455241,0
"19831",146,153,0,0.18582743,0,0.93902113,0.63724378,0.82300042,0.77455241,0
"19832",147,153,0,0.1825381,0,0.93902113,0.63724378,0.82300042,0.77455241,0
"19833",148,153,0,0.18089077,0,0.93902113,0.63724378,0.82300042,0.77455241,0
"19834",149,153,0,0.17331966,0,0.93902113,0.63724378,0.82300042,0.77455241,0
"19835",150,153,0,0.1833347,0,0.93902113,0.63724378,0.82300042,0.77455241,0
"19836",151,153,0,0.18704338,0,0.93902113,0.63724378,0.82300042,0.77455241,0
"19837",152,153,0,0.18847867,0,0.93902113,0.63724378,0.82300042,0.77455241,0
"19838",153,153,0,0.33570751,0,0.93902113,0.63724378,0.82300042,0.77455241,0.04217246
"19839",154,153,0,0.33459005,0,0.93902113,0.63724378,0.82300042,0.77455241,0.01539229
"19840",155,153,0,0.30786524,0,0.93902113,0.63724378,0.82300042,0.77455241,0.04183338
"19841",156,153,0,0.2914624,0,0.93902113,0.63724378,0.82300042,0.77455241,0
"19842",157,153,0,0.27644995,0,0.93902113,0.63724378,0.82300042,0.77455241,0
"19843",158,153,0,0.27716125,0,0.93902113,0.63724378,0.82300042,0.77455241,0.01085125
"19844",159,153,0,0.27571385,0,0.93902113,0.63724378,0.82300042,0.77455241,0.05380348
"19845",160,153,0,0.27578144,0,0.93902113,0.63724378,0.82300042,0.77455241,0.02766751
"19846",161,153,0,0.27681533,0,0.93902113,0.63724378,0.82300042,0.77455241,0.03574115
"19847",162,153,0,0.30760896,0,0.93902113,0.63724378,0.82300042,0.77455241,0.04040697
"19848",163,153,0,0.3305547,0,0.93902113,0.63724378,0.82300042,0.77455241,0
"19849",164,153,0,0.32304219,0,0.93902113,0.63724378,0.82300042,0.77455241,0.01548948
"19850",140,154,0,0.1934275,0,0.93426938,0.63401912,0.81883577,0.77063293,0
"19851",141,154,0,0.18331378,0,0.93426938,0.63401912,0.81883577,0.77063293,0
"19852",142,154,0,0.18491178,0,0.93426938,0.63401912,0.81883577,0.77063293,0.00320499
"19853",143,154,0,0.18524575,0,0.93426938,0.63401912,0.81883577,0.77063293,0.02072212
"19854",144,154,0,0.18219743,0,0.93426938,0.63401912,0.81883577,0.77063293,0
"19855",145,154,0,0.17242449,0,0.93426938,0.63401912,0.81883577,0.77063293,0
"19856",146,154,0,0.17242449,0,0.93426938,0.63401912,0.81883577,0.77063293,0
"19857",147,154,0,0.17242456,0,0.93426938,0.63401912,0.81883577,0.77063293,0.00475205
"19858",148,154,0,0.17691633,0,0.93426938,0.63401912,0.81883577,0.77063293,0.00583874
"19859",149,154,0,0.26561053,0,0.93426938,0.63401912,0.81883577,0.77063293,0
"19860",150,154,0,0.26533626,0,0.93426938,0.63401912,0.81883577,0.77063293,0.01162296
"19861",151,154,0,0.26377436,0,0.93426938,0.63401912,0.81883577,0.77063293,0
"19862",152,154,0,0.26409111,0,0.93426938,0.63401912,0.81883577,0.77063293,0.02748889
"19863",153,154,0,0.26592067,0,0.93426938,0.63401912,0.81883577,0.77063293,0.02025375
"19864",154,154,0,0.18566105,0,0.93426938,0.63401912,0.81883577,0.77063293,0.0029074
"19865",155,154,0,0.27254513,0,0.93426938,0.63401912,0.81883577,0.77063293,0.02689231
"19866",156,154,0,0.27496898,0,0.93426938,0.63401912,0.81883577,0.77063293,0.14199437
"19867",157,154,0,0.27422742,0,0.93426938,0.63401912,0.81883577,0.77063293,0.05480131
"19868",158,154,0,0.27411046,0,0.93426938,0.63401912,0.81883577,0.77063293,0.06012132
"19869",159,154,0,0.27388006,0,0.93426938,0.63401912,0.81883577,0.77063293,0.01239465
"19870",160,154,0,0.27017946,0,0.93426938,0.63401912,0.81883577,0.77063293,0.02861767
"19871",161,154,0,0.26746749,0,0.93426938,0.63401912,0.81883577,0.77063293,0.00837413
"19872",162,154,0,0.2660149,0,0.93426938,0.63401912,0.81883577,0.77063293,0
"19873",163,154,0,0.32295366,0,0.93426938,0.63401912,0.81883577,0.77063293,0
"19874",164,154,0,0.29402941,0,0.93426938,0.63401912,0.81883577,0.77063293,0
"19875",165,154,0,0.28578596,0,0.93426938,0.63401912,0.81883577,0.77063293,0.02371089
"19876",166,154,0,0.29081577,0,0.93426938,0.63401912,0.81883577,0.77063293,0.00501889
"19877",139,155,0,0.17510952,0,0.92950942,0.63078889,0.81466393,0.76670667,0
"19878",140,155,0,0.18478999,0,0.92950942,0.63078889,0.81466393,0.76670667,0
"19879",141,155,0,0.18284999,0,0.92950942,0.63078889,0.81466393,0.76670667,0.00305063
"19880",142,155,0,0.18517858,0,0.92950942,0.63078889,0.81466393,0.76670667,0.02564482
"19881",143,155,0,0.17154602,0,0.92950942,0.63078889,0.81466393,0.76670667,0
"19882",144,155,0,0.17155874,0,0.92950942,0.63078889,0.81466393,0.76670667,0
"19883",145,155,0,0.17159661,0,0.92950942,0.63078889,0.81466393,0.76670667,0
"19884",146,155,0,0.17154578,0,0.92950942,0.63078889,0.81466393,0.76670667,0.03950116
"19885",147,155,0,0.17154602,0,0.92950942,0.63078889,0.81466393,0.76670667,0
"19886",148,155,0,0.26419281,0,0.92950942,0.63078889,0.81466393,0.76670667,0
"19887",149,155,0,0.26412839,0,0.92950942,0.63078889,0.81466393,0.76670667,0.03032511
"19888",150,155,0,0.26220222,0,0.92950942,0.63078889,0.81466393,0.76670667,0.03405951
"19889",151,155,0,0.26394318,0,0.92950942,0.63078889,0.81466393,0.76670667,0
"19890",152,155,0,0.26393621,0,0.92950942,0.63078889,0.81466393,0.76670667,0.01434662
"19891",153,155,0,0.26521486,0,0.92950942,0.63078889,0.81466393,0.76670667,0.02835077
"19892",154,155,0,0.26917594,0,0.92950942,0.63078889,0.81466393,0.76670667,0.05469686
"19893",155,155,0,0.27304471,0,0.92950942,0.63078889,0.81466393,0.76670667,0.04697819
"19894",156,155,0,0.2727754,0,0.92950942,0.63078889,0.81466393,0.76670667,0.07239909
"19895",157,155,0,0.26921442,0,0.92950942,0.63078889,0.81466393,0.76670667,0.11336057
"19896",158,155,0,0.26484806,0,0.92950942,0.63078889,0.81466393,0.76670667,0.07214954
"19897",159,155,0,0.2622988,0,0.92950942,0.63078889,0.81466393,0.76670667,0
"19898",160,155,0,0.26045311,0,0.92950942,0.63078889,0.81466393,0.76670667,0
"19899",161,155,0,0.26157085,0,0.92950942,0.63078889,0.81466393,0.76670667,0.04609979
"19900",162,155,0,0.26096516,0,0.92950942,0.63078889,0.81466393,0.76670667,0.02878816
"19901",163,155,0,0.29215587,0,0.92950942,0.63078889,0.81466393,0.76670667,0.0818352
"19902",164,155,0,0.29086517,0,0.92950942,0.63078889,0.81466393,0.76670667,0.12571441
"19903",165,155,0,0.28536941,0,0.92950942,0.63078889,0.81466393,0.76670667,0.1098803
"19904",166,155,0,0.29038079,0,0.92950942,0.63078889,0.81466393,0.76670667,0.08433181
"19905",167,155,0,0.28923631,0,0.925654,0.6281725,0.81128486,0.76352652,0.077958
"19906",138,156,0,0.16697113,0,0.92474124,0.62755308,0.81048488,0.76277363,0
"19907",139,156,0,0.17076202,0,0.92474124,0.62755308,0.81048488,0.76277363,0
"19908",140,156,0,0.17076545,0,0.92474124,0.62755308,0.81048488,0.76277363,0
"19909",141,156,0,0.17073522,0,0.92474124,0.62755308,0.81048488,0.76277363,0.03245163
"19910",142,156,0,0.1707098,0,0.92474124,0.62755308,0.81048488,0.76277363,0
"19911",143,156,0,0.17071454,0,0.92474124,0.62755308,0.81048488,0.76277363,0
"19912",144,156,0,0.17066602,0,0.92474124,0.62755308,0.81048488,0.76277363,0
"19913",145,156,0,0.1707752,0,0.92474124,0.62755308,0.81048488,0.76277363,0.05375114
"19914",146,156,0,0.17068358,0,0.92474124,0.62755308,0.81048488,0.76277363,0.05526437
"19915",147,156,0,0.26331057,0,0.92474124,0.62755308,0.81048488,0.76277363,0.00585009
"19916",148,156,0,0.26314223,0,0.92474124,0.62755308,0.81048488,0.76277363,0
"19917",149,156,0,0.26262666,0,0.92474124,0.62755308,0.81048488,0.76277363,0.00337106
"19918",150,156,0,0.26224245,0,0.92474124,0.62755308,0.81048488,0.76277363,0
"19919",151,156,0,0.26258524,0,0.92474124,0.62755308,0.81048488,0.76277363,0
"19920",152,156,0,0.26518276,0,0.92474124,0.62755308,0.81048488,0.76277363,0.00633834
"19921",153,156,0,0.27044442,0,0.92474124,0.62755308,0.81048488,0.76277363,0.10249562
"19922",154,156,0,0.27094384,0,0.92474124,0.62755308,0.81048488,0.76277363,0.07484363
"19923",155,156,0,0.27165516,0,0.92474124,0.62755308,0.81048488,0.76277363,0.0141423
"19924",156,156,0,0.27079345,0,0.92474124,0.62755308,0.81048488,0.76277363,0.04693319
"19925",157,156,0,0.26368202,0,0.92474124,0.62755308,0.81048488,0.76277363,0.00839085
"19926",158,156,0,0.25750778,0,0.92474124,0.62755308,0.81048488,0.76277363,0.01423067
"19927",159,156,0,0.25776009,0,0.92474124,0.62755308,0.81048488,0.76277363,0.03939461
"19928",160,156,0,0.18441718,0,0.92474124,0.62755308,0.81048488,0.76277363,0
"19929",161,156,0,0.18445698,0,0.92474124,0.62755308,0.81048488,0.76277363,0.01325454
"19930",162,156,0,0.25813264,0,0.92474124,0.62755308,0.81048488,0.76277363,0
"19931",163,156,0,0.26069191,0,0.92474124,0.62755308,0.81048488,0.76277363,0.02358367
"19932",164,156,0,0.33551536,0,0.92474124,0.62755308,0.81048488,0.76277363,0.01388012
"19933",165,156,0,0.29666077,0,0.92474124,0.62755308,0.81048488,0.76277363,0
"19934",166,156,0,0.29032601,0,0.92474124,0.62755308,0.81048488,0.76277363,0.1264935
"19935",167,156,0,0.26920482,0,0.85320975,0.57900998,0.74779146,0.70377082,0.12662282
"19936",138,157,0,0.16980523,0,0.91996484,0.62431169,0.80629862,0.75883381,0
"19937",139,157,0,0.16978472,0,0.91996484,0.62431169,0.80629862,0.75883381,0.01018539
"19938",140,157,0,0.17940782,0,0.91996484,0.62431169,0.80629862,0.75883381,0
"19939",141,157,0,0.16978451,0,0.91996484,0.62431169,0.80629862,0.75883381,0
"19940",142,157,0,0.16978451,0,0.91996484,0.62431169,0.80629862,0.75883381,0
"19941",143,157,0,0.16978451,0,0.91996484,0.62431169,0.80629862,0.75883381,0
"19942",144,157,0,0.17881964,0,0.91996484,0.62431169,0.80629862,0.75883381,0.06498621
"19943",145,157,0,0.17061256,0,0.91996484,0.62431169,0.80629862,0.75883381,0
"19944",146,157,0,0.17171298,0,0.91996484,0.62431169,0.80629862,0.75883381,0
"19945",147,157,0,0.26151149,0,0.91996484,0.62431169,0.80629862,0.75883381,0.02636215
"19946",148,157,0,0.26196647,0,0.91996484,0.62431169,0.80629862,0.75883381,0
"19947",149,157,0,0.26127709,0,0.91996484,0.62431169,0.80629862,0.75883381,0.00478457
"19948",150,157,0,0.26063093,0,0.91996484,0.62431169,0.80629862,0.75883381,0.02334567
"19949",151,157,0,0.27453996,0,0.91996484,0.62431169,0.80629862,0.75883381,0.10621583
"19950",152,157,0,0.27880463,0,0.91996484,0.62431169,0.80629862,0.75883381,0.005463
"19951",153,157,0,0.27049541,0,0.91996484,0.62431169,0.80629862,0.75883381,0.00903907
"19952",154,157,0,0.26949365,0,0.91996484,0.62431169,0.80629862,0.75883381,0.08126505
"19953",155,157,0,0.26113464,0,0.91996484,0.62431169,0.80629862,0.75883381,0.02701312
"19954",156,157,0,0.25889183,0,0.91996484,0.62431169,0.80629862,0.75883381,0
"19955",157,157,0,0.25771859,0,0.91996484,0.62431169,0.80629862,0.75883381,0
"19956",158,157,0,0.2568834,0,0.91996484,0.62431169,0.80629862,0.75883381,0
"19957",159,157,0,0.18420661,0,0.91996484,0.62431169,0.80629862,0.75883381,0
"19958",160,157,0,0.18359402,0,0.91996484,0.62431169,0.80629862,0.75883381,0
"19959",161,157,0,0.18335708,0,0.91996484,0.62431169,0.80629862,0.75883381,0
"19960",162,157,0,0.25667137,0,0.91996484,0.62431169,0.80629862,0.75883381,0.01703449
"19961",163,157,0,0.25606394,0,0.91996484,0.62431169,0.80629862,0.75883381,0
"19962",164,157,0,0.33504117,0,0.91996484,0.62431169,0.80629862,0.75883381,0.03310617
"19963",165,157,0,0.33389532,0,0.91996484,0.62431169,0.80629862,0.75883381,0
"19964",166,157,0,0.32367517,0,0.89257094,0.60572149,0.78228938,0.73623793,0.06605317
"19965",167,157,0,0.15854215,0,0.44222734,0.30010679,0.38758796,0.36477161,0
"19966",140,158,0,0.16759975,0,0.91518022,0.62106473,0.80210517,0.75488721,0.01282512
"19967",141,158,0,0.1413654,0,0.91518022,0.62106473,0.80210517,0.75488721,0
"19968",142,158,0,0.14347549,0,0.91518022,0.62106473,0.80210517,0.75488721,0.01588694
"19969",143,158,0,0.14681487,0,0.91518022,0.62106473,0.80210517,0.75488721,0.07887751
"19970",144,158,0,0.15106699,0,0.91518022,0.62106473,0.80210517,0.75488721,0.01251146
"19971",145,158,0,0.16983731,0,0.91518022,0.62106473,0.80210517,0.75488721,0
"19972",146,158,0,0.1803889,0,0.91518022,0.62106473,0.80210517,0.75488721,0
"19973",147,158,0,0.1817603,0,0.91518022,0.62106473,0.80210517,0.75488721,0.00870104
"19974",148,158,0,0.18399519,0,0.91518022,0.62106473,0.80210517,0.75488721,0.00067312
"19975",149,158,0,0.25812419,0,0.91518022,0.62106473,0.80210517,0.75488721,0.00980566
"19976",150,158,0,0.25998696,0,0.91518022,0.62106473,0.80210517,0.75488721,0.04871123
"19977",151,158,0,0.2638286,0,0.91518022,0.62106473,0.80210517,0.75488721,0.16794159
"19978",152,158,0,0.258984,0,0.91518022,0.62106473,0.80210517,0.75488721,0.01130647
"19979",153,158,0,0.2575351,0,0.91518022,0.62106473,0.80210517,0.75488721,0
"19980",154,158,0,0.25867667,0,0.91518022,0.62106473,0.80210517,0.75488721,0.0081911
"19981",155,158,0,0.26318757,0,0.91518022,0.62106473,0.80210517,0.75488721,0.03073803
"19982",156,158,0,0.25753302,0,0.91518022,0.62106473,0.80210517,0.75488721,0
"19983",157,158,0,0.25660014,0,0.91518022,0.62106473,0.80210517,0.75488721,0
"19984",158,158,0,0.25714012,0,0.91518022,0.62106473,0.80210517,0.75488721,0.00579631
"19985",159,158,0,0.17296352,0,0.91518022,0.62106473,0.80210517,0.75488721,0
"19986",160,158,0,0.18417303,0,0.91518022,0.62106473,0.80210517,0.75488721,0
"19987",161,158,0,0.18462435,0,0.91518022,0.62106473,0.80210517,0.75488721,0.01206445
"19988",162,158,0,0.18461461,0,0.91518022,0.62106473,0.80210517,0.75488721,0
"19989",163,158,0,0.25965734,0,0.91518022,0.62106473,0.80210517,0.75488721,0
"19990",164,158,0,0.2556387,0,0.91518022,0.62106473,0.80210517,0.75488721,0.01965525
"19991",165,158,0,0.25653911,0,0.91518022,0.62106473,0.80210517,0.75488721,0.00105351
"19992",166,158,0,0.3322143,0,0.91518022,0.62106473,0.80210517,0.75488721,0.00570526
"19993",141,159,0,0.14536081,0,0.91038738,0.61781218,0.79790451,0.75093384,0.02164587
"19994",142,159,0,0.1488903,0,0.91038738,0.61781218,0.79790451,0.75093384,0.036058
"19995",143,159,0,0.15395428,0,0.91038738,0.61781218,0.79790451,0.75093384,0.01516326
"19996",144,159,0,0.14456213,0,0.91038738,0.61781218,0.79790451,0.75093384,0
"19997",145,159,0,0.16886741,0,0.91038738,0.61781218,0.79790451,0.75093384,0
"19998",146,159,0,0.18022445,0,0.91038738,0.61781218,0.79790451,0.75093384,0.00732985
"19999",147,159,0,0.18140287,0,0.91038738,0.61781218,0.79790451,0.75093384,0.01163693
"20000",148,159,0,0.18237335,0,0.91038738,0.61781218,0.79790451,0.75093384,0.0441647
"20001",149,159,0,0.18337768,0,0.91038738,0.61781218,0.79790451,0.75093384,0
"20002",150,159,0,0.17147919,0,0.91038738,0.61781218,0.79790451,0.75093384,0
"20003",151,159,0,0.17798094,0,0.91038738,0.61781218,0.79790451,0.75093384,0
"20004",152,159,0,0.25924178,0,0.91038738,0.61781218,0.79790451,0.75093384,0.01663791
"20005",153,159,0,0.2514544,0,0.91038738,0.61781218,0.79790451,0.75093384,0.00653853
"20006",154,159,0,0.25618747,0,0.91038738,0.61781218,0.79790451,0.75093384,0.01515001
"20007",155,159,0,0.25618542,0,0.91038738,0.61781218,0.79790451,0.75093384,0.00572243
"20008",156,159,0,0.25618637,0,0.91038738,0.61781218,0.79790451,0.75093384,0
"20009",157,159,0,0.25618643,0,0.91038738,0.61781218,0.79790451,0.75093384,0
"20010",158,159,0,0.25618631,0,0.91038738,0.61781218,0.79790451,0.75093384,0.00747266
"20011",159,159,0,0.25618864,0,0.91038738,0.61781218,0.79790451,0.75093384,0.00616525
"20012",160,159,0,0.25648683,0,0.91038738,0.61781218,0.79790451,0.75093384,0
"20013",161,159,0,0.25932594,0,0.91038738,0.61781218,0.79790451,0.75093384,0
"20014",162,159,0,0.26196505,0,0.91038738,0.61781218,0.79790451,0.75093384,0.01143057
"20015",163,159,0,0.26444918,0,0.91038738,0.61781218,0.79790451,0.75093384,0.05259842
"20016",164,159,0,0.26413021,0,0.91038738,0.61781218,0.79790451,0.75093384,0.05341455
"20017",165,159,0,0.26224376,0,0.91038738,0.61781218,0.79790451,0.75093384,0.06215835
"20018",166,159,0,0.2611797,0,0.91038738,0.61781218,0.79790451,0.75093384,0.16425362
"20019",141,160,0,0.14812313,0,0.90558633,0.61455407,0.79369665,0.74697369,0
"20020",142,160,0,0.14766863,0,0.90558633,0.61455407,0.79369665,0.74697369,0
"20021",143,160,0,0.147419,0,0.90558633,0.61455407,0.79369665,0.74697369,0
"20022",144,160,0,0.14396273,0,0.90558633,0.61455407,0.79369665,0.74697369,0
"20023",145,160,0,0.14750583,0,0.90558633,0.61455407,0.79369665,0.74697369,0
"20024",146,160,0,0.15058464,0,0.90558633,0.61455407,0.79369665,0.74697369,0.01579526
"20025",147,160,0,0.15149722,0,0.90558633,0.61455407,0.79369665,0.74697369,0
"20026",148,160,0,0.1514502,0,0.90558633,0.61455407,0.79369665,0.74697369,0
"20027",149,160,0,0.1466755,0,0.90558633,0.61455407,0.79369665,0.74697369,0
"20028",150,160,0,0.14037265,0,0.90558633,0.61455407,0.79369665,0.74697369,0
"20029",151,160,0,0.14136457,0,0.90558633,0.61455407,0.79369665,0.74697369,0
"20030",152,160,0,0.14402816,0,0.90558633,0.61455407,0.79369665,0.74697369,0
"20031",153,160,0,0.15568374,0,0.90558633,0.61455407,0.79369665,0.74697369,0
"20032",154,160,0,0.25413571,0,0.90558633,0.61455407,0.79369665,0.74697369,0
"20033",155,160,0,0.25483539,0,0.90558633,0.61455407,0.79369665,0.74697369,0
"20034",156,160,0,0.25483649,0,0.90558633,0.61455407,0.79369665,0.74697369,0.00304108
"20035",157,160,0,0.25384779,0,0.90558633,0.61455407,0.79369665,0.74697369,0.00978223
"20036",158,160,0,0.2563156,0,0.90558633,0.61455407,0.79369665,0.74697369,0.04290451
"20037",159,160,0,0.25708998,0,0.90558633,0.61455407,0.79369665,0.74697369,0.01574017
"20038",160,160,0,0.25883761,0,0.90558633,0.61455407,0.79369665,0.74697369,0.03889252
"20039",161,160,0,0.25966619,0,0.90558633,0.61455407,0.79369665,0.74697369,0.02231627
"20040",162,160,0,0.2621778,0,0.90558633,0.61455407,0.79369665,0.74697369,0.12796672
"20041",163,160,0,0.26292102,0,0.90558633,0.61455407,0.79369665,0.74697369,0.02315453
"20042",164,160,0,0.26292305,0,0.90558633,0.61455407,0.79369665,0.74697369,0
"20043",165,160,0,0.26326905,0,0.90558633,0.61455407,0.79369665,0.74697369,0.0408439
"20044",166,160,0,0.24037502,0,0.82707871,0.56127679,0.72488904,0.68221661,0.01464815
"20045",138,161,0,0,0,0.9007776,0.61129074,0.78948207,0.7430072,0
"20046",139,161,0,0,0,0.9007776,0.61129074,0.78948207,0.7430072,0
"20047",140,161,0,0,0,0.9007776,0.61129074,0.78948207,0.7430072,0
"20048",141,161,0,0.14773166,0,0.9007776,0.61129074,0.78948207,0.7430072,0
"20049",142,161,0,0.14624,0,0.9007776,0.61129074,0.78948207,0.7430072,0
"20050",143,161,0,0.14514215,0,0.9007776,0.61129074,0.78948207,0.7430072,0
"20051",144,161,0,0.13914255,0,0.9007776,0.61129074,0.78948207,0.7430072,0
"20052",145,161,0,0.13890464,0,0.9007776,0.61129074,0.78948207,0.7430072,0
"20053",146,161,0,0.13894714,0,0.9007776,0.61129074,0.78948207,0.7430072,0.00973456
"20054",147,161,0,0.13888605,0,0.9007776,0.61129074,0.78948207,0.7430072,0
"20055",148,161,0,0.13888605,0,0.9007776,0.61129074,0.78948207,0.7430072,0
"20056",149,161,0,0.1407739,0,0.9007776,0.61129074,0.78948207,0.7430072,0
"20057",150,161,0,0.1432733,0,0.9015416,0.6113969,0.78948207,0.7430072,0
"20058",151,161,0,0.14176907,0,0.9007776,0.61129074,0.78948207,0.7430072,0
"20059",152,161,0,0.14290829,0,0.9007776,0.61129074,0.78948207,0.7430072,0
"20060",153,161,0,0.1456296,0,0.9007776,0.61129074,0.78948207,0.7430072,0.00756056
"20061",154,161,0,0.25416516,0,0.9007776,0.61129074,0.78948207,0.7430072,0
"20062",155,161,0,0.25348308,0,0.9007776,0.61129074,0.78948207,0.7430072,0
"20063",156,161,0,0.24779541,0,0.9007776,0.61129074,0.78948207,0.7430072,0
"20064",157,161,0,0.14608686,0,0.9007776,0.61129074,0.78948207,0.7430072,0
"20065",158,161,0,0.15166878,0,0.9007776,0.61129074,0.78948207,0.7430072,0
"20066",159,161,0,0.15304462,0,0.9007776,0.61129074,0.78948207,0.7430072,0
"20067",160,161,0,0.15367599,0,0.9007776,0.61129074,0.78948207,0.7430072,0
"20068",161,161,0,0.25587017,0,0.9007776,0.61129074,0.78948207,0.7430072,0
"20069",162,161,0,0.26156733,0,0.9007776,0.61129074,0.78948207,0.7430072,0.0136004
"20070",163,161,0,0.26273458,0,0.9007776,0.61129074,0.78948207,0.7430072,0
"20071",164,161,0,0.26152671,0,0.9007776,0.61129074,0.78948207,0.7430072,0
"20072",165,161,0,0.26152522,0,0.9007776,0.61129074,0.78948207,0.7430072,0.01167267
"20073",166,161,0,0.25267402,0,0.86884563,0.58962089,0.76149545,0.71666809,0.07228517
"20074",137,162,0,0,0,0.89596011,0.60802147,0.7852598,0.73903349,0
"20075",138,162,0,0,0,0.89596011,0.60802147,0.7852598,0.73903349,0.00660863
"20076",139,162,0,0,0,0.89596011,0.60802147,0.7852598,0.73903349,0
"20077",140,162,0,0.14707158,0,0.89596011,0.60802147,0.7852598,0.73903349,0
"20078",141,162,0,0.14593926,0,0.89596011,0.60802147,0.7852598,0.73903349,0.01847335
"20079",142,162,0,0.14559187,0,0.89596011,0.60802147,0.7852598,0.73903349,0.02458519
"20080",143,162,0,0.14188351,0,0.89596011,0.60802147,0.7852598,0.73903349,0
"20081",144,162,0,0.13814327,0,0.89596011,0.60802147,0.7852598,0.73903349,0
"20082",151,162,0,0.14555745,0,0.89596011,0.60802147,0.7852598,0.73903349,0
"20083",152,162,0,0.14548794,0,0.89596011,0.60802147,0.7852598,0.73903349,0
"20084",153,162,0,0.14685579,0,0.89596011,0.60802147,0.7852598,0.73903349,0.0037322
"20085",154,162,0,0.15037372,0,0.89596011,0.60802147,0.7852598,0.73903349,0.01570263
"20086",155,162,0,0.15186833,0,0.89596011,0.60802147,0.7852598,0.73903349,0.0098922
"20087",156,162,0,0.14506711,0,0.89596011,0.60802147,0.7852598,0.73903349,0
"20088",157,162,0,0.15471617,0,0.89596011,0.60802147,0.7852598,0.73903349,0
"20089",158,162,0,0.25550298,0,0.89596011,0.60802147,0.7852598,0.73903349,0.02730549
"20090",159,162,0,0.25508291,0,0.89596011,0.60802147,0.7852598,0.73903349,0.02392004
"20091",160,162,0,0.25838509,0,0.89596011,0.60802147,0.7852598,0.73903349,0.05385731
"20092",161,162,0,0.26048837,0,0.89596011,0.60802147,0.7852598,0.73903349,0.02344723
"20093",162,162,0,0.26023347,0,0.89596011,0.60802147,0.7852598,0.73903349,0
"20094",163,162,0,0.26021687,0,0.89596011,0.60802147,0.7852598,0.73903349,0.03999266
"20095",164,162,0,0.26259265,0,0.89596011,0.60802147,0.7852598,0.73903349,0.00756795
"20096",165,162,0,0.26012818,0,0.89596011,0.60802147,0.7852598,0.73903349,0.04978043
"20097",166,162,0,0.25588988,0,0.88118275,0.59799317,0.77230826,0.72684437,0.09424186
"20098",167,162,0,0.24883656,0,0.85539249,0.58049124,0.74970451,0.70557125,0
"20099",168,162,0,0.16444639,0,0.56505226,0.38345893,0.49523725,0.46608385,0.00974101
"20100",137,163,0,0,0,0.89113495,0.60474699,0.78103081,0.73505345,0
"20101",138,163,0,0,0,0.89113495,0.60474699,0.78103081,0.73505345,0.00613087
"20102",139,163,0,0.14481273,0,0.89113495,0.60474699,0.78103081,0.73505345,0.01515349
"20103",140,163,0,0.14793621,0,0.89113495,0.60474699,0.78103081,0.73505345,0.03742593
"20104",141,163,0,0.14604231,0,0.89113495,0.60474699,0.78103081,0.73505345,0.01109373
"20105",142,163,0,0.14244039,0,0.89113495,0.60474699,0.78103081,0.73505345,0.01223408
"20106",143,163,0,0,0,0.89189077,0.60485201,0.78103081,0.73505345,0
"20107",155,163,0,0.147112,0,0.89113495,0.60474699,0.78103081,0.73505345,0.00944569
"20108",156,163,0,0.23012629,0,0.89113495,0.60474699,0.78103081,0.73505345,0
"20109",157,163,0,0.22814328,0,0.89113495,0.60474699,0.78103081,0.73505345,0.00624307
"20110",158,163,0,0.25809432,0,0.89113495,0.60474699,0.78103081,0.73505345,0.02982587
"20111",159,163,0,0.25751232,0,0.89113495,0.60474699,0.78103081,0.73505345,0.00880906
"20112",160,163,0,0.25624761,0,0.89113495,0.60474699,0.78103081,0.73505345,0.03132843
"20113",161,163,0,0.25361966,0,0.89113495,0.60474699,0.78103081,0.73505345,0
"20114",162,163,0,0.2548731,0,0.89113495,0.60474699,0.78103081,0.73505345,0
"20115",163,163,0,0.25449797,0,0.89113495,0.60474699,0.78103081,0.73505345,0.01355327
"20116",164,163,0,0.25765347,0,0.89113495,0.60474699,0.78103081,0.73505345,0
"20117",165,163,0,0.25496094,0,0.89113495,0.60474699,0.78103081,0.73505345,0
"20118",166,163,0,0.25845382,0,0.89113495,0.60474699,0.78103081,0.73505345,0.02455163
"20119",167,163,0,0.25878913,0,0.89113495,0.60474699,0.78103081,0.73505345,0.05215693
"20120",137,164,0,0,0,0.88630212,0.60146731,0.7767951,0.73106709,0.01056285
"20121",138,164,0,0,0,0.88630212,0.60146731,0.7767951,0.73106709,0.01234133
"20122",139,164,0,0,0,0.88630212,0.60146731,0.7767951,0.73106709,0
"20123",140,164,0,0,0,0.88630212,0.60146731,0.7767951,0.73106709,0
"20124",141,164,0,0,0,0.88630212,0.60146731,0.7767951,0.73106709,0
"20125",156,164,0,0.227854,0,0.88630212,0.60146731,0.7767951,0.73106709,0
"20126",157,164,0,0.14402311,0,0.88630212,0.60146731,0.7767951,0.73106709,0.00090167
"20127",158,164,0,0.22805583,0,0.88630212,0.60146731,0.7767951,0.73106709,0.00387886
"20128",159,164,0,0.22805905,0,0.88630212,0.60146731,0.7767951,0.73106709,0
"20129",160,164,0,0.14483291,0,0.88630212,0.60146731,0.7767951,0.73106709,0
"20130",161,164,0,0.14635216,0,0.88630212,0.60146731,0.7767951,0.73106709,0
"20131",162,164,0,0.14422913,0,0.88630212,0.60146731,0.7767951,0.73106709,0
"20132",163,164,0,0.22580084,0,0.88630212,0.60146731,0.7767951,0.73106709,0
"20133",164,164,0,0.24940784,0,0.88630212,0.60146731,0.7767951,0.73106709,0.02669247
"20134",165,164,0,0.24940754,0,0.88630212,0.60146731,0.7767951,0.73106709,0.00594743
"20135",166,164,0,0.25103993,0,0.88630212,0.60146731,0.7767951,0.73106709,0
"20136",167,164,0,0.25250917,0,0.88630212,0.60146731,0.7767951,0.73106709,0.01321112
"20137",168,164,0,0.22311351,0,0.75824113,0.51456185,0.66455669,0.62543587,0.03154042
"20138",156,165,0,0.22681431,0,0.88146107,0.59818205,0.77255219,0.72707395,0.01039927
"20139",157,165,0,0.22598156,0,0.88146107,0.59818205,0.77255219,0.72707395,0.00635684
"20140",158,165,0,0.14323529,0,0.88146107,0.59818205,0.77255219,0.72707395,0.00361571
"20141",159,165,0,0.14597146,0,0.88146107,0.59818205,0.77255219,0.72707395,0
"20142",160,165,0,0.14644532,0,0.88146107,0.59818205,0.77255219,0.72707395,0
"20143",145,162,0,0,0,0.89672002,0.60812706,0.7852598,0.73903349,0
"20144",146,162,0,0.13856849,0,0.89672002,0.60812706,0.7852598,0.73903349,0
"20145",147,162,0,0.14360782,0,0.89672002,0.60812706,0.7852598,0.73903349,0
"20146",148,162,0,0.14573333,0,0.89672002,0.60812706,0.7852598,0.73903349,0
"20147",149,162,0,0.14723613,0,0.89672002,0.60812706,0.7852598,0.73903349,0
"20148",150,162,0,0.14702077,0,0.89672002,0.60812706,0.7852598,0.73903349,0
"20149",144,163,0,0,0,0.89189077,0.60485201,0.78103081,0.73505345,0
"20150",145,163,0,0.14140722,0,0.89189077,0.60485201,0.78103081,0.73505345,0
"20151",146,163,0,0.1432425,0,0.89189077,0.60485201,0.78103081,0.73505345,0
"20152",147,163,0,0.14460978,0,0.89189077,0.60485201,0.78103081,0.73505345,0
"20153",148,163,0,0.14464736,0,0.89189077,0.60485201,0.78103081,0.73505345,0
"20154",149,163,0,0.14541952,0,0.89189077,0.60485201,0.78103081,0.73505345,0
"20155",150,163,0,0.14480804,0,0.89189077,0.60485201,0.78103081,0.73505345,0
"20156",151,163,0,0.14668618,0,0.89189077,0.60485201,0.78103081,0.73505345,0
"20157",152,163,0,0.14480804,0,0.89189077,0.60485201,0.78103081,0.73505345,0
"20158",153,163,0,0.14728503,0,0.89189077,0.60485201,0.78103081,0.73505345,0
"20159",154,163,0,0.14452067,0,0.89189077,0.60485201,0.78103081,0.73505345,0
"20160",142,164,0,0,0,0.88705384,0.60157176,0.7767951,0.73106709,0.01540097
"20161",143,164,0,0,0,0.88705384,0.60157176,0.7767951,0.73106709,0.02112941
"20162",144,164,0,0.14551534,0,0.88705384,0.60157176,0.7767951,0.73106709,0
"20163",145,164,0,0.14535811,0,0.88705384,0.60157176,0.7767951,0.73106709,0
"20164",146,164,0,0.14555916,0,0.88705384,0.60157176,0.7767951,0.73106709,0
"20165",147,164,0,0.1455596,0,0.88705384,0.60157176,0.7767951,0.73106709,0.00265769
"20166",148,164,0,0.14457094,0,0.88705384,0.60157176,0.7767951,0.73106709,0
"20167",149,164,0,0.14402311,0,0.88705384,0.60157176,0.7767951,0.73106709,0.00430407
"20168",150,164,0,0.14402388,0,0.88705384,0.60157176,0.7767951,0.73106709,0.03247613
"20169",151,164,0,0.14407511,0,0.88705384,0.60157176,0.7767951,0.73106709,0.00492563
"20170",152,164,0,0.14465055,0,0.88705384,0.60157176,0.7767951,0.73106709,0.00272642
"20171",153,164,0,0.22445973,0,0.88705384,0.60157176,0.7767951,0.73106709,0.00536278
"20172",154,164,0,0.22805905,0,0.88705384,0.60157176,0.7767951,0.73106709,0
"20173",155,164,0,0.22534288,0,0.88705384,0.60157176,0.7767951,0.73106709,0
"20174",138,165,0,0,0,0.88220869,0.59828593,0.77255219,0.72707395,0
"20175",139,165,0,0,0,0.88220869,0.59828593,0.77255219,0.72707395,0
"20176",140,165,0,0,0,0.88220869,0.59828593,0.77255219,0.72707395,0
"20177",141,165,0,0,0,0.88220869,0.59828593,0.77255219,0.72707395,0
"20178",142,165,0,0,0,0.88220869,0.59828593,0.77255219,0.72707395,0
"20179",143,165,0,0,0,0.88220869,0.59828593,0.77255219,0.72707395,0
"20180",144,165,0,0,0,0.88220869,0.59828593,0.77255219,0.72707395,0.00528334
"20181",145,165,0,0,0,0.88220869,0.59828593,0.77255219,0.72707395,0
"20182",146,165,0,0.1473667,0,0.88220869,0.59828593,0.77255219,0.72707395,0
"20183",147,165,0,0.14474215,0,0.88220869,0.59828593,0.77255219,0.72707395,0
"20184",148,165,0,0.14322602,0,0.88220869,0.59828593,0.77255219,0.72707395,0
"20185",149,165,0,0.14318752,0,0.88220869,0.59828593,0.77255219,0.72707395,0
"20186",150,165,0,0.14307321,0,0.88220869,0.59828593,0.77255219,0.72707395,0
"20187",151,165,0,0.14300434,0,0.88220869,0.59828593,0.77255219,0.72707395,0
"20188",152,165,0,0.22398733,0,0.88220869,0.59828593,0.77255219,0.72707395,0
"20189",153,165,0,0.22642406,0,0.88220869,0.59828593,0.77255219,0.72707395,0.0079904
"20190",154,165,0,0.22681337,0,0.88220869,0.59828593,0.77255219,0.72707395,0
"20191",155,165,0,0.22556497,0,0.88220869,0.59828593,0.77255219,0.72707395,0
"20192",161,165,0,0.14243773,0,0.88220869,0.59828593,0.77255219,0.72707395,0
"20193",162,165,0,0.1411252,0,0.88220869,0.59828593,0.77255219,0.72707395,0
"20194",163,165,0,0.1408949,0,0.88220869,0.59828593,0.77255219,0.72707395,0
"20195",164,165,0,0.23133513,0,0.88220869,0.59828593,0.77255219,0.72707395,0
"20196",165,165,0,0.23226688,0,0.88220869,0.59828593,0.77255219,0.72707395,0
"20197",166,165,0,0.25612564,0,0.88220869,0.59828593,0.77255219,0.72707395,0.00236304
"20198",167,165,0,0.25591878,0,0.88220869,0.59828593,0.77255219,0.72707395,0.01583091
"20199",168,165,0,0.24251872,0,0.83490262,0.56620446,0.73112616,0.68808656,0.05257955
"20200",169,165,0,0.10462416,0,0.34539498,0.23423591,0.30246318,0.28465792,0
"20201",137,166,0,0,0,0.87735531,0.59499452,0.76830207,0.72307402,0
"20202",138,166,0,0,0,0.87735531,0.59499452,0.76830207,0.72307402,0
"20203",139,166,0,0,0,0.87735531,0.59499452,0.76830207,0.72307402,0.00111476
"20204",140,166,0,0,0,0.87735531,0.59499452,0.76830207,0.72307402,0.00090656
"20205",141,166,0,0,0,0.87735531,0.59499452,0.76830207,0.72307402,0
"20206",142,166,0,0,0,0.87735531,0.59499452,0.76830207,0.72307402,0
"20207",143,166,0,0,0,0.87735531,0.59499452,0.76830207,0.72307402,0
"20208",144,166,0,0,0,0.87735531,0.59499452,0.76830207,0.72307402,0.00292166
"20209",145,166,0,0,0,0.87735531,0.59499452,0.76830207,0.72307402,0.01636581
"20210",146,166,0,0.1424471,0,0.87735531,0.59499452,0.76830207,0.72307402,0.00309767
"20211",147,166,0,0,0,0.87735531,0.59499452,0.76830207,0.72307402,0.02421221
"20212",148,166,0,0,0,0.87735531,0.59499452,0.76830207,0.72307402,0.01900307
"20213",149,166,0,0.14207564,0,0.87735531,0.59499452,0.76830207,0.72307402,0.01073286
"20214",150,166,0,0.22676389,0,0.87735531,0.59499452,0.76830207,0.72307402,0
"20215",151,166,0,0.22601211,0,0.87735531,0.59499452,0.76830207,0.72307402,0.00400105
"20216",152,166,0,0.22667158,0,0.87735531,0.59499452,0.76830207,0.72307402,0
"20217",153,166,0,0.22556558,0,0.87735531,0.59499452,0.76830207,0.72307402,0
"20218",154,166,0,0.22127167,0,0.87735531,0.59499452,0.76830207,0.72307402,0
"20219",155,166,0,0.22248144,0,0.87735531,0.59499452,0.76830207,0.72307402,0
"20220",156,166,0,0.21984368,0,0.87735531,0.59499452,0.76830207,0.72307402,0.01602811
"20221",157,166,0,0.22492981,0,0.87735531,0.59499452,0.76830207,0.72307402,0
"20222",158,166,0,0.14362464,0,0.87735531,0.59499452,0.76830207,0.72307402,0
"20223",159,166,0,0.22350337,0,0.87735531,0.59499452,0.76830207,0.72307402,0.0004459
"20224",160,166,0,0.22738807,0,0.87735531,0.59499452,0.76830207,0.72307402,0.01735353
"20225",161,166,0,0.23430427,0,0.87735531,0.59499452,0.76830207,0.72307402,0.01964797
"20226",162,166,0,0.23232025,0,0.87735531,0.59499452,0.76830207,0.72307402,0.00273387
"20227",163,166,0,0.23311834,0,0.87735531,0.59499452,0.76830207,0.72307402,0.01281526
"20228",164,166,0,0.23498067,0,0.87735531,0.59499452,0.76830207,0.72307402,0.00202256
"20229",165,166,0,0.2357733,0,0.87735531,0.59499452,0.76830207,0.72307402,0.01520346
"20230",166,166,0,0.25450825,0,0.87735531,0.59499452,0.76830207,0.72307402,0.03350576
"20231",167,166,0,0.25451379,0,0.87735531,0.59499452,0.76830207,0.72307402,0.12978682
"20232",168,166,0,0.21140862,0,0.72878023,0.49423562,0.63819454,0.6006256,0.1263099
"20233",169,166,0,0.15368426,0,0.52956517,0.35913429,0.46374144,0.43644213,0.00549382
"20234",137,167,0,0,0,0.8724948,0.59169828,0.76404571,0.71906823,0.00748393
"20235",138,167,0,0,0,0.8724948,0.59169828,0.76404571,0.71906823,0.00552074
"20236",139,167,0,0,0,0.8724948,0.59169828,0.76404571,0.71906823,0.0158106
"20237",140,167,0,0,0,0.8724948,0.59169828,0.76404571,0.71906823,0
"20238",141,167,0,0,0,0.8724948,0.59169828,0.76404571,0.71906823,0.0002337
"20239",142,167,0,0,0,0.8724948,0.59169828,0.76404571,0.71906823,0
"20240",143,167,0,0,0,0.8724948,0.59169828,0.76404571,0.71906823,0
"20241",144,167,0,0,0,0.8724948,0.59169828,0.76404571,0.71906823,0.00401114
"20242",145,167,0,0,0,0.8724948,0.59169828,0.76404571,0.71906823,0
"20243",146,167,0,0,0,0.8724948,0.59169828,0.76404571,0.71906823,0
"20244",147,167,0,0,0,0.8724948,0.59169828,0.76404571,0.71906823,0
"20245",148,167,0,0.14943734,0,0.8724948,0.59169828,0.76404571,0.71906823,0.00593893
"20246",149,167,0,0.14719245,0,0.8724948,0.59169828,0.76404571,0.71906823,0.01783398
"20247",150,167,0,0.22630079,0,0.8724948,0.59169828,0.76404571,0.71906823,0.00635283
"20248",151,167,0,0.22666261,0,0.8724948,0.59169828,0.76404571,0.71906823,0
"20249",152,167,0,0.22715272,0,0.8724948,0.59169828,0.76404571,0.71906823,0
"20250",153,167,0,0.22577398,0,0.8724948,0.59169828,0.76404571,0.71906823,0
"20251",154,167,0,0.22512338,0,0.8724948,0.59169828,0.76404571,0.71906823,0
"20252",155,167,0,0.22115131,0,0.8724948,0.59169828,0.76404571,0.71906823,0
"20253",156,167,0,0.22381503,0,0.8724948,0.59169828,0.76404571,0.71906823,0.00990509
"20254",157,167,0,0.22479085,0,0.8724948,0.59169828,0.76404571,0.71906823,0.01323922
"20255",158,167,0,0.23306289,0,0.8724948,0.59169828,0.76404571,0.71906823,0.00680646
"20256",159,167,0,0.23062594,0,0.8724948,0.59169828,0.76404571,0.71906823,0
"20257",160,167,0,0.22543447,0,0.8724948,0.59169828,0.76404571,0.71906823,0.00685092
"20258",161,167,0,0.2244415,0,0.8724948,0.59169828,0.76404571,0.71906823,0
"20259",162,167,0,0.22431596,0,0.8724948,0.59169828,0.76404571,0.71906823,0
"20260",163,167,0,0.22619671,0,0.8724948,0.59169828,0.76404571,0.71906823,0
"20261",164,167,0,0.22793738,0,0.8724948,0.59169828,0.76404571,0.71906823,0
"20262",165,167,0,0.23221238,0,0.8724948,0.59169828,0.76404571,0.71906823,0
"20263",166,167,0,0.22953711,0,0.8724948,0.59169828,0.76404571,0.71906823,0.00857236
"20264",167,167,0,0.23068263,0,0.8724948,0.59169828,0.76404571,0.71906823,0.00565907
"20265",168,167,0,0.231014,0,0.87242516,0.59165105,0.76398473,0.71901083,0.05808922
"20266",169,167,0,0.22824056,0,0.8724948,0.59169828,0.76404571,0.71906823,0.005709
"20267",170,167,0,0.25193268,0,0.86846832,0.58896765,0.76051972,0.71574979,0
"20268",171,167,0,0.19838773,0,0.68387974,0.46378554,0.59887508,0.56362078,0.06626206
"20269",137,168,0,0,0,0.86762606,0.58839646,0.75978215,0.71505565,0
"20270",138,168,0,0,0,0.86762606,0.58839646,0.75978215,0.71505565,0.00389785
"20271",139,168,0,0,0,0.86762606,0.58839646,0.75978215,0.71505565,0
"20272",140,168,0,0,0,0.86762606,0.58839646,0.75978215,0.71505565,0.00244372
"20273",141,168,0,0,0,0.86762606,0.58839646,0.75978215,0.71505565,0.00539866
"20274",142,168,0,0,0,0.86762606,0.58839646,0.75978215,0.71505565,0
"20275",143,168,0,0,0,0.86762606,0.58839646,0.75978215,0.71505565,0
"20276",144,168,0,0,0,0.86762606,0.58839646,0.75978215,0.71505565,0
"20277",145,168,0,0,0,0.86762606,0.58839646,0.75978215,0.71505565,0
"20278",146,168,0,0,0,0.86762606,0.58839646,0.75978215,0.71505565,0.00466703
"20279",147,168,0,0.14146828,0,0.86762606,0.58839646,0.75978215,0.71505565,0
"20280",148,168,0,0.14063658,0,0.86762606,0.58839646,0.75978215,0.71505565,0
"20281",149,168,0,0.22336902,0,0.86762606,0.58839646,0.75978215,0.71505565,0
"20282",150,168,0,0.22623132,0,0.86762606,0.58839646,0.75978215,0.71505565,0.00918415
"20283",151,168,0,0.22423685,0,0.86762606,0.58839646,0.75978215,0.71505565,0
"20284",152,168,0,0.22723581,0,0.86762606,0.58839646,0.75978215,0.71505565,0
"20285",153,168,0,0.22616737,0,0.86762606,0.58839646,0.75978215,0.71505565,0
"20286",154,168,0,0.22972011,0,0.86762606,0.58839646,0.75978215,0.71505565,0
"20287",155,168,0,0.22593952,0,0.86762606,0.58839646,0.75978215,0.71505565,0
"20288",156,168,0,0.22883316,0,0.86762606,0.58839646,0.75978215,0.71505565,0.01202428
"20289",157,168,0,0.22412396,0,0.86762606,0.58839646,0.75978215,0.71505565,0.00253081
"20290",158,168,0,0.21983436,0,0.86762606,0.58839646,0.75978215,0.71505565,0
"20291",159,168,0,0.22306422,0,0.86762606,0.58839646,0.75978215,0.71505565,0
"20292",160,168,0,0.22306422,0,0.86762606,0.58839646,0.75978215,0.71505565,0
"20293",161,168,0,0.22145062,0,0.86762606,0.58839646,0.75978215,0.71505565,0
"20294",162,168,0,0.22274009,0,0.86762606,0.58839646,0.75978215,0.71505565,0
"20295",163,168,0,0.22304363,0,0.86762606,0.58839646,0.75978215,0.71505565,0
"20296",164,168,0,0.22797258,0,0.86762606,0.58839646,0.75978215,0.71505565,0.00627079
"20297",165,168,0,0.22551799,0,0.86762606,0.58839646,0.75978215,0.71505565,0
"20298",166,168,0,0.22535547,0,0.86762606,0.58839646,0.75978215,0.71505565,0
"20299",167,168,0,0.22535542,0,0.86762606,0.58839646,0.75978215,0.71505565,0
"20300",168,168,0,0.22535542,0,0.86762606,0.58839646,0.75978215,0.71505565,0
"20301",169,168,0,0.22725287,0,0.86762606,0.58839646,0.75978215,0.71505565,0
"20302",170,168,0,0.22670382,0,0.86762606,0.58839646,0.75978215,0.71505565,0.00746878
"20303",171,168,0,0.24828081,0,0.85428379,0.57934815,0.74809829,0.70405959,0.02884989
"20304",172,168,0,0.2080704,0,0.70510992,0.47818317,0.61746639,0.58111767,0
"20305",137,169,0,0,0,0.86274965,0.58508943,0.75551187,0.71103675,0
"20306",138,169,0,0,0,0.86274965,0.58508943,0.75551187,0.71103675,0
"20307",139,169,0,0,0,0.86274965,0.58508943,0.75551187,0.71103675,0
"20308",140,169,0,0,0,0.86274965,0.58508943,0.75551187,0.71103675,0.00232727
"20309",141,169,0,0,0,0.86274965,0.58508943,0.75551187,0.71103675,0
"20310",142,169,0,0,0,0.86274965,0.58508943,0.75551187,0.71103675,0
"20311",143,169,0,0,0,0.86274965,0.58508943,0.75551187,0.71103675,0
"20312",144,169,0,0,0,0.86274965,0.58508943,0.75551187,0.71103675,0
"20313",145,169,0,0,0,0.86274965,0.58508943,0.75551187,0.71103675,0
"20314",146,169,0,0,0,0.86274965,0.58508943,0.75551187,0.71103675,0
"20315",147,169,0,0,0,0.86274965,0.58508943,0.75551187,0.71103675,0
"20316",148,169,0,0,0,0.86274965,0.58508943,0.75551187,0.71103675,0
"20317",149,169,0,0.22696685,0,0.86274965,0.58508943,0.75551187,0.71103675,0.00112603
"20318",150,169,0,0.22542688,0,0.86274965,0.58508943,0.75551187,0.71103675,0.00138442
"20319",151,169,0,0.22905768,0,0.86274965,0.58508943,0.75551187,0.71103675,0.00462059
"20320",152,169,0,0.22823926,0,0.86274965,0.58508943,0.75551187,0.71103675,0.0015052
"20321",153,169,0,0.23007065,0,0.86274965,0.58508943,0.75551187,0.71103675,0
"20322",154,169,0,0.22950614,0,0.86274965,0.58508943,0.75551187,0.71103675,0.00355744
"20323",155,169,0,0.22933751,0,0.86274965,0.58508943,0.75551187,0.71103675,0.00696442
"20324",156,169,0,0.22656992,0,0.86274965,0.58508943,0.75551187,0.71103675,0
"20325",157,169,0,0.22505629,0,0.86274965,0.58508943,0.75551187,0.71103675,0.00218831
"20326",158,169,0,0.22181051,0,0.86274965,0.58508943,0.75551187,0.71103675,0
"20327",159,169,0,0.22140399,0,0.86274965,0.58508943,0.75551187,0.71103675,0
"20328",160,169,0,0.22181268,0,0.86274965,0.58508943,0.75551187,0.71103675,0.01221161
"20329",161,169,0,0.22200529,0,0.86274965,0.58508943,0.75551187,0.71103675,0
"20330",162,169,0,0.22514597,0,0.86274965,0.58508943,0.75551187,0.71103675,0
"20331",163,169,0,0.22306834,0,0.86274965,0.58508943,0.75551187,0.71103675,0
"20332",164,169,0,0.22668254,0,0.86274965,0.58508943,0.75551187,0.71103675,0
"20333",165,169,0,0.22408843,0,0.86274965,0.58508943,0.75551187,0.71103675,0
"20334",166,169,0,0.22408883,0,0.86274965,0.58508943,0.75551187,0.71103675,0
"20335",167,169,0,0.22676651,0,0.86274965,0.58508943,0.75551187,0.71103675,0
"20336",168,169,0,0.22785039,0,0.86274965,0.58508943,0.75551187,0.71103675,0
"20337",169,169,0,0.22885315,0,0.86274965,0.58508943,0.75551187,0.71103675,0.00187244
"20338",170,169,0,0.22902981,0,0.86274965,0.58508943,0.75551187,0.71103675,0.06754605
"20339",171,169,0,0.24738696,0,0.86274965,0.58508943,0.75551187,0.71103675,0.03545694
"20340",172,169,0,0.2461999,0,0.85215841,0.57790679,0.7462371,0.70230796,0.00403795
"20341",173,169,0,0.2324877,0,0.80142959,0.54350411,0.70181375,0.66049971,0.00850976
"20342",174,169,0,0.21519072,0,0.74181214,0.50307345,0.64960661,0.61136587,0.01086736
"20343",137,170,0,0,0,0.85786556,0.5817772,0.75123486,0.70701152,0
"20344",138,170,0,0,0,0.85786556,0.5817772,0.75123486,0.70701152,0
"20345",139,170,0,0,0,0.85786556,0.5817772,0.75123486,0.70701152,0
"20346",140,170,0,0,0,0.85786556,0.5817772,0.75123486,0.70701152,0
"20347",141,170,0,0,0,0.85786556,0.5817772,0.75123486,0.70701152,0
"20348",142,170,0,0,0,0.85786556,0.5817772,0.75123486,0.70701152,0
"20349",143,170,0,0,0,0.85786556,0.5817772,0.75123486,0.70701152,0
"20350",144,170,0,0,0,0.85786556,0.5817772,0.75123486,0.70701152,0
"20351",145,170,0,0,0,0.85786556,0.5817772,0.75123486,0.70701152,0
"20352",146,170,0,0,0,0.85786556,0.5817772,0.75123486,0.70701152,0.00941831
"20353",147,170,0,0,0,0.85786556,0.5817772,0.75123486,0.70701152,0
"20354",148,170,0,0,0,0.85786556,0.5817772,0.75123486,0.70701152,0
"20355",149,170,0,0.22815368,0,0.85786556,0.5817772,0.75123486,0.70701152,0.00164678
"20356",150,170,0,0.22469016,0,0.85786556,0.5817772,0.75123486,0.70701152,0.00400109
"20357",151,170,0,0.22477083,0,0.85786556,0.5817772,0.75123486,0.70701152,0.00524967
"20358",152,170,0,0.22495694,0,0.85786556,0.5817772,0.75123486,0.70701152,0.06299292
"20359",153,170,0,0.23098596,0,0.85786556,0.5817772,0.75123486,0.70701152,0.00015332
"20360",154,170,0,0.22342529,0,0.85786556,0.5817772,0.75123486,0.70701152,0
"20361",155,170,0,0.22012833,0,0.85786556,0.5817772,0.75123486,0.70701152,0
"20362",156,170,0,0.22055482,0,0.85786556,0.5817772,0.75123486,0.70701152,0
"20363",157,170,0,0.22055803,0,0.85786556,0.5817772,0.75123486,0.70701152,0.00558712
"20364",158,170,0,0.21815676,0,0.85786556,0.5817772,0.75123486,0.70701152,0
"20365",159,170,0,0.22055482,0,0.85786556,0.5817772,0.75123486,0.70701152,0
"20366",160,170,0,0.22112622,0,0.85786556,0.5817772,0.75123486,0.70701152,0
"20367",161,170,0,0.2237428,0,0.85786556,0.5817772,0.75123486,0.70701152,0.00137759
"20368",162,170,0,0.22568244,0,0.85786556,0.5817772,0.75123486,0.70701152,0.00966939
"20369",163,170,0,0.22329304,0,0.85786556,0.5817772,0.75123486,0.70701152,0.01039199
"20370",164,170,0,0.22120957,0,0.85786556,0.5817772,0.75123486,0.70701152,0.00123889
"20371",165,170,0,0.22289998,0,0.85786556,0.5817772,0.75123486,0.70701152,0.00270489
"20372",166,170,0,0.22426335,0,0.85786556,0.5817772,0.75123486,0.70701152,0.00758979
"20373",167,170,0,0.22503714,0,0.85786556,0.5817772,0.75123486,0.70701152,0.02852874
"20374",168,170,0,0.24806244,0,0.85786556,0.5817772,0.75123486,0.70701152,0
"20375",169,170,0,0.2488575,0,0.85786556,0.5817772,0.75123486,0.70701152,0.00471677
"20376",170,170,0,0.24877004,0,0.85786556,0.5817772,0.75123486,0.70701152,0.02573692
"20377",171,170,0,0.22254965,0,0.85786556,0.5817772,0.75123486,0.70701152,0
"20378",172,170,0,0.22459625,0,0.85786556,0.5817772,0.75123486,0.70701152,0.00157034
"20379",173,170,0,0.22417686,0,0.8472513,0.57457894,0.74193992,0.69826375,0.01214382
"20380",174,170,0,0.20930086,0,0.78771719,0.5342048,0.68980577,0.6491986,0
"20381",175,170,0,0.17396338,0,0.57058777,0.38695452,0.49966504,0.47025099,0.00723058
"20382",136,171,0,0,0,0.85297325,0.57845939,0.74695065,0.70297951,0.01249885
"20383",137,171,0,0,0,0.85297325,0.57845939,0.74695065,0.70297951,0
"20384",138,171,0,0,0,0.85297325,0.57845939,0.74695065,0.70297951,0.00113651
"20385",139,171,0,0,0,0.85297325,0.57845939,0.74695065,0.70297951,0
"20386",140,171,0,0,0,0.85297325,0.57845939,0.74695065,0.70297951,0
"20387",141,171,0,0,0,0.85297325,0.57845939,0.74695065,0.70297951,0
"20388",142,171,0,0,0,0.85297325,0.57845939,0.74695065,0.70297951,0.00716124
"20389",143,171,0,0,0,0.85297325,0.57845939,0.74695065,0.70297951,0.01293055
"20390",144,171,0,0,0,0.85297325,0.57845939,0.74695065,0.70297951,0.00230269
"20391",145,171,0,0,0,0.85297325,0.57845939,0.74695065,0.70297951,0.00438322
"20392",146,171,0,0,0,0.85297325,0.57845939,0.74695065,0.70297951,0.00482514
"20393",147,171,0,0.22200641,0,0.85297325,0.57845939,0.74695065,0.70297951,0.00739864
"20394",148,171,0,0.22229096,0,0.85297325,0.57845939,0.74695065,0.70297951,0.01006499
"20395",149,171,0,0.24351241,0,0.85297325,0.57845939,0.74695065,0.70297951,0.00120228
"20396",150,171,0,0.22282163,0,0.85297325,0.57845939,0.74695065,0.70297951,0.02584391
"20397",151,171,0,0.22437406,0,0.85297325,0.57845939,0.74695065,0.70297951,0.07852599
"20398",152,171,0,0.22594112,0,0.85297325,0.57845939,0.74695065,0.70297951,0.02394365
"20399",153,171,0,0.22777227,0,0.85297325,0.57845939,0.74695065,0.70297951,0.00421434
"20400",154,171,0,0.22665809,0,0.85297325,0.57845939,0.74695065,0.70297951,0
"20401",155,171,0,0.21925891,0,0.85297325,0.57845939,0.74695065,0.70297951,0
"20402",156,171,0,0.21929702,0,0.85297325,0.57845939,0.74695065,0.70297951,0
"20403",157,171,0,0.21930112,0,0.85297325,0.57845939,0.74695065,0.70297951,0.00496225
"20404",158,171,0,0.21674693,0,0.85297325,0.57845939,0.74695065,0.70297951,0
"20405",159,171,0,0.21795072,0,0.85297325,0.57845939,0.74695065,0.70297951,0
"20406",160,171,0,0.21371119,0,0.85297325,0.57845939,0.74695065,0.70297951,0
"20407",161,171,0,0.2193068,0,0.85297325,0.57845939,0.74695065,0.70297951,0
"20408",162,171,0,0.2185305,0,0.85297325,0.57845939,0.74695065,0.70297951,0
"20409",163,171,0,0.22051872,0,0.85297325,0.57845939,0.74695065,0.70297951,0
"20410",164,171,0,0.22455512,0,0.85297325,0.57845939,0.74695065,0.70297951,0
"20411",165,171,0,0.22423266,0,0.85297325,0.57845939,0.74695065,0.70297951,0
"20412",166,171,0,0.24535752,0,0.85297325,0.57845939,0.74695065,0.70297951,0.01284138
"20413",167,171,0,0.24506097,0,0.85297325,0.57845939,0.74695065,0.70297951,0.03348931
"20414",168,171,0,0.22381996,0,0.85297325,0.57845939,0.74695065,0.70297951,0
"20415",169,171,0,0.22234806,0,0.85297325,0.57845939,0.74695065,0.70297951,0
"20416",170,171,0,0.22093362,0,0.85297325,0.57845939,0.74695065,0.70297951,0
"20417",171,171,0,0.22038797,0,0.85297325,0.57845939,0.74695065,0.70297951,0
"20418",172,171,0,0.22006011,0,0.85297325,0.57845939,0.74695065,0.70297951,0
"20419",173,171,0,0.22341956,0,0.85297325,0.57845939,0.74695065,0.70297951,0.00728922
"20420",174,171,0,0.24744011,0,0.85297325,0.57845939,0.74695065,0.70297951,0.01745446
"20421",175,171,0,0.24546403,0,0.84588921,0.57365522,0.74074714,0.69714118,0.07767646
"20422",176,171,0,0.23047475,0,0.79449635,0.53880221,0.69574229,0.65478566,0.1291023
"20423",177,171,0,0.20513959,0,0.70716182,0.4795747,0.61926325,0.58280874,0.02069933
"20424",178,171,0,0.16048759,0,0.55324205,0.3751912,0.48447535,0.45595548,0.00558752
"20425",137,172,0,0,0,0.84807381,0.57513674,0.7426602,0.69894162,0
"20426",138,172,0,0,0,0.84807381,0.57513674,0.7426602,0.69894162,0
"20427",139,172,0,0,0,0.84807381,0.57513674,0.7426602,0.69894162,0.00207648
"20428",140,172,0,0,0,0.84807381,0.57513674,0.7426602,0.69894162,0.00514902
"20429",141,172,0,0,0,0.84807381,0.57513674,0.7426602,0.69894162,0.01676192
"20430",142,172,0,0,0,0.84807381,0.57513674,0.7426602,0.69894162,0.02541112
"20431",143,172,0,0,0,0.84807381,0.57513674,0.7426602,0.69894162,0
"20432",144,172,0,0,0,0.84807381,0.57513674,0.7426602,0.69894162,0.01417243
"20433",145,172,0,0.13769388,0,0.84807381,0.57513674,0.7426602,0.69894162,0
"20434",146,172,0,0.1351177,0,0.84807381,0.57513674,0.7426602,0.69894162,0
"20435",147,172,0,0.22608664,0,0.84807381,0.57513674,0.7426602,0.69894162,0.00120169
"20436",148,172,0,0.22440423,0,0.84807381,0.57513674,0.7426602,0.69894162,0.00577572
"20437",149,172,0,0.2263327,0,0.84807381,0.57513674,0.7426602,0.69894162,0.01151502
"20438",150,172,0,0.22577955,0,0.84807381,0.57513674,0.7426602,0.69894162,0.00413396
"20439",151,172,0,0.22556429,0,0.84807381,0.57513674,0.7426602,0.69894162,0
"20440",152,172,0,0.2303694,0,0.84807381,0.57513674,0.7426602,0.69894162,0
"20441",153,172,0,0.22817091,0,0.84807381,0.57513674,0.7426602,0.69894162,0.00645841
"20442",154,172,0,0.22489046,0,0.84807381,0.57513674,0.7426602,0.69894162,0
"20443",155,172,0,0.21931076,0,0.84807381,0.57513674,0.7426602,0.69894162,0
"20444",156,172,0,0.21803739,0,0.84807381,0.57513674,0.7426602,0.69894162,0
"20445",157,172,0,0.21803739,0,0.84807381,0.57513674,0.7426602,0.69894162,0
"20446",158,172,0,0.21803739,0,0.84807381,0.57513674,0.7426602,0.69894162,0
"20447",159,172,0,0.21333217,0,0.84807381,0.57513674,0.7426602,0.69894162,0
"20448",160,172,0,0.21254931,0,0.84807381,0.57513674,0.7426602,0.69894162,0
"20449",161,172,0,0.21777084,0,0.84807381,0.57513674,0.7426602,0.69894162,0
"20450",162,172,0,0.21994835,0,0.84807381,0.57513674,0.7426602,0.69894162,0
"20451",163,172,0,0.22328255,0,0.84807381,0.57513674,0.7426602,0.69894162,0.00295389
"20452",164,172,0,0.220367,0,0.84807381,0.57513674,0.7426602,0.69894162,0
"20453",165,172,0,0.22011173,0,0.84807381,0.57513674,0.7426602,0.69894162,0.00931986
"20454",166,172,0,0.21880827,0,0.84807381,0.57513674,0.7426602,0.69894162,0
"20455",167,172,0,0.21805742,0,0.84807381,0.57513674,0.7426602,0.69894162,0
"20456",168,172,0,0.21804051,0,0.84807381,0.57513674,0.7426602,0.69894162,0
"20457",169,172,0,0.21803739,0,0.84807381,0.57513674,0.7426602,0.69894162,0
"20458",170,172,0,0.21819614,0,0.84807381,0.57513674,0.7426602,0.69894162,0
"20459",171,172,0,0.22043003,0,0.84807381,0.57513674,0.7426602,0.69894162,0.00304376
"20460",172,172,0,0.21973683,0,0.84807381,0.57513674,0.7426602,0.69894162,0.01254212
"20461",173,172,0,0.22117507,0,0.84807381,0.57513674,0.7426602,0.69894162,0.00676462
"20462",174,172,0,0.22439483,0,0.84807381,0.57513674,0.7426602,0.69894162,0.01166851
"20463",175,172,0,0.22542372,0,0.84807381,0.57513674,0.7426602,0.69894162,0.00158
"20464",176,172,0,0.22533796,0,0.84807381,0.57513674,0.7426602,0.69894162,0
"20465",177,172,0,0.22631647,0,0.84807381,0.57513674,0.7426602,0.69894162,0.01385222
"20466",178,172,0,0.24695478,0,0.84807381,0.57513674,0.7426602,0.69894162,0.01619901
"20467",179,172,0,0.18052517,0,0.62021497,0.42061011,0.54312369,0.51115134,0.00173858
"20468",137,173,0,0.27078037,0,0.84316669,0.57180889,0.73836303,0.69489741,0.00188594
"20469",138,173,0,0,0,0.84316669,0.57180889,0.73836303,0.69489741,0
"20470",139,173,0,0,0,0.84316669,0.57180889,0.73836303,0.69489741,0
"20471",140,173,0,0,0,0.84316669,0.57180889,0.73836303,0.69489741,0
"20472",141,173,0,0,0,0.84316669,0.57180889,0.73836303,0.69489741,0
"20473",142,173,0,0,0,0.84316669,0.57180889,0.73836303,0.69489741,0
"20474",143,173,0,0,0,0.84316669,0.57180889,0.73836303,0.69489741,0
"20475",144,173,0,0.13723743,0,0.84316669,0.57180889,0.73836303,0.69489741,0
"20476",145,173,0,0.13756152,0,0.84316669,0.57180889,0.73836303,0.69489741,0
"20477",146,173,0,0.13653729,0,0.84316669,0.57180889,0.73836303,0.69489741,0
"20478",147,173,0,0.21949793,0,0.84316669,0.57180889,0.73836303,0.69489741,0
"20479",148,173,0,0,0,0.84316669,0.57180889,0.73836303,0.69489741,0
"20480",149,173,0,0.22184058,0,0.84316669,0.57180889,0.73836303,0.69489741,0
"20481",150,173,0,0.21850813,0,0.84316669,0.57180889,0.73836303,0.69489741,0
"20482",151,173,0,0.21592642,0,0.84316669,0.57180889,0.73836303,0.69489741,0.00354124
"20483",152,173,0,0.21477539,0,0.84316669,0.57180889,0.73836303,0.69489741,0
"20484",153,173,0,0.2126032,0,0.84316669,0.57180889,0.73836303,0.69489741,0
"20485",154,173,0,0.21567385,0,0.84316669,0.57180889,0.73836303,0.69489741,0
"20486",155,173,0,0.21679471,0,0.84316669,0.57180889,0.73836303,0.69489741,0.00416789
"20487",156,173,0,0.21689173,0,0.84316669,0.57180889,0.73836303,0.69489741,0.01397359
"20488",157,173,0,0.21677999,0,0.84316669,0.57180889,0.73836303,0.69489741,0
"20489",158,173,0,0.21464724,0,0.84316669,0.57180889,0.73836303,0.69489741,0
"20490",159,173,0,0.21130656,0,0.84316669,0.57180889,0.73836303,0.69489741,0
"20491",160,173,0,0.21677578,0,0.84316669,0.57180889,0.73836303,0.69489741,0
"20492",161,173,0,0.21699043,0,0.84316669,0.57180889,0.73836303,0.69489741,0
"20493",162,173,0,0.21872028,0,0.84316669,0.57180889,0.73836303,0.69489741,0.01092149
"20494",163,173,0,0.21912975,0,0.84316669,0.57180889,0.73836303,0.69489741,0
"20495",164,173,0,0.21822384,0,0.84316669,0.57180889,0.73836303,0.69489741,0
"20496",165,173,0,0.21696744,0,0.84316669,0.57180889,0.73836303,0.69489741,0
"20497",166,173,0,0.21677578,0,0.84316669,0.57180889,0.73836303,0.69489741,0
"20498",167,173,0,0.21677578,0,0.84316669,0.57180889,0.73836303,0.69489741,0
"20499",168,173,0,0.21677578,0,0.84316669,0.57180889,0.73836303,0.69489741,0
"20500",169,173,0,0.21885489,0,0.84316669,0.57180889,0.73836303,0.69489741,0
"20501",170,173,0,0.22279336,0,0.84316669,0.57180889,0.73836303,0.69489741,0
"20502",171,173,0,0.22058435,0,0.84316669,0.57180889,0.73836303,0.69489741,0.00880474
"20503",172,173,0,0.21943637,0,0.84316669,0.57180889,0.73836303,0.69489741,0
"20504",173,173,0,0.22049211,0,0.84316669,0.57180889,0.73836303,0.69489741,0
"20505",174,173,0,0.22100599,0,0.84316669,0.57180889,0.73836303,0.69489741,0
"20506",175,173,0,0.22076512,0,0.84316669,0.57180889,0.73836303,0.69489741,0.00916118
"20507",176,173,0,0.21894373,0,0.84316669,0.57180889,0.73836303,0.69489741,0.00650819
"20508",177,173,0,0.22058984,0,0.84316669,0.57180889,0.73836303,0.69489741,0
"20509",178,173,0,0.22481811,0,0.84316669,0.57180889,0.73836303,0.69489741,0
"20510",138,174,0,0.26236959,0,0.8382519,0.56847583,0.73405913,0.69084688,0
"20511",139,174,0,0,0,0.8382519,0.56847583,0.73405913,0.69084688,0
"20512",140,174,0,0,0,0.8382519,0.56847583,0.73405913,0.69084688,0
"20513",141,174,0,0,0,0.8382519,0.56847583,0.73405913,0.69084688,0
"20514",142,174,0,0,0,0.8382519,0.56847583,0.73405913,0.69084688,0
"20515",143,174,0,0,0,0.8382519,0.56847583,0.73405913,0.69084688,0
"20516",144,174,0,0,0,0.8382519,0.56847583,0.73405913,0.69084688,0
"20517",145,174,0,0,0,0.8382519,0.56847583,0.73405913,0.69084688,0
"20518",146,174,0,0,0,0.8382519,0.56847583,0.73405913,0.69084688,0
"20519",147,174,0,0,0,0.8382519,0.56847583,0.73405913,0.69084688,0.00577592
"20520",148,174,0,0,0,0.8382519,0.56847583,0.73405913,0.69084688,0
"20521",149,174,0,0,0,0.8382519,0.56847583,0.73405913,0.69084688,0
"20522",150,174,0,0.2155122,0,0.8382519,0.56847583,0.73405913,0.69084688,0
"20523",151,174,0,0.21551005,0,0.8382519,0.56847583,0.73405913,0.69084688,0.00503792
"20524",152,174,0,0.21371542,0,0.8382519,0.56847583,0.73405913,0.69084688,0.00130688
"20525",153,174,0,0.21564133,0,0.8382519,0.56847583,0.73405913,0.69084688,0
"20526",154,174,0,0.21516901,0,0.8382519,0.56847583,0.73405913,0.69084688,0
"20527",155,174,0,0.21484752,0,0.8382519,0.56847583,0.73405913,0.69084688,0
"20528",156,174,0,0.21387093,0,0.8382519,0.56847583,0.73405913,0.69084688,0.00589768
"20529",157,174,0,0.21558187,0,0.8382519,0.56847583,0.73405913,0.69084688,0.00693691
"20530",158,174,0,0.2155122,0,0.8382519,0.56847583,0.73405913,0.69084688,0
"20531",159,174,0,0.2155122,0,0.8382519,0.56847583,0.73405913,0.69084688,0
"20532",160,174,0,0.2155122,0,0.8382519,0.56847583,0.73405913,0.69084688,0
"20533",161,174,0,0.2155122,0,0.8382519,0.56847583,0.73405913,0.69084688,0
"20534",162,174,0,0.21648264,0,0.8382519,0.56847583,0.73405913,0.69084688,0.00973649
"20535",163,174,0,0.2175962,0,0.8382519,0.56847583,0.73405913,0.69084688,0
"20536",164,174,0,0.21764982,0,0.8382519,0.56847583,0.73405913,0.69084688,0.00522586
"20537",165,174,0,0.21645973,0,0.8382519,0.56847583,0.73405913,0.69084688,0.01197911
"20538",166,174,0,0.215513,0,0.8382519,0.56847583,0.73405913,0.69084688,0
"20539",167,174,0,0,0,0.8382519,0.56847583,0.73405913,0.69084688,0
"20540",168,174,0,0,0,0.8382519,0.56847583,0.73405913,0.69084688,0
"20541",169,174,0,0,0,0.8382519,0.56847583,0.73405913,0.69084688,0.00746478
"20542",170,174,0,0.21659442,0,0.8382519,0.56847583,0.73405913,0.69084688,0
"20543",171,174,0,0,0,0.8382519,0.56847583,0.73405913,0.69084688,0
"20544",172,174,0,0,0,0.8382519,0.56847583,0.73405913,0.69084688,0
"20545",173,174,0,0.21649988,0,0.8382519,0.56847583,0.73405913,0.69084688,0
"20546",174,174,0,0.21686189,0,0.8382519,0.56847583,0.73405913,0.69084688,0
"20547",175,174,0,0.21622675,0,0.8382519,0.56847583,0.73405913,0.69084688,0
"20548",176,174,0,0.21523973,0,0.8382519,0.56847583,0.73405913,0.69084688,0
"20549",177,174,0,0.21551581,0,0.8382519,0.56847583,0.73405913,0.69084688,0.00555592
"20550",140,175,0,0,0,0.83332997,0.56513794,0.72974899,0.68679046,0
"20551",141,175,0,0,0,0.83332997,0.56513794,0.72974899,0.68679046,0
"20552",142,175,0,0,0,0.83332997,0.56513794,0.72974899,0.68679046,0
"20553",143,175,0,0,0,0.83332997,0.56513794,0.72974899,0.68679046,0
"20554",144,175,0,0,0,0.83332997,0.56513794,0.72974899,0.68679046,0
"20555",145,175,0,0,0,0.83332997,0.56513794,0.72974899,0.68679046,0
"20556",146,175,0,0,0,0.83332997,0.56513794,0.72974899,0.68679046,0
"20557",147,175,0,0,0,0.83332997,0.56513794,0.72974899,0.68679046,0
"20558",148,175,0,0,0,0.83332997,0.56513794,0.72974899,0.68679046,0
"20559",149,175,0,0,0,0.83332997,0.56513794,0.72974899,0.68679046,0
"20560",150,175,0,0,0,0.83332997,0.56513794,0.72974899,0.68679046,0
"20561",151,175,0,0,0,0.83332997,0.56513794,0.72974899,0.68679046,0
"20562",152,175,0,0,0,0.83332997,0.56513794,0.72974899,0.68679046,0
"20563",153,175,0,0,0,0.83332997,0.56513794,0.72974899,0.68679046,0
"20564",154,175,0,0,0,0.83332997,0.56513794,0.72974899,0.68679046,0
"20565",155,175,0,0.21443526,0,0.83332997,0.56513794,0.72974899,0.68679046,0
"20566",156,175,0,0.21431564,0,0.83332997,0.56513794,0.72974899,0.68679046,0
"20567",157,175,0,0.21424656,0,0.83332997,0.56513794,0.72974899,0.68679046,0.0222361
"20568",158,175,0,0.21424679,0,0.83332997,0.56513794,0.72974899,0.68679046,0
"20569",159,175,0,0.21293149,0,0.83332997,0.56513794,0.72974899,0.68679046,0
"20570",160,175,0,0.21294808,0,0.83332997,0.56513794,0.72974899,0.68679046,0
"20571",161,175,0,0.21541589,0,0.83332997,0.56513794,0.72974899,0.68679046,0.00497169
"20572",162,175,0,0.21627278,0,0.83332997,0.56513794,0.72974899,0.68679046,0.0066481
"20573",163,175,0,0.21478105,0,0.83332997,0.56513794,0.72974899,0.68679046,0
"20574",164,175,0,0,0,0.83332997,0.56513794,0.72974899,0.68679046,0
"20575",165,175,0,0,0,0.83332997,0.56513794,0.72974899,0.68679046,0
"20576",166,175,0,0,0,0.83332997,0.56513794,0.72974899,0.68679046,0
"20577",172,175,0,0,0,0.83332997,0.56513794,0.72974899,0.68679046,0
"20578",173,175,0,0.2229272,0,0.83332997,0.56513794,0.72974899,0.68679046,0
"20579",174,175,0,0.22490412,0,0.83332997,0.56513794,0.72974899,0.68679046,0
"20580",143,176,0,0,0,0.82840037,0.56179484,0.72543213,0.68272772,0
"20581",148,176,0,0,0,0.82840037,0.56179484,0.72543213,0.68272772,0
"20582",149,176,0,0,0,0.82840037,0.56179484,0.72543213,0.68272772,0
"20583",150,176,0,0,0,0.82840037,0.56179484,0.72543213,0.68272772,0
"20584",151,176,0,0,0,0.82840037,0.56179484,0.72543213,0.68272772,0
"20585",152,176,0,0,0,0.82840037,0.56179484,0.72543213,0.68272772,0
"20586",153,176,0,0,0,0.82840037,0.56179484,0.72543213,0.68272772,0
"20587",154,176,0,0,0,0.82840037,0.56179484,0.72543213,0.68272772,0
"20588",155,176,0,0,0,0.82840037,0.56179484,0.72543213,0.68272772,0
"20589",156,176,0,0.21298052,0,0.82840037,0.56179484,0.72543213,0.68272772,0
"20590",157,176,0,0.21011619,0,0.82840037,0.56179484,0.72543213,0.68272772,0
"20591",158,176,0,0.21297941,0,0.82840037,0.56179484,0.72543213,0.68272772,0
"20592",159,176,0,0.21355789,0,0.82840037,0.56179484,0.72543213,0.68272772,0
"20593",160,176,0,0.21318593,0,0.82840037,0.56179484,0.72543213,0.68272772,0
"20594",161,176,0,0.21240638,0,0.82840037,0.56179484,0.72543213,0.68272772,0.0066022
"20595",162,176,0,0.21303261,0,0.82840037,0.56179484,0.72543213,0.68272772,0
"20596",163,176,0,0,0,0.82840037,0.56179484,0.72543213,0.68272772,0
"20597",149,177,0,0,0,0.8234631,0.55844654,0.72110854,0.67865866,0
"20598",150,177,0,0,0,0.8234631,0.55844654,0.72110854,0.67865866,0
"20599",151,177,0,0,0,0.8234631,0.55844654,0.72110854,0.67865866,0
"20600",152,177,0,0,0,0.8234631,0.55844654,0.72110854,0.67865866,0
"20601",153,177,0,0,0,0.8234631,0.55844654,0.72110854,0.67865866,0
"20602",154,177,0,0,0,0.8234631,0.55844654,0.72110854,0.67865866,0
"20603",155,177,0,0.20889416,0,0.8234631,0.55844654,0.72110854,0.67865866,0
"20604",156,177,0,0.20663323,0,0.8234631,0.55844654,0.72110854,0.67865866,0
"20605",157,177,0,0.21171005,0,0.8234631,0.55844654,0.72110854,0.67865866,0
"20606",158,177,0,0.20967208,0,0.8234631,0.55844654,0.72110854,0.67865866,0
"20607",159,177,0,0,0,0.8234631,0.55844654,0.72110854,0.67865866,0.00426828
"20608",160,177,0,0.20642031,0,0.8234631,0.55844654,0.72110854,0.67865866,0
"20609",149,178,0,0,0,0.81851869,0.5550934,0.71677871,0.67458372,0
"20610",150,178,0,0,0,0.81851869,0.5550934,0.71677871,0.67458372,0
"20611",151,178,0,0,0,0.81851869,0.5550934,0.71677871,0.67458372,0
"20612",152,178,0,0,0,0.81851869,0.5550934,0.71677871,0.67458372,0
"20613",153,178,0,0,0,0.81851869,0.5550934,0.71677871,0.67458372,0
"20614",154,178,0,0,0,0.81851869,0.5550934,0.71677871,0.67458372,0
"20615",155,178,0,0,0,0.81851869,0.5550934,0.71677871,0.67458372,0
"20616",156,178,0,0,0,0.81851869,0.5550934,0.71677871,0.67458372,0
"20617",157,178,0,0.21030653,0,0.81851869,0.5550934,0.71677871,0.67458372,0.00730386
"20618",158,178,0,0.21043885,0,0.81813271,0.55516012,0.71677871,0.67458372,0
"20619",146,179,0,0,0,0.81356716,0.55173543,0.71244264,0.6705029,0
"20620",147,179,0,0,0,0.81356716,0.55173543,0.71244264,0.6705029,0
"20621",148,179,0,0,0,0.81356716,0.55173543,0.71244264,0.6705029,0.00755008
"20622",149,179,0,0,0,0.81356716,0.55173543,0.71244264,0.6705029,0
"20623",150,179,0,0,0,0.81356716,0.55173543,0.71244264,0.6705029,0
"20624",151,179,0,0,0,0.81356716,0.55173543,0.71244264,0.6705029,0
"20625",152,179,0,0,0,0.81356716,0.55173543,0.71244264,0.6705029,0
"20626",153,179,0,0,0,0.81356716,0.55173543,0.71244264,0.6705029,0
"20627",154,179,0,0,0,0.81356716,0.55173543,0.71244264,0.6705029,0
"20628",155,179,0,0,0,0.81356716,0.55173543,0.71244264,0.6705029,0
"20629",147,180,0,0,0,0.80860795,0.54837225,0.70809985,0.66641576,0
"20630",148,180,0,0,0,0.80860795,0.54837225,0.70809985,0.66641576,0
"20631",149,180,0,0,0,0.80860795,0.54837225,0.70809985,0.66641576,0
"20632",150,180,0,0,0,0.80860795,0.54837225,0.70809985,0.66641576,0
"20633",151,180,0,0,0,0.80860795,0.54837225,0.70809985,0.66641576,0
"20634",152,180,0,0,0,0.80860795,0.54837225,0.70809985,0.66641576,0
"20635",153,180,0,0,0,0.80860795,0.54837225,0.70809985,0.66641576,0
"20636",154,180,0,0,0,0.80860795,0.54837225,0.70809985,0.66641576,0
"20637",148,181,0,0,0,0.80364161,0.54500423,0.70375082,0.66232274,0
"20638",149,181,0,0,0,0.80364161,0.54500423,0.70375082,0.66232274,0
"20639",150,181,0,0,0,0.80364161,0.54500423,0.70375082,0.66232274,0
"20640",151,181,0,0,0,0.80364161,0.54500423,0.70375082,0.66232274,0
"20641",152,181,0,0,0,0.80364161,0.54500423,0.70375082,0.66232274,0
"20642",150,182,0,0,0,0.79829098,0.54169612,0.69939506,0.6582234,0
"20643",179,173,0,0.22457387,0,0.84276909,0.57187763,0.73836303,0.69489741,0
"20644",180,173,0,0.24471448,0,0.84276909,0.57187763,0.73836303,0.69489741,0.01971667
"20645",181,173,0,0.24653175,0,0.84276909,0.57187763,0.73836303,0.69489741,0.00832913
"20646",182,173,0,0.2428725,0,0.83341001,0.56552683,0.73016339,0.68718047,0.00273316
"20647",183,173,0,0.12407496,0,0.45918152,0.31158669,0.40229602,0.37861385,0.01859621
"20648",178,174,0,0.22098855,0,0.83785661,0.56854417,0.73405913,0.69084688,0
"20649",179,174,0,0.22499259,0,0.83785661,0.56854417,0.73405913,0.69084688,0.00273637
"20650",180,174,0,0.2228612,0,0.83785661,0.56854417,0.73405913,0.69084688,0
"20651",181,174,0,0.22279747,0,0.83785661,0.56854417,0.73405913,0.69084688,0.00172042
"20652",182,174,0,0.22286446,0,0.83785661,0.56854417,0.73405913,0.69084688,0
"20653",183,174,0,0.22294248,0,0.83785661,0.56854417,0.73405913,0.69084688,0.00174569
"20654",184,174,0,0.22320046,0,0.83665412,0.56772819,0.7330056,0.68985537,0.01722713
"20655",185,174,0,0.22141606,0,0.83188305,0.56449068,0.72882559,0.68592143,0.13736384
"20656",186,174,0,0.17201036,0,0.64668984,0.43882417,0.56657496,0.53322209,0.04655151
"20657",189,174,0,0.11719363,0,0.43020979,0.29192736,0.37691345,0.35472548,0.00475555
"20658",167,175,0,0,0,0.83293701,0.56520587,0.72974899,0.68679046,0
"20659",168,175,0,0,0,0.83293701,0.56520587,0.72974899,0.68679046,0
"20660",169,175,0,0,0,0.83293701,0.56520587,0.72974899,0.68679046,0
"20661",170,175,0,0,0,0.83293701,0.56520587,0.72974899,0.68679046,0
"20662",171,175,0,0,0,0.83293701,0.56520587,0.72974899,0.68679046,0
"20663",175,175,0,0.21988542,0,0.83293701,0.56520587,0.72974899,0.68679046,0
"20664",176,175,0,0.21991632,0,0.83293701,0.56520587,0.72974899,0.68679046,0
"20665",177,175,0,0.22328022,0,0.83293701,0.56520587,0.72974899,0.68679046,0
"20666",178,175,0,0.22375519,0,0.83293701,0.56520587,0.72974899,0.68679046,0
"20667",179,175,0,0.22141861,0,0.83293701,0.56520587,0.72974899,0.68679046,0.00685638
"20668",180,175,0,0.2239963,0,0.83293701,0.56520587,0.72974899,0.68679046,0
"20669",181,175,0,0.22384269,0,0.83293701,0.56520587,0.72974899,0.68679046,0
"20670",182,175,0,0.22183671,0,0.83293701,0.56520587,0.72974899,0.68679046,0.02952824
"20671",183,175,0,0.22196484,0,0.83293701,0.56520587,0.72974899,0.68679046,0.00646503
"20672",184,175,0,0.22102317,0,0.83293701,0.56520587,0.72974899,0.68679046,0.02063735
"20673",185,175,0,0.21652426,0,0.83293701,0.56520587,0.72974899,0.68679046,0.07121923
"20674",186,175,0,0.21370075,0,0.83293701,0.56520587,0.72974899,0.68679046,0.01378076
"20675",187,175,0,0.21756155,0,0.83293701,0.56520587,0.72974899,0.68679046,0.01961639
"20676",188,175,0,0.17791524,0,0.67060822,0.45505446,0.58753023,0.55294377,0
"20677",164,176,0,0,0,0.82800974,0.56186237,0.72543213,0.68272772,0
"20678",165,176,0,0,0,0.82800974,0.56186237,0.72543213,0.68272772,0
"20679",166,176,0,0,0,0.82800974,0.56186237,0.72543213,0.68272772,0
"20680",167,176,0,0,0,0.82800974,0.56186237,0.72543213,0.68272772,0.00670784
"20681",168,176,0,0,0,0.82800974,0.56186237,0.72543213,0.68272772,0.01197733
"20682",169,176,0,0,0,0.82800974,0.56186237,0.72543213,0.68272772,0
"20683",170,176,0,0,0,0.82800974,0.56186237,0.72543213,0.68272772,0
"20684",171,176,0,0,0,0.82800974,0.56186237,0.72543213,0.68272772,0
"20685",172,176,0,0,0,0.82800974,0.56186237,0.72543213,0.68272772,0
"20686",173,176,0,0.21297941,0,0.82800974,0.56186237,0.72543213,0.68272772,0
"20687",174,176,0,0.21297737,0,0.82800974,0.56186237,0.72543213,0.68272772,0.00447287
"20688",175,176,0,0,0,0.82800974,0.56186237,0.72543213,0.68272772,0
"20689",176,176,0,0.20914317,0,0.82800974,0.56186237,0.72543213,0.68272772,0
"20690",177,176,0,0.21552265,0,0.82800974,0.56186237,0.72543213,0.68272772,0
"20691",178,176,0,0.21799711,0,0.82800974,0.56186237,0.72543213,0.68272772,0
"20692",179,176,0,0.21718876,0,0.82800974,0.56186237,0.72543213,0.68272772,0
"20693",180,176,0,0.22239791,0,0.82800974,0.56186237,0.72543213,0.68272772,0
"20694",181,176,0,0.21808473,0,0.82800974,0.56186237,0.72543213,0.68272772,0.00788432
"20695",182,176,0,0.21597058,0,0.82800974,0.56186237,0.72543213,0.68272772,0
"20696",183,176,0,0.22045066,0,0.82800974,0.56186237,0.72543213,0.68272772,0
"20697",184,176,0,0.21916251,0,0.82800974,0.56186237,0.72543213,0.68272772,0
"20698",185,176,0,0.21095547,0,0.82800974,0.56186237,0.72543213,0.68272772,0
"20699",186,176,0,0.21228417,0,0.82800974,0.56186237,0.72543213,0.68272772,0.00375544
"20700",187,176,0,0.21816242,0,0.82800974,0.56186237,0.72543213,0.68272772,0
"20701",188,176,0,0.21589508,0,0.82800974,0.56186237,0.72543213,0.68272772,0
"20702",189,176,0,0.16688845,0,0.63165425,0.42862147,0.55340205,0.52082463,0.00457699
"20703",161,177,0,0.21171009,0,0.82307479,0.55851367,0.72110854,0.67865866,0
"20704",162,177,0,0,0,0.82307479,0.55851367,0.72110854,0.67865866,0.01307446
"20705",163,177,0,0,0,0.82307479,0.55851367,0.72110854,0.67865866,0
"20706",164,177,0,0,0,0.82307479,0.55851367,0.72110854,0.67865866,0
"20707",165,177,0,0,0,0.82307479,0.55851367,0.72110854,0.67865866,0
"20708",166,177,0,0,0,0.82307479,0.55851367,0.72110854,0.67865866,0
"20709",167,177,0,0,0,0.82307479,0.55851367,0.72110854,0.67865866,0
"20710",168,177,0,0,0,0.82307479,0.55851367,0.72110854,0.67865866,0.00587677
"20711",169,177,0,0,0,0.82307479,0.55851367,0.72110854,0.67865866,0
"20712",170,177,0,0,0,0.82307479,0.55851367,0.72110854,0.67865866,0
"20713",171,177,0,0,0,0.82307479,0.55851367,0.72110854,0.67865866,0
"20714",172,177,0,0,0,0.82307479,0.55851367,0.72110854,0.67865866,0
"20715",173,177,0,0,0,0.82307479,0.55851367,0.72110854,0.67865866,0
"20716",174,177,0,0,0,0.82307479,0.55851367,0.72110854,0.67865866,0
"20717",175,177,0,0,0,0.82307479,0.55851367,0.72110854,0.67865866,0
"20718",176,177,0,0.21171005,0,0.82307479,0.55851367,0.72110854,0.67865866,0
"20719",177,177,0,0.21171005,0,0.82307479,0.55851367,0.72110854,0.67865866,0
"20720",178,177,0,0.21027697,0,0.82307479,0.55851367,0.72110854,0.67865866,0
"20721",179,177,0,0.21259566,0,0.82307479,0.55851367,0.72110854,0.67865866,0.00383715
"20722",180,177,0,0.21500457,0,0.82307479,0.55851367,0.72110854,0.67865866,0
"20723",181,177,0,0.21451488,0,0.82307479,0.55851367,0.72110854,0.67865866,0.00892693
"20724",182,177,0,0.21028418,0,0.82307479,0.55851367,0.72110854,0.67865866,0.02232033
"20725",183,177,0,0.21033535,0,0.82307479,0.55851367,0.72110854,0.67865866,0
"20726",184,177,0,0.2097642,0,0.82307479,0.55851367,0.72110854,0.67865866,0
"20727",185,177,0,0.2091369,0,0.82307479,0.55851367,0.72110854,0.67865866,0
"20728",186,177,0,0.20922445,0,0.82307479,0.55851367,0.72110854,0.67865866,0
"20729",187,177,0,0.21174047,0,0.82307479,0.55851367,0.72110854,0.67865866,0
"20730",188,177,0,0.21550722,0,0.82307479,0.55851367,0.72110854,0.67865866,0.00172496
"20731",189,177,0,0.21725645,0,0.82307479,0.55851367,0.72110854,0.67865866,0.01030572
"20732",190,177,0,0.19790534,0,0.74970771,0.50872899,0.65683051,0.61816452,0.007391
"20733",191,177,0,0.08018858,0,0.3048564,0.20686634,0.2670894,0.25136651,0
"20734",159,178,0,0,0,0.81813271,0.55516012,0.71677871,0.67458372,0
"20735",160,178,0,0,0,0.81813271,0.55516012,0.71677871,0.67458372,0
"20736",161,178,0,0,0,0.81813271,0.55516012,0.71677871,0.67458372,0
"20737",162,178,0,0,0,0.81813271,0.55516012,0.71677871,0.67458372,0
"20738",163,178,0,0,0,0.81813271,0.55516012,0.71677871,0.67458372,0
"20739",164,178,0,0,0,0.81813271,0.55516012,0.71677871,0.67458372,0
"20740",165,178,0,0,0,0.81813271,0.55516012,0.71677871,0.67458372,0
"20741",166,178,0,0,0,0.81813271,0.55516012,0.71677871,0.67458372,0
"20742",167,178,0,0,0,0.81813271,0.55516012,0.71677871,0.67458372,0
"20743",168,178,0,0,0,0.81813271,0.55516012,0.71677871,0.67458372,0
"20744",169,178,0,0,0,0.81813271,0.55516012,0.71677871,0.67458372,0
"20745",170,178,0,0,0,0.81813271,0.55516012,0.71677871,0.67458372,0
"20746",171,178,0,0,0,0.81813271,0.55516012,0.71677871,0.67458372,0
"20747",172,178,0,0,0,0.81813271,0.55516012,0.71677871,0.67458372,0
"20748",173,178,0,0,0,0.81813271,0.55516012,0.71677871,0.67458372,0
"20749",174,178,0,0,0,0.81813271,0.55516012,0.71677871,0.67458372,0
"20750",175,178,0,0,0,0.81813271,0.55516012,0.71677871,0.67458372,0
"20751",176,178,0,0,0,0.81813271,0.55516012,0.71677871,0.67458372,0
"20752",177,178,0,0.21561205,0,0.81813271,0.55516012,0.71677871,0.67458372,0
"20753",178,178,0,0.21347741,0,0.81813271,0.55516012,0.71677871,0.67458372,0
"20754",179,178,0,0.21212678,0,0.81813271,0.55516012,0.71677871,0.67458372,0
"20755",180,178,0,0.21257907,0,0.81813271,0.55516012,0.71677871,0.67458372,0
"20756",181,178,0,0.21305742,0,0.81813271,0.55516012,0.71677871,0.67458372,0
"20757",182,178,0,0.2119812,0,0.81813271,0.55516012,0.71677871,0.67458372,0
"20758",183,178,0,0.21458436,0,0.81813271,0.55516012,0.71677871,0.67458372,0
"20759",184,178,0,0.21481959,0,0.81813271,0.55516012,0.71677871,0.67458372,0
"20760",185,178,0,0.20990365,0,0.81813271,0.55516012,0.71677871,0.67458372,0
"20761",186,178,0,0.21211185,0,0.81813271,0.55516012,0.71677871,0.67458372,0.0098349
"20762",187,178,0,0.2142369,0,0.81813271,0.55516012,0.71677871,0.67458372,0.00310877
"20763",188,178,0,0.21778459,0,0.81813271,0.55516012,0.71677871,0.67458372,0
"20764",189,178,0,0.21554602,0,0.81813271,0.55516012,0.71677871,0.67458372,0
"20765",190,178,0,0.21554914,0,0.81813271,0.55516012,0.71677871,0.67458372,0
"20766",191,178,0,0.21560125,0,0.81813271,0.55516012,0.71677871,0.67458372,0.0066547
"20767",192,178,0,0.20207838,0,0.76402695,0.51844559,0.66937582,0.62997132,0
"20768",156,179,0,0,0,0.81318352,0.55180175,0.71244264,0.6705029,0
"20769",157,179,0,0,0,0.81318352,0.55180175,0.71244264,0.6705029,0
"20770",158,179,0,0,0,0.81318352,0.55180175,0.71244264,0.6705029,0
"20771",159,179,0,0,0,0.81318352,0.55180175,0.71244264,0.6705029,0.00293439
"20772",160,179,0,0,0,0.81318352,0.55180175,0.71244264,0.6705029,0
"20773",161,179,0,0,0,0.81318352,0.55180175,0.71244264,0.6705029,0
"20774",162,179,0,0,0,0.81318352,0.55180175,0.71244264,0.6705029,0
"20775",163,179,0,0,0,0.81318352,0.55180175,0.71244264,0.6705029,0.01464831
"20776",164,179,0,0,0,0.81318352,0.55180175,0.71244264,0.6705029,0.00175358
"20777",165,179,0,0,0,0.81318352,0.55180175,0.71244264,0.6705029,0.00184749
"20778",166,179,0,0,0,0.81318352,0.55180175,0.71244264,0.6705029,0
"20779",167,179,0,0,0,0.81318352,0.55180175,0.71244264,0.6705029,0
"20780",168,179,0,0,0,0.81318352,0.55180175,0.71244264,0.6705029,0
"20781",169,179,0,0,0,0.81318352,0.55180175,0.71244264,0.6705029,0
"20782",170,179,0,0,0,0.81318352,0.55180175,0.71244264,0.6705029,0
"20783",171,179,0,0,0,0.81318352,0.55180175,0.71244264,0.6705029,0
"20784",172,179,0,0,0,0.81318352,0.55180175,0.71244264,0.6705029,0
"20785",173,179,0,0,0,0.81318352,0.55180175,0.71244264,0.6705029,0
"20786",174,179,0,0,0,0.81318352,0.55180175,0.71244264,0.6705029,0
"20787",175,179,0,0,0,0.81318352,0.55180175,0.71244264,0.6705029,0.01777573
"20788",176,179,0,0.21269939,0,0.81318352,0.55180175,0.71244264,0.6705029,0.03055463
"20789",177,179,0,0.21436244,0,0.81318352,0.55180175,0.71244264,0.6705029,0
"20790",178,179,0,0.21346417,0,0.81318352,0.55180175,0.71244264,0.6705029,0
"20791",179,179,0,0.21062392,0,0.81318352,0.55180175,0.71244264,0.6705029,0.00672616
"20792",180,179,0,0.21119748,0,0.81318352,0.55180175,0.71244264,0.6705029,0.00282882
"20793",181,179,0,0.21145743,0,0.81318352,0.55180175,0.71244264,0.6705029,0
"20794",182,179,0,0.2077919,0,0.81318352,0.55180175,0.71244264,0.6705029,0.00105267
"20795",183,179,0,0.21169656,0,0.81318352,0.55180175,0.71244264,0.6705029,0
"20796",184,179,0,0.21006698,0,0.81318352,0.55180175,0.71244264,0.6705029,0
"20797",185,179,0,0.2092058,0,0.81318352,0.55180175,0.71244264,0.6705029,0
"20798",186,179,0,0.20740367,0,0.81318352,0.55180175,0.71244264,0.6705029,0
"20799",187,179,0,0.21306432,0,0.81318352,0.55180175,0.71244264,0.6705029,0.00987382
"20800",188,179,0,0.21675979,0,0.81318352,0.55180175,0.71244264,0.6705029,0.00034085
"20801",189,179,0,0.21479321,0,0.81318352,0.55180175,0.71244264,0.6705029,0.00362155
"20802",190,179,0,0.21400855,0,0.81318352,0.55180175,0.71244264,0.6705029,0.01314378
"20803",191,179,0,0.20598215,0,0.78025572,0.52945794,0.6835941,0.6433526,0.0200996
"20804",192,179,0,0.12343323,0,0.45231676,0.30692848,0.39628171,0.37295358,0
"20805",155,180,0,0,0,0.80822664,0.54843816,0.70809985,0.66641576,0
"20806",156,180,0,0,0,0.80822664,0.54843816,0.70809985,0.66641576,0
"20807",157,180,0,0,0,0.80822664,0.54843816,0.70809985,0.66641576,0
"20808",158,180,0,0,0,0.80822664,0.54843816,0.70809985,0.66641576,0
"20809",159,180,0,0,0,0.80822664,0.54843816,0.70809985,0.66641576,0
"20810",160,180,0,0,0,0.80822664,0.54843816,0.70809985,0.66641576,0
"20811",161,180,0,0,0,0.80822664,0.54843816,0.70809985,0.66641576,0
"20812",162,180,0,0,0,0.80822664,0.54843816,0.70809985,0.66641576,0
"20813",163,180,0,0,0,0.80822664,0.54843816,0.70809985,0.66641576,0
"20814",164,180,0,0,0,0.80822664,0.54843816,0.70809985,0.66641576,0
"20815",165,180,0,0,0,0.80822664,0.54843816,0.70809985,0.66641576,0
"20816",166,180,0,0,0,0.80822664,0.54843816,0.70809985,0.66641576,0
"20817",167,180,0,0,0,0.80822664,0.54843816,0.70809985,0.66641576,0
"20818",168,180,0,0,0,0.80822664,0.54843816,0.70809985,0.66641576,0
"20819",169,180,0,0,0,0.80822664,0.54843816,0.70809985,0.66641576,0
"20820",170,180,0,0,0,0.80822664,0.54843816,0.70809985,0.66641576,0
"20821",171,180,0,0,0,0.80822664,0.54843816,0.70809985,0.66641576,0
"20822",172,180,0,0,0,0.80822664,0.54843816,0.70809985,0.66641576,0
"20823",173,180,0,0,0,0.80822664,0.54843816,0.70809985,0.66641576,0
"20824",174,180,0,0,0,0.80822664,0.54843816,0.70809985,0.66641576,0.00221354
"20825",175,180,0,0,0,0.80822664,0.54843816,0.70809985,0.66641576,0
"20826",176,180,0,0,0,0.80822664,0.54843816,0.70809985,0.66641576,0
"20827",177,180,0,0,0,0.80822664,0.54843816,0.70809985,0.66641576,0.00214681
"20828",178,180,0,0.21270086,0,0.80822664,0.54843816,0.70809985,0.66641576,0
"20829",179,180,0,0.21306143,0,0.80822664,0.54843816,0.70809985,0.66641576,0
"20830",180,180,0,0.20693031,0,0.80822664,0.54843816,0.70809985,0.66641576,0
"20831",181,180,0,0.20790428,0,0.80822664,0.54843816,0.70809985,0.66641576,0
"20832",182,180,0,0.2066257,0,0.80822664,0.54843816,0.70809985,0.66641576,0.00187572
"20833",183,180,0,0.2059291,0,0.80822664,0.54843816,0.70809985,0.66641576,0
"20834",184,180,0,0.20819836,0,0.80822664,0.54843816,0.70809985,0.66641576,0.00801353
"20835",185,180,0,0.20997981,0,0.80822664,0.54843816,0.70809985,0.66641576,0.00267013
"20836",186,180,0,0.20886838,0,0.80822664,0.54843816,0.70809985,0.66641576,0
"20837",187,180,0,0.20869492,0,0.80822664,0.54843816,0.70809985,0.66641576,0
"20838",188,180,0,0.21145102,0,0.80822664,0.54843816,0.70809985,0.66641576,0.01234356
"20839",189,180,0,0.21091003,0,0.80822664,0.54843816,0.70809985,0.66641576,0.08035362
"20840",190,180,0,0.19796854,0,0.75324724,0.5111308,0.65993155,0.621083,0.05625016
"20841",191,180,0,0.10088333,0,0.38277805,0.25974161,0.33535777,0.31561608,0.03659596
"20842",153,181,0,0,0,0.80326265,0.54506975,0.70375082,0.66232274,0
"20843",154,181,0,0,0,0.80326265,0.54506975,0.70375082,0.66232274,0.00181924
"20844",155,181,0,0,0,0.80326265,0.54506975,0.70375082,0.66232274,0.0207876
"20845",156,181,0,0,0,0.80326265,0.54506975,0.70375082,0.66232274,0.00411341
"20846",157,181,0,0,0,0.80326265,0.54506975,0.70375082,0.66232274,0
"20847",158,181,0,0,0,0.80326265,0.54506975,0.70375082,0.66232274,0
"20848",159,181,0,0,0,0.80326265,0.54506975,0.70375082,0.66232274,0
"20849",160,181,0,0,0,0.80326265,0.54506975,0.70375082,0.66232274,0
"20850",161,181,0,0,0,0.80326265,0.54506975,0.70375082,0.66232274,0
"20851",162,181,0,0,0,0.80326265,0.54506975,0.70375082,0.66232274,0
"20852",163,181,0,0,0,0.80326265,0.54506975,0.70375082,0.66232274,0
"20853",164,181,0,0,0,0.80326265,0.54506975,0.70375082,0.66232274,0
"20854",165,181,0,0,0,0.80326265,0.54506975,0.70375082,0.66232274,0
"20855",166,181,0,0,0,0.80326265,0.54506975,0.70375082,0.66232274,0
"20856",167,181,0,0,0,0.80326265,0.54506975,0.70375082,0.66232274,0
"20857",168,181,0,0,0,0.80326265,0.54506975,0.70375082,0.66232274,0
"20858",169,181,0,0,0,0.80326265,0.54506975,0.70375082,0.66232274,0.00408177
"20859",170,181,0,0,0,0.80326265,0.54506975,0.70375082,0.66232274,0.00874204
"20860",171,181,0,0,0,0.80326265,0.54506975,0.70375082,0.66232274,0
"20861",172,181,0,0,0,0.80326265,0.54506975,0.70375082,0.66232274,0
"20862",173,181,0,0,0,0.80326265,0.54506975,0.70375082,0.66232274,0
"20863",174,181,0,0,0,0.80326265,0.54506975,0.70375082,0.66232274,0.00228277
"20864",175,181,0,0,0,0.80326265,0.54506975,0.70375082,0.66232274,0.00367442
"20865",176,181,0,0,0,0.80326265,0.54506975,0.70375082,0.66232274,0
"20866",177,181,0,0,0,0.80326265,0.54506975,0.70375082,0.66232274,0
"20867",178,181,0,0,0,0.80326265,0.54506975,0.70375082,0.66232274,0.00205378
"20868",179,181,0,0,0,0.80326265,0.54506975,0.70375082,0.66232274,0
"20869",180,181,0,0,0,0.80326265,0.54506975,0.70375082,0.66232274,0.01274112
"20870",181,181,0,0,0,0.80326265,0.54506975,0.70375082,0.66232274,0.00094383
"20871",182,181,0,0.20679014,0,0.80326265,0.54506975,0.70375082,0.66232274,0.00173058
"20872",183,181,0,0.20829795,0,0.80326265,0.54506975,0.70375082,0.66232274,0
"20873",184,181,0,0.20760574,0,0.80326265,0.54506975,0.70375082,0.66232274,0
"20874",185,181,0,0.20598906,0,0.80326265,0.54506975,0.70375082,0.66232274,0.01101844
"20875",186,181,0,0.20627277,0,0.80326265,0.54506975,0.70375082,0.66232274,0.01059921
"20876",187,181,0,0.20687473,0,0.80326265,0.54506975,0.70375082,0.66232274,0.02230951
"20877",188,181,0,0.21135013,0,0.80326265,0.54506975,0.70375082,0.66232274,0.00527462
"20878",189,181,0,0.21261714,0,0.80326265,0.54506975,0.70375082,0.66232274,0.02194176
"20879",190,181,0,0.21235362,0,0.80296723,0.54486928,0.703492,0.66207916,0.00864849
"20880",191,181,0,0.14814134,0,0.55055151,0.37358761,0.48234669,0.45395213,0.01823578
"20881",151,182,0,0,0,0.79829098,0.54169612,0.69939506,0.6582234,0
"20882",152,182,0,0,0,0.79829098,0.54169612,0.69939506,0.6582234,0.00847854
"20883",153,182,0,0,0,0.79829098,0.54169612,0.69939506,0.6582234,0.00186023
"20884",154,182,0,0,0,0.79829098,0.54169612,0.69939506,0.6582234,0
"20885",155,182,0,0,0,0.79829098,0.54169612,0.69939506,0.6582234,0
"20886",156,182,0,0,0,0.79829098,0.54169612,0.69939506,0.6582234,0.00151394
"20887",157,182,0,0,0,0.79829098,0.54169612,0.69939506,0.6582234,0
"20888",158,182,0,0,0,0.79829098,0.54169612,0.69939506,0.6582234,0
"20889",159,182,0,0,0,0.79829098,0.54169612,0.69939506,0.6582234,0
"20890",160,182,0,0,0,0.79829098,0.54169612,0.69939506,0.6582234,0
"20891",161,182,0,0,0,0.79829098,0.54169612,0.69939506,0.6582234,0
"20892",162,182,0,0,0,0.79829098,0.54169612,0.69939506,0.6582234,0
"20893",163,182,0,0,0,0.79829098,0.54169612,0.69939506,0.6582234,0.00124334
"20894",164,182,0,0,0,0.79829098,0.54169612,0.69939506,0.6582234,0.00185595
"20895",165,182,0,0,0,0.79829098,0.54169612,0.69939506,0.6582234,0
"20896",166,182,0,0,0,0.79829098,0.54169612,0.69939506,0.6582234,0.02409225
"20897",167,182,0,0,0,0.79829098,0.54169612,0.69939506,0.6582234,0.00092992
"20898",168,182,0,0,0,0.79829098,0.54169612,0.69939506,0.6582234,0
"20899",169,182,0,0,0,0.79829098,0.54169612,0.69939506,0.6582234,0
"20900",170,182,0,0,0,0.79829098,0.54169612,0.69939506,0.6582234,0.00391795
"20901",171,182,0,0,0,0.79829098,0.54169612,0.69939506,0.6582234,0
"20902",172,182,0,0,0,0.79829098,0.54169612,0.69939506,0.6582234,0
"20903",173,182,0,0,0,0.79829098,0.54169612,0.69939506,0.6582234,0
"20904",174,182,0,0,0,0.79829098,0.54169612,0.69939506,0.6582234,0.00307746
"20905",175,182,0,0,0,0.79829098,0.54169612,0.69939506,0.6582234,0.01730612
"20906",176,182,0,0,0,0.79829098,0.54169612,0.69939506,0.6582234,0
"20907",177,182,0,0,0,0.79829098,0.54169612,0.69939506,0.6582234,0
"20908",178,182,0,0,0,0.79829098,0.54169612,0.69939506,0.6582234,0
"20909",179,182,0,0,0,0.79829098,0.54169612,0.69939506,0.6582234,0
"20910",180,182,0,0,0,0.79829098,0.54169612,0.69939506,0.6582234,0.00114357
"20911",181,182,0,0,0,0.79829098,0.54169612,0.69939506,0.6582234,0.00150297
"20912",182,182,0,0,0,0.79829098,0.54169612,0.69939506,0.6582234,0
"20913",183,182,0,0.20796277,0,0.79829098,0.54169612,0.69939506,0.6582234,0
"20914",184,182,0,0.2075768,0,0.79829098,0.54169612,0.69939506,0.6582234,0.01142161
"20915",185,182,0,0.20680417,0,0.79829098,0.54169612,0.69939506,0.6582234,0
"20916",186,182,0,0.20540537,0,0.79829098,0.54169612,0.69939506,0.6582234,0
"20917",187,182,0,0.2046666,0,0.79829098,0.54169612,0.69939506,0.6582234,0
"20918",188,182,0,0.20577997,0,0.79829098,0.54169612,0.69939506,0.6582234,0.01878969
"20919",189,182,0,0.20573994,0,0.79829098,0.54169612,0.69939506,0.6582234,0
"20920",190,182,0,0.20443928,0,0.79829098,0.54169612,0.69939506,0.6582234,0
"20921",191,182,0,0.20545054,0,0.79829098,0.54169612,0.69939506,0.6582234,0
"20922",192,182,0,0.20371112,0,0.78088437,0.52988453,0.68414487,0.64387095,0.01823175
"20923",150,183,0,0,0,0.79331273,0.53831803,0.69503354,0.65411863,0
"20924",151,183,0,0,0,0.79331273,0.53831803,0.69503354,0.65411863,0
"20925",152,183,0,0,0,0.79331273,0.53831803,0.69503354,0.65411863,0
"20926",153,183,0,0,0,0.79331273,0.53831803,0.69503354,0.65411863,0
"20927",154,183,0,0,0,0.79331273,0.53831803,0.69503354,0.65411863,0
"20928",155,183,0,0,0,0.79331273,0.53831803,0.69503354,0.65411863,0
"20929",156,183,0,0,0,0.79331273,0.53831803,0.69503354,0.65411863,0
"20930",157,183,0,0,0,0.79331273,0.53831803,0.69503354,0.65411863,0
"20931",158,183,0,0,0,0.79331273,0.53831803,0.69503354,0.65411863,0
"20932",159,183,0,0,0,0.79331273,0.53831803,0.69503354,0.65411863,0.00189153
"20933",160,183,0,0,0,0.79331273,0.53831803,0.69503354,0.65411863,0.00204793
"20934",161,183,0,0,0,0.79331273,0.53831803,0.69503354,0.65411863,0
"20935",162,183,0,0,0,0.79331273,0.53831803,0.69503354,0.65411863,0
"20936",163,183,0,0,0,0.79331273,0.53831803,0.69503354,0.65411863,0
"20937",164,183,0,0,0,0.79331273,0.53831803,0.69503354,0.65411863,0
"20938",165,183,0,0,0,0.79331273,0.53831803,0.69503354,0.65411863,0
"20939",166,183,0,0,0,0.79331273,0.53831803,0.69503354,0.65411863,0
"20940",167,183,0,0,0,0.79331273,0.53831803,0.69503354,0.65411863,0
"20941",168,183,0,0,0,0.79331273,0.53831803,0.69503354,0.65411863,0
"20942",169,183,0,0,0,0.79331273,0.53831803,0.69503354,0.65411863,0.00037613
"20943",170,183,0,0,0,0.79331273,0.53831803,0.69503354,0.65411863,0
"20944",171,183,0,0,0,0.79331273,0.53831803,0.69503354,0.65411863,0.00263288
"20945",172,183,0,0,0,0.79331273,0.53831803,0.69503354,0.65411863,0
"20946",173,183,0,0,0,0.79331273,0.53831803,0.69503354,0.65411863,0
"20947",174,183,0,0,0,0.79331273,0.53831803,0.69503354,0.65411863,0
"20948",175,183,0,0,0,0.79331273,0.53831803,0.69503354,0.65411863,0
"20949",176,183,0,0,0,0.79331273,0.53831803,0.69503354,0.65411863,0.01591199
"20950",177,183,0,0,0,0.79331273,0.53831803,0.69503354,0.65411863,0
"20951",178,183,0,0,0,0.79331273,0.53831803,0.69503354,0.65411863,0
"20952",179,183,0,0,0,0.79331273,0.53831803,0.69503354,0.65411863,0
"20953",180,183,0,0,0,0.79331273,0.53831803,0.69503354,0.65411863,0
"20954",181,183,0,0,0,0.79331273,0.53831803,0.69503354,0.65411863,0.00983299
"20955",182,183,0,0,0,0.79331273,0.53831803,0.69503354,0.65411863,0
"20956",183,183,0,0,0,0.79331273,0.53831803,0.69503354,0.65411863,0
"20957",184,183,0,0,0,0.79331273,0.53831803,0.69503354,0.65411863,0
"20958",185,183,0,0,0,0.79331273,0.53831803,0.69503354,0.65411863,0
"20959",186,183,0,0,0,0.79331273,0.53831803,0.69503354,0.65411863,0
"20960",187,183,0,0.20682073,0,0.79331273,0.53831803,0.69503354,0.65411863,0
"20961",188,183,0,0.20825825,0,0.79331273,0.53831803,0.69503354,0.65411863,0
"20962",189,183,0,0.20741854,0,0.79331273,0.53831803,0.69503354,0.65411863,0
"20963",190,183,0,0.20485873,0,0.79331273,0.53831803,0.69503354,0.65411863,0
"20964",191,183,0,0.21235809,0,0.79331273,0.53831803,0.69503354,0.65411863,0.01267017
"20965",192,183,0,0.21296535,0,0.79331273,0.53831803,0.69503354,0.65411863,0.07824101
"20966",193,183,0,0.16651708,0,0.6068074,0.41176116,0.53163334,0.5003374,0.04348346
"20967",151,184,0,0,0,0.78832736,0.53493511,0.69066578,0.65000799,0
"20968",152,184,0,0,0,0.78832736,0.53493511,0.69066578,0.65000799,0
"20969",153,184,0,0,0,0.78832736,0.53493511,0.69066578,0.65000799,0
"20970",154,184,0,0,0,0.78832736,0.53493511,0.69066578,0.65000799,0
"20971",155,184,0,0,0,0.78832736,0.53493511,0.69066578,0.65000799,0
"20972",156,184,0,0,0,0.78832736,0.53493511,0.69066578,0.65000799,0
"20973",157,184,0,0,0,0.78832736,0.53493511,0.69066578,0.65000799,0
"20974",158,184,0,0,0,0.78832736,0.53493511,0.69066578,0.65000799,0
"20975",159,184,0,0,0,0.78832736,0.53493511,0.69066578,0.65000799,0.00387292
"20976",160,184,0,0,0,0.78832736,0.53493511,0.69066578,0.65000799,0
"20977",161,184,0,0,0,0.78832736,0.53493511,0.69066578,0.65000799,0.0018972
"20978",162,184,0,0,0,0.78832736,0.53493511,0.69066578,0.65000799,0.00373069
"20979",163,184,0,0,0,0.78832736,0.53493511,0.69066578,0.65000799,0
"20980",164,184,0,0,0,0.78832736,0.53493511,0.69066578,0.65000799,0
"20981",165,184,0,0,0,0.78832736,0.53493511,0.69066578,0.65000799,0
"20982",166,184,0,0,0,0.78832736,0.53493511,0.69066578,0.65000799,0
"20983",167,184,0,0,0,0.78832736,0.53493511,0.69066578,0.65000799,0
"20984",168,184,0,0,0,0.78832736,0.53493511,0.69066578,0.65000799,0
"20985",169,184,0,0,0,0.78832736,0.53493511,0.69066578,0.65000799,0.00348373
"20986",170,184,0,0,0,0.78832736,0.53493511,0.69066578,0.65000799,0
"20987",171,184,0,0,0,0.78832736,0.53493511,0.69066578,0.65000799,0
"20988",172,184,0,0,0,0.78832736,0.53493511,0.69066578,0.65000799,0
"20989",173,184,0,0,0,0.78832736,0.53493511,0.69066578,0.65000799,0
"20990",174,184,0,0,0,0.78832736,0.53493511,0.69066578,0.65000799,0
"20991",175,184,0,0,0,0.78832736,0.53493511,0.69066578,0.65000799,0.01068077
"20992",176,184,0,0,0,0.78832736,0.53493511,0.69066578,0.65000799,0
"20993",177,184,0,0,0,0.78832736,0.53493511,0.69066578,0.65000799,0
"20994",178,184,0,0,0,0.78832736,0.53493511,0.69066578,0.65000799,0
"20995",179,184,0,0,0,0.78832736,0.53493511,0.69066578,0.65000799,0
"20996",180,184,0,0,0,0.78832736,0.53493511,0.69066578,0.65000799,0.00376797
"20997",181,184,0,0,0,0.78832736,0.53493511,0.69066578,0.65000799,0
"20998",182,184,0,0,0,0.78832736,0.53493511,0.69066578,0.65000799,0
"20999",183,184,0,0,0,0.78832736,0.53493511,0.69066578,0.65000799,0
"21000",184,184,0,0,0,0.78832736,0.53493511,0.69066578,0.65000799,0
"21001",185,184,0,0,0,0.78832736,0.53493511,0.69066578,0.65000799,0.00189506
"21002",186,184,0,0,0,0.78832736,0.53493511,0.69066578,0.65000799,0.00170899
"21003",187,184,0,0,0,0.78832736,0.53493511,0.69066578,0.65000799,0
"21004",188,184,0,0,0,0.78832736,0.53493511,0.69066578,0.65000799,0
"21005",189,184,0,0,0,0.78832736,0.53493511,0.69066578,0.65000799,0
"21006",190,184,0,0.20318936,0,0.78832736,0.53493511,0.69066578,0.65000799,0.00708919
"21007",191,184,0,0.21604756,0,0.78832736,0.53493511,0.69066578,0.65000799,0.01561051
"21008",192,184,0,0.21796595,0,0.78832736,0.53493511,0.69066578,0.65000799,0.04481062
"21009",193,184,0,0.19782817,0,0.7165985,0.48626208,0.62782302,0.59086463,0.00584968
"21010",194,184,0,0.18257788,0,0.67369613,0.45714982,0.59023559,0.55548987,0.01011337
"21011",195,184,0,0.14283634,0,0.52258059,0.35460739,0.45784093,0.43088896,0
"21012",151,185,0,0,0,0.78333486,0.53154735,0.68629178,0.64589147,0
"21013",152,185,0,0,0,0.78333486,0.53154735,0.68629178,0.64589147,0
"21014",153,185,0,0,0,0.78333486,0.53154735,0.68629178,0.64589147,0
"21015",154,185,0,0,0,0.78333486,0.53154735,0.68629178,0.64589147,0
"21016",155,185,0,0,0,0.78333486,0.53154735,0.68629178,0.64589147,0
"21017",156,185,0,0,0,0.78333486,0.53154735,0.68629178,0.64589147,0
"21018",157,185,0,0,0,0.78333486,0.53154735,0.68629178,0.64589147,0
"21019",158,185,0,0,0,0.78333486,0.53154735,0.68629178,0.64589147,0
"21020",159,185,0,0,0,0.78333486,0.53154735,0.68629178,0.64589147,0
"21021",160,185,0,0,0,0.78333486,0.53154735,0.68629178,0.64589147,0
"21022",161,185,0,0,0,0.78333486,0.53154735,0.68629178,0.64589147,0
"21023",162,185,0,0,0,0.78333486,0.53154735,0.68629178,0.64589147,0
"21024",163,185,0,0,0,0.78333486,0.53154735,0.68629178,0.64589147,0
"21025",164,185,0,0,0,0.78333486,0.53154735,0.68629178,0.64589147,0
"21026",165,185,0,0,0,0.78333486,0.53154735,0.68629178,0.64589147,0
"21027",166,185,0,0,0,0.78333486,0.53154735,0.68629178,0.64589147,0
"21028",167,185,0,0,0,0.78333486,0.53154735,0.68629178,0.64589147,0
"21029",168,185,0,0,0,0.78333486,0.53154735,0.68629178,0.64589147,0.00341066
"21030",169,185,0,0,0,0.78333486,0.53154735,0.68629178,0.64589147,0.00915893
"21031",170,185,0,0,0,0.78333486,0.53154735,0.68629178,0.64589147,0
"21032",171,185,0,0,0,0.78333486,0.53154735,0.68629178,0.64589147,0
"21033",172,185,0,0,0,0.78333486,0.53154735,0.68629178,0.64589147,0.00226677
"21034",173,185,0,0,0,0.78333486,0.53154735,0.68629178,0.64589147,0
"21035",174,185,0,0,0,0.78333486,0.53154735,0.68629178,0.64589147,0
"21036",175,185,0,0,0,0.78333486,0.53154735,0.68629178,0.64589147,0
"21037",176,185,0,0,0,0.78333486,0.53154735,0.68629178,0.64589147,0
"21038",177,185,0,0,0,0.78333486,0.53154735,0.68629178,0.64589147,0
"21039",178,185,0,0,0,0.78333486,0.53154735,0.68629178,0.64589147,0.01275865
"21040",179,185,0,0,0,0.78333486,0.53154735,0.68629178,0.64589147,0.02654947
"21041",180,185,0,0,0,0.78333486,0.53154735,0.68629178,0.64589147,0
"21042",181,185,0,0,0,0.78333486,0.53154735,0.68629178,0.64589147,0
"21043",182,185,0,0,0,0.78333486,0.53154735,0.68629178,0.64589147,0
"21044",183,185,0,0,0,0.78333486,0.53154735,0.68629178,0.64589147,0
"21045",184,185,0,0,0,0.78333486,0.53154735,0.68629178,0.64589147,0
"21046",185,185,0,0,0,0.78333486,0.53154735,0.68629178,0.64589147,0
"21047",186,185,0,0,0,0.78333486,0.53154735,0.68629178,0.64589147,0
"21048",187,185,0,0,0,0.78333486,0.53154735,0.68629178,0.64589147,0.00173837
"21049",188,185,0,0,0,0.78333486,0.53154735,0.68629178,0.64589147,0
"21050",189,185,0,0,0,0.78333486,0.53154735,0.68629178,0.64589147,0.00632153
"21051",190,185,0,0.20364938,0,0.78333486,0.53154735,0.68629178,0.64589147,0.00375964
"21052",191,185,0,0.21418972,0,0.78333486,0.53154735,0.68629178,0.64589147,0.00408829
"21053",192,185,0,0.21473997,0,0.78333486,0.53154735,0.68629178,0.64589147,0.00695202
"21054",193,185,0,0.21296523,0,0.78333486,0.53154735,0.68629178,0.64589147,0
"21055",194,185,0,0.2121869,0,0.78333486,0.53154735,0.68629178,0.64589147,0.0140538
"21056",195,185,0,0.21269302,0,0.78237845,0.53089836,0.68545385,0.64510287,0.027518
"21057",196,185,0,0.20681962,0,0.76757744,0.52085485,0.67248646,0.63289884,0.14010084
"21058",197,185,0,0.20455932,0,0.76481291,0.51897891,0.67006441,0.63061937,0.08036941
"21059",151,186,0,0.25172871,0,0.77833469,0.52815439,0.68191105,0.64176863,0.00450645
"21060",152,186,0,0,0,0.77833469,0.52815439,0.68191105,0.64176863,0
"21061",153,186,0,0,0,0.77833469,0.52815439,0.68191105,0.64176863,0
"21062",154,186,0,0,0,0.77833469,0.52815439,0.68191105,0.64176863,0.01116797
"21063",155,186,0,0,0,0.77833469,0.52815439,0.68191105,0.64176863,0.00870614
"21064",156,186,0,0,0,0.77833469,0.52815439,0.68191105,0.64176863,0
"21065",157,186,0,0,0,0.77833469,0.52815439,0.68191105,0.64176863,0
"21066",158,186,0,0,0,0.77833469,0.52815439,0.68191105,0.64176863,0
"21067",159,186,0,0,0,0.77833469,0.52815439,0.68191105,0.64176863,0
"21068",160,186,0,0,0,0.77833469,0.52815439,0.68191105,0.64176863,0
"21069",161,186,0,0,0,0.77833469,0.52815439,0.68191105,0.64176863,0
"21070",162,186,0,0,0,0.77833469,0.52815439,0.68191105,0.64176863,0
"21071",163,186,0,0,0,0.77833469,0.52815439,0.68191105,0.64176863,0
"21072",164,186,0,0,0,0.77833469,0.52815439,0.68191105,0.64176863,0
"21073",165,186,0,0,0,0.77833469,0.52815439,0.68191105,0.64176863,0
"21074",166,186,0,0,0,0.77833469,0.52815439,0.68191105,0.64176863,0
"21075",167,186,0,0,0,0.77833469,0.52815439,0.68191105,0.64176863,0
"21076",168,186,0,0,0,0.77833469,0.52815439,0.68191105,0.64176863,0
"21077",169,186,0,0,0,0.77833469,0.52815439,0.68191105,0.64176863,0
"21078",170,186,0,0,0,0.77833469,0.52815439,0.68191105,0.64176863,0
"21079",171,186,0,0,0,0.77833469,0.52815439,0.68191105,0.64176863,0
"21080",172,186,0,0,0,0.77833469,0.52815439,0.68191105,0.64176863,0
"21081",173,186,0,0,0,0.77833469,0.52815439,0.68191105,0.64176863,0
"21082",174,186,0,0,0,0.77833469,0.52815439,0.68191105,0.64176863,0
"21083",175,186,0,0,0,0.77833469,0.52815439,0.68191105,0.64176863,0
"21084",176,186,0,0,0,0.77833469,0.52815439,0.68191105,0.64176863,0
"21085",177,186,0,0,0,0.77833469,0.52815439,0.68191105,0.64176863,0
"21086",178,186,0,0,0,0.77833469,0.52815439,0.68191105,0.64176863,0.00456691
"21087",179,186,0,0,0,0.77833469,0.52815439,0.68191105,0.64176863,0
"21088",180,186,0,0,0,0.77833469,0.52815439,0.68191105,0.64176863,0
"21089",181,186,0,0,0,0.77833469,0.52815439,0.68191105,0.64176863,0
"21090",182,186,0,0,0,0.77833469,0.52815439,0.68191105,0.64176863,0
"21091",183,186,0,0,0,0.77833469,0.52815439,0.68191105,0.64176863,0
"21092",184,186,0,0,0,0.77833469,0.52815439,0.68191105,0.64176863,0
"21093",185,186,0,0,0,0.77833469,0.52815439,0.68191105,0.64176863,0
"21094",186,186,0,0,0,0.77833469,0.52815439,0.68191105,0.64176863,0
"21095",187,186,0,0,0,0.77833469,0.52815439,0.68191105,0.64176863,0.00531623
"21096",188,186,0,0,0,0.77833469,0.52815439,0.68191105,0.64176863,0
"21097",189,186,0,0,0,0.77833469,0.52815439,0.68191105,0.64176863,0.02063823
"21098",190,186,0,0,0,0.77833469,0.52815439,0.68191105,0.64176863,0.00761046
"21099",191,186,0,0,0,0.77833469,0.52815439,0.68191105,0.64176863,0.00214749
"21100",192,186,0,0,0,0.77833469,0.52815439,0.68191105,0.64176863,0.00091641
"21101",193,186,0,0.21047068,0,0.77833469,0.52815439,0.68191105,0.64176863,0.0318816
"21102",194,186,0,0.20946051,0,0.77833469,0.52815439,0.68191105,0.64176863,0.08004533
"21103",195,186,0,0.21052614,0,0.77833469,0.52815439,0.68191105,0.64176863,0.00234785
"21104",196,186,0,0.21196982,0,0.77833469,0.52815439,0.68191105,0.64176863,0.0129166
"21105",197,186,0,0.21073526,0,0.7745836,0.52560901,0.67862466,0.6386757,0.0086724
"21106",201,186,0,0.15951878,0,0.58361413,0.3960229,0.51131336,0.4812136,0.00808566
"21107",202,186,0,0.15607183,0,0.57100984,0.38747002,0.50027055,0.47082085,0.01413849
"21108",203,186,0,0.13118451,0,0.47994513,0.32567626,0.42048735,0.39573429,0.03727669
"21109",206,186,0,0.10780953,0,0.38711888,0.26268717,0.33916083,0.31919527,0.01094497
"21110",207,186,0,0.09491599,0,0.34725728,0.23563829,0.30423747,0.28632776,0.00970876
"21111",152,187,0,0,0,0.77332849,0.52475733,0.67752504,0.63764081,0
"21112",153,187,0,0,0,0.77332849,0.52475733,0.67752504,0.63764081,0
"21113",154,187,0,0,0,0.77332849,0.52475733,0.67752504,0.63764081,0.0020912
"21114",155,187,0,0,0,0.77332849,0.52475733,0.67752504,0.63764081,0
"21115",156,187,0,0,0,0.77332849,0.52475733,0.67752504,0.63764081,0
"21116",157,187,0,0,0,0.77332849,0.52475733,0.67752504,0.63764081,0
"21117",158,187,0,0,0,0.77332849,0.52475733,0.67752504,0.63764081,0
"21118",159,187,0,0,0,0.77332849,0.52475733,0.67752504,0.63764081,0
"21119",160,187,0,0,0,0.77332849,0.52475733,0.67752504,0.63764081,0.02333611
"21120",161,187,0,0,0,0.77332849,0.52475733,0.67752504,0.63764081,0.00504847
"21121",162,187,0,0,0,0.77332849,0.52475733,0.67752504,0.63764081,0
"21122",163,187,0,0,0,0.77332849,0.52475733,0.67752504,0.63764081,0
"21123",164,187,0,0,0,0.77332849,0.52475733,0.67752504,0.63764081,0
"21124",165,187,0,0,0,0.77332849,0.52475733,0.67752504,0.63764081,0
"21125",166,187,0,0,0,0.77332849,0.52475733,0.67752504,0.63764081,0
"21126",167,187,0,0,0,0.77332849,0.52475733,0.67752504,0.63764081,0
"21127",168,187,0,0,0,0.77332849,0.52475733,0.67752504,0.63764081,0
"21128",169,187,0,0,0,0.77332849,0.52475733,0.67752504,0.63764081,0
"21129",170,187,0,0,0,0.77332849,0.52475733,0.67752504,0.63764081,0
"21130",171,187,0,0,0,0.77332849,0.52475733,0.67752504,0.63764081,0
"21131",172,187,0,0,0,0.77332849,0.52475733,0.67752504,0.63764081,0
"21132",173,187,0,0,0,0.77332849,0.52475733,0.67752504,0.63764081,0
"21133",174,187,0,0,0,0.77332849,0.52475733,0.67752504,0.63764081,0
"21134",175,187,0,0,0,0.77332849,0.52475733,0.67752504,0.63764081,0
"21135",176,187,0,0,0,0.77332849,0.52475733,0.67752504,0.63764081,0
"21136",177,187,0,0,0,0.77332849,0.52475733,0.67752504,0.63764081,0
"21137",178,187,0,0,0,0.77332849,0.52475733,0.67752504,0.63764081,0
"21138",179,187,0,0,0,0.77332849,0.52475733,0.67752504,0.63764081,0
"21139",180,187,0,0,0,0.77332849,0.52475733,0.67752504,0.63764081,0.0084913
"21140",181,187,0,0,0,0.77332849,0.52475733,0.67752504,0.63764081,0
"21141",182,187,0,0,0,0.77332849,0.52475733,0.67752504,0.63764081,0
"21142",183,187,0,0,0,0.77332849,0.52475733,0.67752504,0.63764081,0
"21143",184,187,0,0,0,0.77332849,0.52475733,0.67752504,0.63764081,0.00662002
"21144",185,187,0,0,0,0.77332849,0.52475733,0.67752504,0.63764081,0.00114662
"21145",186,187,0,0,0,0.77332849,0.52475733,0.67752504,0.63764081,0.00716183
"21146",187,187,0,0,0,0.77332849,0.52475733,0.67752504,0.63764081,0
"21147",188,187,0,0,0,0.77332849,0.52475733,0.67752504,0.63764081,0
"21148",189,187,0,0,0,0.77332849,0.52475733,0.67752504,0.63764081,0
"21149",190,187,0,0,0,0.77332849,0.52475733,0.67752504,0.63764081,0
"21150",191,187,0,0.20114217,0,0.77332849,0.52475733,0.67752504,0.63764081,0.00244241
"21151",192,187,0,0.20352203,0,0.77332849,0.52475733,0.67752504,0.63764081,0.00525343
"21152",193,187,0,0.20390387,0,0.77332849,0.52475733,0.67752504,0.63764081,0.00509288
"21153",194,187,0,0.21072802,0,0.77332849,0.52475733,0.67752504,0.63764081,0.01295721
"21154",195,187,0,0.2099719,0,0.77332849,0.52475733,0.67752504,0.63764081,0
"21155",196,187,0,0.21095779,0,0.77332849,0.52475733,0.67752504,0.63764081,0
"21156",197,187,0,0.20878978,0,0.77332849,0.52475733,0.67752504,0.63764081,0.01257211
"21157",198,187,0,0.19758552,0,0.73316818,0.49750576,0.64233997,0.604527,0.00521348
"21158",199,187,0,0.21000052,0,0.77332849,0.52475733,0.67752504,0.63764081,0.01501602
"21159",200,187,0,0.19625476,0,0.71808984,0.48727405,0.62912961,0.5920943,0.00610327
"21160",201,187,0,0.20864387,0,0.77332849,0.52475733,0.67752504,0.63764081,0.00105744
"21161",202,187,0,0.21134117,0,0.77332849,0.52475733,0.67752504,0.63764081,0.04526236
"21162",203,187,0,0.21137203,0,0.77332849,0.52475733,0.67752504,0.63764081,0.0237084
"21163",204,187,0,0.21137187,0,0.77332849,0.52475733,0.67752504,0.63764081,0.01605104
"21164",205,187,0,0.21138212,0,0.77332849,0.52475733,0.67752504,0.63764081,0.00137358
"21165",206,187,0,0.21104971,0,0.77199774,0.52385433,0.67635915,0.63654355,0
"21166",207,187,0,0.21137405,0,0.77332849,0.52475733,0.67752504,0.63764081,0
"21167",208,187,0,0.21597662,0,0.77332849,0.52475733,0.67752504,0.63764081,0.06960731
"21168",151,188,0,0,0,0.76831462,0.52135507,0.67313231,0.63350667,0
"21169",152,188,0,0.25670508,0,0.76831462,0.52135507,0.67313231,0.63350667,0.00306781
"21170",153,188,0,0,0,0.76831462,0.52135507,0.67313231,0.63350667,0
"21171",154,188,0,0,0,0.76831462,0.52135507,0.67313231,0.63350667,0
"21172",155,188,0,0,0,0.76831462,0.52135507,0.67313231,0.63350667,0
"21173",156,188,0,0,0,0.76831462,0.52135507,0.67313231,0.63350667,0
"21174",157,188,0,0,0,0.76831462,0.52135507,0.67313231,0.63350667,0
"21175",158,188,0,0,0,0.76831462,0.52135507,0.67313231,0.63350667,0
"21176",159,188,0,0,0,0.76831462,0.52135507,0.67313231,0.63350667,0
"21177",160,188,0,0,0,0.76831462,0.52135507,0.67313231,0.63350667,0
"21178",161,188,0,0,0,0.76831462,0.52135507,0.67313231,0.63350667,0
"21179",162,188,0,0,0,0.76831462,0.52135507,0.67313231,0.63350667,0
"21180",163,188,0,0,0,0.76831462,0.52135507,0.67313231,0.63350667,0
"21181",164,188,0,0,0,0.76831462,0.52135507,0.67313231,0.63350667,0
"21182",165,188,0,0,0,0.76831462,0.52135507,0.67313231,0.63350667,0
"21183",166,188,0,0,0,0.76831462,0.52135507,0.67313231,0.63350667,0.0048456
"21184",167,188,0,0,0,0.76831462,0.52135507,0.67313231,0.63350667,0.01749673
"21185",168,188,0,0,0,0.76831462,0.52135507,0.67313231,0.63350667,0
"21186",169,188,0,0,0,0.76831462,0.52135507,0.67313231,0.63350667,0
"21187",170,188,0,0,0,0.76831462,0.52135507,0.67313231,0.63350667,0.00112291
"21188",171,188,0,0,0,0.76831462,0.52135507,0.67313231,0.63350667,0.01795987
"21189",172,188,0,0,0,0.76831462,0.52135507,0.67313231,0.63350667,0
"21190",173,188,0,0,0,0.76831462,0.52135507,0.67313231,0.63350667,0
"21191",174,188,0,0,0,0.76831462,0.52135507,0.67313231,0.63350667,0
"21192",175,188,0,0,0,0.76831462,0.52135507,0.67313231,0.63350667,0
"21193",176,188,0,0,0,0.76831462,0.52135507,0.67313231,0.63350667,0
"21194",177,188,0,0,0,0.76831462,0.52135507,0.67313231,0.63350667,0
"21195",178,188,0,0,0,0.76831462,0.52135507,0.67313231,0.63350667,0
"21196",179,188,0,0,0,0.76831462,0.52135507,0.67313231,0.63350667,0
"21197",180,188,0,0,0,0.76831462,0.52135507,0.67313231,0.63350667,0
"21198",181,188,0,0,0,0.76831462,0.52135507,0.67313231,0.63350667,0
"21199",182,188,0,0,0,0.76831462,0.52135507,0.67313231,0.63350667,0
"21200",183,188,0,0,0,0.76831462,0.52135507,0.67313231,0.63350667,0
"21201",184,188,0,0,0,0.76831462,0.52135507,0.67313231,0.63350667,0
"21202",185,188,0,0,0,0.76831462,0.52135507,0.67313231,0.63350667,0
"21203",186,188,0,0,0,0.76831462,0.52135507,0.67313231,0.63350667,0
"21204",187,188,0,0,0,0.76831462,0.52135507,0.67313231,0.63350667,0
"21205",188,188,0,0,0,0.76831462,0.52135507,0.67313231,0.63350667,0
"21206",189,188,0,0,0,0.76831462,0.52135507,0.67313231,0.63350667,0.01011513
"21207",190,188,0,0,0,0.76831462,0.52135507,0.67313231,0.63350667,0.00738463
"21208",191,188,0,0,0,0.76831462,0.52135507,0.67313231,0.63350667,0.00127718
"21209",192,188,0,0,0,0.76831462,0.52135507,0.67313231,0.63350667,0
"21210",193,188,0,0,0,0.76831462,0.52135507,0.67313231,0.63350667,0
"21211",194,188,0,0.20854454,0,0.76831462,0.52135507,0.67313231,0.63350667,0.00481405
"21212",195,188,0,0.20997007,0,0.76831462,0.52135507,0.67313231,0.63350667,0
"21213",196,188,0,0,0,0.76831462,0.52135507,0.67313231,0.63350667,0
"21214",197,188,0,0,0,0.76831462,0.52135507,0.67313231,0.63350667,0
"21215",198,188,0,0,0,0.76831462,0.52135507,0.67313231,0.63350667,0
"21216",199,188,0,0,0,0.76831462,0.52135507,0.67313231,0.63350667,0
"21217",200,188,0,0.20585616,0,0.76831462,0.52135507,0.67313231,0.63350667,0.00989252
"21218",201,188,0,0,0,0.76831462,0.52135507,0.67313231,0.63350667,0
"21219",202,188,0,0,0,0.76831462,0.52135507,0.67313231,0.63350667,0
"21220",203,188,0,0,0,0.76831462,0.52135507,0.67313231,0.63350667,0
"21221",204,188,0,0,0,0.76831462,0.52135507,0.67313231,0.63350667,0
"21222",205,188,0,0.20961841,0,0.76831462,0.52135507,0.67313231,0.63350667,0
"21223",206,188,0,0.21003598,0,0.76831462,0.52135507,0.67313231,0.63350667,0
"21224",207,188,0,0.21241049,0,0.76831462,0.52135507,0.67313231,0.63350667,0.00823063
"21225",156,189,0,0,0,0.76329417,0.51794834,0.66873381,0.6293671,0
"21226",157,189,0,0,0,0.76329417,0.51794834,0.66873381,0.6293671,0
"21227",158,189,0,0,0,0.76329417,0.51794834,0.66873381,0.6293671,0
"21228",159,189,0,0,0,0.76329417,0.51794834,0.66873381,0.6293671,0
"21229",160,189,0,0,0,0.76329417,0.51794834,0.66873381,0.6293671,0
"21230",161,189,0,0,0,0.76329417,0.51794834,0.66873381,0.6293671,0
"21231",162,189,0,0,0,0.76329417,0.51794834,0.66873381,0.6293671,0
"21232",163,189,0,0,0,0.76329417,0.51794834,0.66873381,0.6293671,0
"21233",164,189,0,0,0,0.76329417,0.51794834,0.66873381,0.6293671,0
"21234",165,189,0,0,0,0.76329417,0.51794834,0.66873381,0.6293671,0
"21235",166,189,0,0,0,0.76329417,0.51794834,0.66873381,0.6293671,0
"21236",167,189,0,0,0,0.76329417,0.51794834,0.66873381,0.6293671,0
"21237",168,189,0,0,0,0.76329417,0.51794834,0.66873381,0.6293671,0
"21238",169,189,0,0,0,0.76329417,0.51794834,0.66873381,0.6293671,0
"21239",170,189,0,0,0,0.76329417,0.51794834,0.66873381,0.6293671,0
"21240",171,189,0,0,0,0.76329417,0.51794834,0.66873381,0.6293671,0
"21241",172,189,0,0,0,0.76329417,0.51794834,0.66873381,0.6293671,0
"21242",173,189,0,0,0,0.76329417,0.51794834,0.66873381,0.6293671,0
"21243",174,189,0,0,0,0.76329417,0.51794834,0.66873381,0.6293671,0
"21244",175,189,0,0,0,0.76329417,0.51794834,0.66873381,0.6293671,0
"21245",176,189,0,0,0,0.76329417,0.51794834,0.66873381,0.6293671,0
"21246",177,189,0,0,0,0.76329417,0.51794834,0.66873381,0.6293671,0
"21247",178,189,0,0,0,0.76329417,0.51794834,0.66873381,0.6293671,0
"21248",179,189,0,0,0,0.76329417,0.51794834,0.66873381,0.6293671,0
"21249",180,189,0,0,0,0.76329417,0.51794834,0.66873381,0.6293671,0
"21250",181,189,0,0,0,0.76329417,0.51794834,0.66873381,0.6293671,0
"21251",182,189,0,0,0,0.76329417,0.51794834,0.66873381,0.6293671,0
"21252",183,189,0,0,0,0.76329417,0.51794834,0.66873381,0.6293671,0
"21253",184,189,0,0,0,0.76329417,0.51794834,0.66873381,0.6293671,0
"21254",185,189,0,0,0,0.76329417,0.51794834,0.66873381,0.6293671,0
"21255",186,189,0,0,0,0.76329417,0.51794834,0.66873381,0.6293671,0
"21256",187,189,0,0,0,0.76329417,0.51794834,0.66873381,0.6293671,0
"21257",188,189,0,0,0,0.76329417,0.51794834,0.66873381,0.6293671,0
"21258",189,189,0,0,0,0.76329417,0.51794834,0.66873381,0.6293671,0
"21259",190,189,0,0,0,0.76329417,0.51794834,0.66873381,0.6293671,0.00367245
"21260",191,189,0,0,0,0.76329417,0.51794834,0.66873381,0.6293671,0
"21261",192,189,0,0,0,0.76329417,0.51794834,0.66873381,0.6293671,0
"21262",193,189,0,0,0,0.76329417,0.51794834,0.66873381,0.6293671,0
"21263",194,189,0,0,0,0.76329417,0.51794834,0.66873381,0.6293671,0
"21264",195,189,0,0,0,0.76329417,0.51794834,0.66873381,0.6293671,0
"21265",196,189,0,0,0,0.76329417,0.51794834,0.66873381,0.6293671,0
"21266",197,189,0,0,0,0.76329417,0.51794834,0.66873381,0.6293671,0
"21267",198,189,0,0,0,0.76329417,0.51794834,0.66873381,0.6293671,0
"21268",199,189,0,0,0,0.76329417,0.51794834,0.66873381,0.6293671,0
"21269",200,189,0,0,0,0.76329417,0.51794834,0.66873381,0.6293671,0.00916396
"21270",201,189,0,0,0,0.76329417,0.51794834,0.66873381,0.6293671,0.00686214
"21271",202,189,0,0,0,0.76329417,0.51794834,0.66873381,0.6293671,0
"21272",203,189,0,0,0,0.76329417,0.51794834,0.66873381,0.6293671,0
"21273",204,189,0,0,0,0.76329417,0.51794834,0.66873381,0.6293671,0
"21274",205,189,0,0,0,0.76329417,0.51794834,0.66873381,0.6293671,0.00718018
"21275",156,190,0,0,0,0.75826659,0.51453678,0.66432908,0.62522166,0
"21276",157,190,0,0,0,0.75826659,0.51453678,0.66432908,0.62522166,0
"21277",158,190,0,0,0,0.75826659,0.51453678,0.66432908,0.62522166,0
"21278",159,190,0,0,0,0.75826659,0.51453678,0.66432908,0.62522166,0
"21279",160,190,0,0,0,0.75826659,0.51453678,0.66432908,0.62522166,0
"21280",161,190,0,0,0,0.75826659,0.51453678,0.66432908,0.62522166,0
"21281",162,190,0,0,0,0.75826659,0.51453678,0.66432908,0.62522166,0
"21282",163,190,0,0,0,0.75826659,0.51453678,0.66432908,0.62522166,0
"21283",164,190,0,0,0,0.75826659,0.51453678,0.66432908,0.62522166,0
"21284",165,190,0,0,0,0.75826659,0.51453678,0.66432908,0.62522166,0
"21285",166,190,0,0,0,0.75826659,0.51453678,0.66432908,0.62522166,0
"21286",167,190,0,0,0,0.75826659,0.51453678,0.66432908,0.62522166,0
"21287",168,190,0,0,0,0.75826659,0.51453678,0.66432908,0.62522166,0
"21288",169,190,0,0,0,0.75826659,0.51453678,0.66432908,0.62522166,0
"21289",170,190,0,0,0,0.75826659,0.51453678,0.66432908,0.62522166,0
"21290",171,190,0,0,0,0.75826659,0.51453678,0.66432908,0.62522166,0
"21291",172,190,0,0,0,0.75826659,0.51453678,0.66432908,0.62522166,0
"21292",173,190,0,0,0,0.75826659,0.51453678,0.66432908,0.62522166,0
"21293",174,190,0,0,0,0.75826659,0.51453678,0.66432908,0.62522166,0
"21294",175,190,0,0,0,0.75826659,0.51453678,0.66432908,0.62522166,0
"21295",176,190,0,0,0,0.75826659,0.51453678,0.66432908,0.62522166,0
"21296",177,190,0,0,0,0.75826659,0.51453678,0.66432908,0.62522166,0
"21297",178,190,0,0,0,0.75826659,0.51453678,0.66432908,0.62522166,0
"21298",179,190,0,0,0,0.75826659,0.51453678,0.66432908,0.62522166,0
"21299",180,190,0,0,0,0.75826659,0.51453678,0.66432908,0.62522166,0
"21300",181,190,0,0,0,0.75826659,0.51453678,0.66432908,0.62522166,0
"21301",182,190,0,0,0,0.75826659,0.51453678,0.66432908,0.62522166,0
"21302",183,190,0,0,0,0.75826659,0.51453678,0.66432908,0.62522166,0
"21303",184,190,0,0,0,0.75826659,0.51453678,0.66432908,0.62522166,0.00278511
"21304",185,190,0,0,0,0.75826659,0.51453678,0.66432908,0.62522166,0
"21305",186,190,0,0,0,0.75826659,0.51453678,0.66432908,0.62522166,0
"21306",187,190,0,0,0,0.75826659,0.51453678,0.66432908,0.62522166,0.01303115
"21307",188,190,0,0,0,0.75826659,0.51453678,0.66432908,0.62522166,0
"21308",189,190,0,0,0,0.75826659,0.51453678,0.66432908,0.62522166,0.00352809
"21309",190,190,0,0,0,0.75826659,0.51453678,0.66432908,0.62522166,0
"21310",191,190,0,0,0,0.75826659,0.51453678,0.66432908,0.62522166,0
"21311",192,190,0,0,0,0.75826659,0.51453678,0.66432908,0.62522166,0
"21312",193,190,0,0,0,0.75826659,0.51453678,0.66432908,0.62522166,0
"21313",194,190,0,0,0,0.75826659,0.51453678,0.66432908,0.62522166,0
"21314",195,190,0,0,0,0.75826659,0.51453678,0.66432908,0.62522166,0
"21315",196,190,0,0,0,0.75826659,0.51453678,0.66432908,0.62522166,0
"21316",197,190,0,0,0,0.75826659,0.51453678,0.66432908,0.62522166,0
"21317",198,190,0,0,0,0.75826659,0.51453678,0.66432908,0.62522166,0
"21318",199,190,0,0,0,0.75826659,0.51453678,0.66432908,0.62522166,0
"21319",200,190,0,0,0,0.75826659,0.51453678,0.66432908,0.62522166,0.01685161
"21320",201,190,0,0,0,0.75826659,0.51453678,0.66432908,0.62522166,0.00349692
"21321",202,190,0,0,0,0.75826659,0.51453678,0.66432908,0.62522166,0
"21322",203,190,0,0,0,0.75826659,0.51453678,0.66432908,0.62522166,0
"21323",204,190,0,0,0,0.75826659,0.51453678,0.66432908,0.62522166,0
"21324",205,190,0,0,0,0.75826659,0.51453678,0.66432908,0.62522166,0.02373379
"21325",158,191,0,0,0,0.75323244,0.51112076,0.65991858,0.6210708,0
"21326",159,191,0,0,0,0.75323244,0.51112076,0.65991858,0.6210708,0
"21327",160,191,0,0,0,0.75323244,0.51112076,0.65991858,0.6210708,0
"21328",161,191,0,0,0,0.75323244,0.51112076,0.65991858,0.6210708,0
"21329",162,191,0,0,0,0.75323244,0.51112076,0.65991858,0.6210708,0
"21330",163,191,0,0,0,0.75323244,0.51112076,0.65991858,0.6210708,0
"21331",164,191,0,0,0,0.75323244,0.51112076,0.65991858,0.6210708,0
"21332",165,191,0,0,0,0.75323244,0.51112076,0.65991858,0.6210708,0
"21333",166,191,0,0,0,0.75323244,0.51112076,0.65991858,0.6210708,0
"21334",167,191,0,0,0,0.75323244,0.51112076,0.65991858,0.6210708,0
"21335",168,191,0,0,0,0.75323244,0.51112076,0.65991858,0.6210708,0
"21336",169,191,0,0,0,0.75323244,0.51112076,0.65991858,0.6210708,0
"21337",170,191,0,0,0,0.75323244,0.51112076,0.65991858,0.6210708,0
"21338",171,191,0,0,0,0.75323244,0.51112076,0.65991858,0.6210708,0
"21339",172,191,0,0,0,0.75323244,0.51112076,0.65991858,0.6210708,0
"21340",173,191,0,0,0,0.75323244,0.51112076,0.65991858,0.6210708,0
"21341",174,191,0,0,0,0.75323244,0.51112076,0.65991858,0.6210708,0
"21342",175,191,0,0,0,0.75323244,0.51112076,0.65991858,0.6210708,0
"21343",176,191,0,0,0,0.75323244,0.51112076,0.65991858,0.6210708,0
"21344",177,191,0,0,0,0.75323244,0.51112076,0.65991858,0.6210708,0
"21345",178,191,0,0,0,0.75323244,0.51112076,0.65991858,0.6210708,0
"21346",179,191,0,0,0,0.75323244,0.51112076,0.65991858,0.6210708,0
"21347",180,191,0,0,0,0.75323244,0.51112076,0.65991858,0.6210708,0
"21348",181,191,0,0,0,0.75323244,0.51112076,0.65991858,0.6210708,0
"21349",182,191,0,0,0,0.75323244,0.51112076,0.65991858,0.6210708,0.01465717
"21350",183,191,0,0,0,0.75323244,0.51112076,0.65991858,0.6210708,0.0122929
"21351",184,191,0,0,0,0.75323244,0.51112076,0.65991858,0.6210708,0.00201533
"21352",185,191,0,0,0,0.75323244,0.51112076,0.65991858,0.6210708,0
"21353",186,191,0,0,0,0.75323244,0.51112076,0.65991858,0.6210708,0
"21354",187,191,0,0,0,0.75323244,0.51112076,0.65991858,0.6210708,0
"21355",188,191,0,0,0,0.75323244,0.51112076,0.65991858,0.6210708,0
"21356",189,191,0,0,0,0.75323244,0.51112076,0.65991858,0.6210708,0
"21357",190,191,0,0,0,0.75323244,0.51112076,0.65991858,0.6210708,0
"21358",191,191,0,0,0,0.75323244,0.51112076,0.65991858,0.6210708,0
"21359",192,191,0,0,0,0.75323244,0.51112076,0.65991858,0.6210708,0
"21360",193,191,0,0,0,0.75323244,0.51112076,0.65991858,0.6210708,0
"21361",194,191,0,0,0,0.75323244,0.51112076,0.65991858,0.6210708,0
"21362",195,191,0,0,0,0.75323244,0.51112076,0.65991858,0.6210708,0
"21363",196,191,0,0,0,0.75323244,0.51112076,0.65991858,0.6210708,0
"21364",197,191,0,0,0,0.75323244,0.51112076,0.65991858,0.6210708,0.00246739
"21365",198,191,0,0,0,0.75323244,0.51112076,0.65991858,0.6210708,0.00290765
"21366",199,191,0,0,0,0.75323244,0.51112076,0.65991858,0.6210708,0
"21367",200,191,0,0,0,0.75323244,0.51112076,0.65991858,0.6210708,0.00243584
"21368",201,191,0,0,0,0.75323244,0.51112076,0.65991858,0.6210708,0
"21369",202,191,0,0,0,0.75323244,0.51112076,0.65991858,0.6210708,0
"21370",203,191,0,0,0,0.75323244,0.51112076,0.65991858,0.6210708,0
"21371",204,191,0,0,0,0.75323244,0.51112076,0.65991858,0.6210708,0
"21372",205,191,0,0,0,0.75323244,0.51112076,0.65991858,0.6210708,0
"21373",206,191,0,0,0,0.75323244,0.51112076,0.65991858,0.6210708,0.00669151
"21374",159,192,0,0,0,0.74819171,0.50770027,0.65550232,0.61691451,0
"21375",160,192,0,0,0,0.74819171,0.50770027,0.65550232,0.61691451,0
"21376",161,192,0,0,0,0.74819171,0.50770027,0.65550232,0.61691451,0
"21377",162,192,0,0,0,0.74819171,0.50770027,0.65550232,0.61691451,0
"21378",163,192,0,0,0,0.74819171,0.50770027,0.65550232,0.61691451,0
"21379",164,192,0,0,0,0.74819171,0.50770027,0.65550232,0.61691451,0
"21380",165,192,0,0,0,0.74819171,0.50770027,0.65550232,0.61691451,0
"21381",166,192,0,0,0,0.74819171,0.50770027,0.65550232,0.61691451,0
"21382",167,192,0,0,0,0.74819171,0.50770027,0.65550232,0.61691451,0
"21383",168,192,0,0,0,0.74819171,0.50770027,0.65550232,0.61691451,0
"21384",169,192,0,0,0,0.74819171,0.50770027,0.65550232,0.61691451,0
"21385",170,192,0,0,0,0.74819171,0.50770027,0.65550232,0.61691451,0
"21386",171,192,0,0,0,0.74819171,0.50770027,0.65550232,0.61691451,0
"21387",172,192,0,0,0,0.74819171,0.50770027,0.65550232,0.61691451,0
"21388",173,192,0,0,0,0.74819171,0.50770027,0.65550232,0.61691451,0
"21389",174,192,0,0,0,0.74819171,0.50770027,0.65550232,0.61691451,0
"21390",175,192,0,0,0,0.74819171,0.50770027,0.65550232,0.61691451,0
"21391",176,192,0,0,0,0.74819171,0.50770027,0.65550232,0.61691451,0
"21392",177,192,0,0,0,0.74819171,0.50770027,0.65550232,0.61691451,0
"21393",178,192,0,0,0,0.74819171,0.50770027,0.65550232,0.61691451,0
"21394",179,192,0,0,0,0.74819171,0.50770027,0.65550232,0.61691451,0
"21395",180,192,0,0,0,0.74819171,0.50770027,0.65550232,0.61691451,0
"21396",181,192,0,0,0,0.74819171,0.50770027,0.65550232,0.61691451,0
"21397",182,192,0,0,0,0.74819171,0.50770027,0.65550232,0.61691451,0
"21398",183,192,0,0,0,0.74819171,0.50770027,0.65550232,0.61691451,0
"21399",184,192,0,0,0,0.74819171,0.50770027,0.65550232,0.61691451,0
"21400",185,192,0,0,0,0.74819171,0.50770027,0.65550232,0.61691451,0.00202568
"21401",186,192,0,0,0,0.74819171,0.50770027,0.65550232,0.61691451,0
"21402",187,192,0,0,0,0.74819171,0.50770027,0.65550232,0.61691451,0
"21403",188,192,0,0,0,0.74819171,0.50770027,0.65550232,0.61691451,0
"21404",189,192,0,0,0,0.74819171,0.50770027,0.65550232,0.61691451,0.00366386
"21405",190,192,0,0,0,0.74819171,0.50770027,0.65550232,0.61691451,0.00718086
"21406",191,192,0,0,0,0.74819171,0.50770027,0.65550232,0.61691451,0
"21407",192,192,0,0,0,0.74819171,0.50770027,0.65550232,0.61691451,0
"21408",193,192,0,0,0,0.74819171,0.50770027,0.65550232,0.61691451,0
"21409",194,192,0,0,0,0.74819171,0.50770027,0.65550232,0.61691451,0
"21410",195,192,0,0,0,0.74819171,0.50770027,0.65550232,0.61691451,0
"21411",196,192,0,0,0,0.74819171,0.50770027,0.65550232,0.61691451,0
"21412",197,192,0,0,0,0.74819171,0.50770027,0.65550232,0.61691451,0
"21413",198,192,0,0,0,0.74819171,0.50770027,0.65550232,0.61691451,0
"21414",199,192,0,0,0,0.74819171,0.50770027,0.65550232,0.61691451,0
"21415",200,192,0,0,0,0.74819171,0.50770027,0.65550232,0.61691451,0
"21416",201,192,0,0,0,0.74819171,0.50770027,0.65550232,0.61691451,0.00278547
"21417",202,192,0,0,0,0.74819171,0.50770027,0.65550232,0.61691451,0
"21418",203,192,0,0,0,0.74819171,0.50770027,0.65550232,0.61691451,0
"21419",204,192,0,0,0,0.74819171,0.50770027,0.65550232,0.61691451,0
"21420",205,192,0,0,0,0.74819171,0.50770027,0.65550232,0.61691451,0
"21421",206,192,0,0,0,0.74819171,0.50770027,0.65550232,0.61691451,0
"21422",207,192,0,0,0,0.7425389,0.5077613,0.65361017,0.61715546,0.03792055
"21423",160,193,0,0,0,0.74314386,0.50427495,0.65107982,0.61275235,0
"21424",161,193,0,0,0,0.74314386,0.50427495,0.65107982,0.61275235,0
"21425",162,193,0,0,0,0.74314386,0.50427495,0.65107982,0.61275235,0
"21426",163,193,0,0,0,0.74314386,0.50427495,0.65107982,0.61275235,0
"21427",164,193,0,0,0,0.74314386,0.50427495,0.65107982,0.61275235,0
"21428",165,193,0,0,0,0.74314386,0.50427495,0.65107982,0.61275235,0
"21429",166,193,0,0,0,0.74314386,0.50427495,0.65107982,0.61275235,0
"21430",167,193,0,0,0,0.74314386,0.50427495,0.65107982,0.61275235,0
"21431",168,193,0,0,0,0.74314386,0.50427495,0.65107982,0.61275235,0
"21432",169,193,0,0,0,0.74314386,0.50427495,0.65107982,0.61275235,0
"21433",170,193,0,0,0,0.74314386,0.50427495,0.65107982,0.61275235,0
"21434",171,193,0,0,0,0.74314386,0.50427495,0.65107982,0.61275235,0
"21435",172,193,0,0,0,0.74314386,0.50427495,0.65107982,0.61275235,0
"21436",173,193,0,0,0,0.74314386,0.50427495,0.65107982,0.61275235,0
"21437",174,193,0,0,0,0.74314386,0.50427495,0.65107982,0.61275235,0
"21438",175,193,0,0,0,0.74314386,0.50427495,0.65107982,0.61275235,0.00769964
"21439",176,193,0,0,0,0.74314386,0.50427495,0.65107982,0.61275235,0
"21440",177,193,0,0,0,0.74314386,0.50427495,0.65107982,0.61275235,0
"21441",178,193,0,0,0,0.74314386,0.50427495,0.65107982,0.61275235,0
"21442",179,193,0,0,0,0.74314386,0.50427495,0.65107982,0.61275235,0
"21443",180,193,0,0,0,0.74314386,0.50427495,0.65107982,0.61275235,0
"21444",181,193,0,0,0,0.74314386,0.50427495,0.65107982,0.61275235,0
"21445",182,193,0,0,0,0.74314386,0.50427495,0.65107982,0.61275235,0.00442049
"21446",183,193,0,0,0,0.74314386,0.50427495,0.65107982,0.61275235,0
"21447",184,193,0,0,0,0.74314386,0.50427495,0.65107982,0.61275235,0
"21448",185,193,0,0,0,0.74314386,0.50427495,0.65107982,0.61275235,0
"21449",186,193,0,0,0,0.74314386,0.50427495,0.65107982,0.61275235,0
"21450",187,193,0,0,0,0.74314386,0.50427495,0.65107982,0.61275235,0
"21451",188,193,0,0,0,0.74314386,0.50427495,0.65107982,0.61275235,0
"21452",189,193,0,0,0,0.74314386,0.50427495,0.65107982,0.61275235,0
"21453",190,193,0,0,0,0.74314386,0.50427495,0.65107982,0.61275235,0
"21454",191,193,0,0,0,0.74314386,0.50427495,0.65107982,0.61275235,0.00227324
"21455",192,193,0,0,0,0.74314386,0.50427495,0.65107982,0.61275235,0
"21456",193,193,0,0,0,0.74314386,0.50427495,0.65107982,0.61275235,0.01138664
"21457",194,193,0,0,0,0.74314386,0.50427495,0.65107982,0.61275235,0
"21458",195,193,0,0,0,0.74314386,0.50427495,0.65107982,0.61275235,0
"21459",196,193,0,0,0,0.74314386,0.50427495,0.65107982,0.61275235,0
"21460",197,193,0,0,0,0.74314386,0.50427495,0.65107982,0.61275235,0
"21461",198,193,0,0,0,0.74314386,0.50427495,0.65107982,0.61275235,0
"21462",199,193,0,0,0,0.74314386,0.50427495,0.65107982,0.61275235,0.00110822
"21463",200,193,0,0,0,0.74314386,0.50427495,0.65107982,0.61275235,0
"21464",201,193,0,0,0,0.74314386,0.50427495,0.65107982,0.61275235,0
"21465",202,193,0,0,0,0.74314386,0.50427495,0.65107982,0.61275235,0.00825572
"21466",203,193,0,0,0,0.74314386,0.50427495,0.65107982,0.61275235,0
"21467",204,193,0,0,0,0.74314386,0.50427495,0.65107982,0.61275235,0
"21468",205,193,0,0,0,0.74314386,0.50427495,0.65107982,0.61275235,0.00370642
"21469",206,193,0,0,0,0.74314386,0.50427495,0.65107982,0.61275235,0
"21470",162,194,0,0,0,0.73808943,0.50084517,0.64665155,0.60858477,0
"21471",163,194,0,0,0,0.73808943,0.50084517,0.64665155,0.60858477,0
"21472",164,194,0,0,0,0.73808943,0.50084517,0.64665155,0.60858477,0
"21473",165,194,0,0,0,0.73808943,0.50084517,0.64665155,0.60858477,0
"21474",166,194,0,0,0,0.73808943,0.50084517,0.64665155,0.60858477,0
"21475",167,194,0,0,0,0.73808943,0.50084517,0.64665155,0.60858477,0
"21476",168,194,0,0,0,0.73808943,0.50084517,0.64665155,0.60858477,0
"21477",169,194,0,0,0,0.73808943,0.50084517,0.64665155,0.60858477,0
"21478",170,194,0,0,0,0.73808943,0.50084517,0.64665155,0.60858477,0
"21479",171,194,0,0,0,0.73808943,0.50084517,0.64665155,0.60858477,0
"21480",172,194,0,0,0,0.73808943,0.50084517,0.64665155,0.60858477,0
"21481",173,194,0,0,0,0.73808943,0.50084517,0.64665155,0.60858477,0
"21482",174,194,0,0,0,0.73808943,0.50084517,0.64665155,0.60858477,0
"21483",175,194,0,0,0,0.73808943,0.50084517,0.64665155,0.60858477,0
"21484",176,194,0,0,0,0.73808943,0.50084517,0.64665155,0.60858477,0
"21485",177,194,0,0,0,0.73808943,0.50084517,0.64665155,0.60858477,0
"21486",178,194,0,0,0,0.73808943,0.50084517,0.64665155,0.60858477,0
"21487",179,194,0,0,0,0.73808943,0.50084517,0.64665155,0.60858477,0
"21488",180,194,0,0,0,0.73808943,0.50084517,0.64665155,0.60858477,0
"21489",181,194,0,0,0,0.73808943,0.50084517,0.64665155,0.60858477,0
"21490",182,194,0,0,0,0.73808943,0.50084517,0.64665155,0.60858477,0
"21491",183,194,0,0,0,0.73808943,0.50084517,0.64665155,0.60858477,0
"21492",184,194,0,0,0,0.73808943,0.50084517,0.64665155,0.60858477,0
"21493",185,194,0,0,0,0.73808943,0.50084517,0.64665155,0.60858477,0
"21494",186,194,0,0,0,0.73808943,0.50084517,0.64665155,0.60858477,0
"21495",187,194,0,0,0,0.73808943,0.50084517,0.64665155,0.60858477,0.04400106
"21496",188,194,0,0,0,0.73808943,0.50084517,0.64665155,0.60858477,0.05681798
"21497",189,194,0,0,0,0.73808943,0.50084517,0.64665155,0.60858477,0.07089504
"21498",190,194,0,0,0,0.73808943,0.50084517,0.64665155,0.60858477,0
"21499",191,194,0,0,0,0.73808943,0.50084517,0.64665155,0.60858477,0.00290926
"21500",192,194,0,0,0,0.73808943,0.50084517,0.64665155,0.60858477,0
"21501",193,194,0,0,0,0.73808943,0.50084517,0.64665155,0.60858477,0
"21502",194,194,0,0,0,0.73808943,0.50084517,0.64665155,0.60858477,0.00407058
"21503",195,194,0,0,0,0.73808943,0.50084517,0.64665155,0.60858477,0
"21504",196,194,0,0,0,0.73808943,0.50084517,0.64665155,0.60858477,0
"21505",197,194,0,0,0,0.73808943,0.50084517,0.64665155,0.60858477,0
"21506",198,194,0,0,0,0.73808943,0.50084517,0.64665155,0.60858477,0.0037304
"21507",199,194,0,0,0,0.73808943,0.50084517,0.64665155,0.60858477,0.00117899
"21508",200,194,0,0,0,0.73808943,0.50084517,0.64665155,0.60858477,0
"21509",201,194,0,0,0,0.73808943,0.50084517,0.64665155,0.60858477,0
"21510",202,194,0,0,0,0.73808943,0.50084517,0.64665155,0.60858477,0
"21511",203,194,0,0,0,0.73808943,0.50084517,0.64665155,0.60858477,0
"21512",204,194,0,0,0,0.73808943,0.50084517,0.64665155,0.60858477,0
"21513",205,194,0,0,0,0.73808943,0.50084517,0.64665155,0.60858477,0
"21514",162,195,0,0,0,0.73302842,0.49741092,0.64221752,0.60441176,0
"21515",163,195,0,0,0,0.73302842,0.49741092,0.64221752,0.60441176,0
"21516",164,195,0,0,0,0.73302842,0.49741092,0.64221752,0.60441176,0
"21517",165,195,0,0,0,0.73302842,0.49741092,0.64221752,0.60441176,0
"21518",166,195,0,0,0,0.73302842,0.49741092,0.64221752,0.60441176,0
"21519",167,195,0,0,0,0.73302842,0.49741092,0.64221752,0.60441176,0
"21520",168,195,0,0,0,0.73302842,0.49741092,0.64221752,0.60441176,0
"21521",169,195,0,0,0,0.73302842,0.49741092,0.64221752,0.60441176,0
"21522",170,195,0,0,0,0.73302842,0.49741092,0.64221752,0.60441176,0
"21523",171,195,0,0,0,0.73302842,0.49741092,0.64221752,0.60441176,0
"21524",172,195,0,0,0,0.73302842,0.49741092,0.64221752,0.60441176,0
"21525",173,195,0,0,0,0.73302842,0.49741092,0.64221752,0.60441176,0
"21526",174,195,0,0,0,0.73302842,0.49741092,0.64221752,0.60441176,0
"21527",175,195,0,0,0,0.73302842,0.49741092,0.64221752,0.60441176,0
"21528",176,195,0,0,0,0.73302842,0.49741092,0.64221752,0.60441176,0
"21529",177,195,0,0,0,0.73302842,0.49741092,0.64221752,0.60441176,0
"21530",178,195,0,0,0,0.73302842,0.49741092,0.64221752,0.60441176,0
"21531",179,195,0,0,0,0.73302842,0.49741092,0.64221752,0.60441176,0
"21532",180,195,0,0,0,0.73302842,0.49741092,0.64221752,0.60441176,0
"21533",181,195,0,0,0,0.73302842,0.49741092,0.64221752,0.60441176,0
"21534",182,195,0,0,0,0.73302842,0.49741092,0.64221752,0.60441176,0
"21535",183,195,0,0,0,0.73302842,0.49741092,0.64221752,0.60441176,0
"21536",184,195,0,0,0,0.73302842,0.49741092,0.64221752,0.60441176,0
"21537",185,195,0,0,0,0.73302842,0.49741092,0.64221752,0.60441176,0
"21538",186,195,0,0,0,0.73302842,0.49741092,0.64221752,0.60441176,0
"21539",187,195,0,0,0,0.73302842,0.49741092,0.64221752,0.60441176,0.02813908
"21540",188,195,0,0,0,0.73302842,0.49741092,0.64221752,0.60441176,0.04147098
"21541",189,195,0,0,0,0.73302842,0.49741092,0.64221752,0.60441176,0
"21542",190,195,0,0,0,0.73302842,0.49741092,0.64221752,0.60441176,0
"21543",191,195,0,0,0,0.73302842,0.49741092,0.64221752,0.60441176,0
"21544",192,195,0,0,0,0.73302842,0.49741092,0.64221752,0.60441176,0
"21545",193,195,0,0,0,0.73302842,0.49741092,0.64221752,0.60441176,0.00833432
"21546",194,195,0,0,0,0.73302842,0.49741092,0.64221752,0.60441176,0
"21547",195,195,0,0,0,0.73302842,0.49741092,0.64221752,0.60441176,0
"21548",196,195,0,0,0,0.73302842,0.49741092,0.64221752,0.60441176,0
"21549",197,195,0,0,0,0.73302842,0.49741092,0.64221752,0.60441176,0.00436069
"21550",198,195,0,0,0,0.73302842,0.49741092,0.64221752,0.60441176,0
"21551",199,195,0,0,0,0.73302842,0.49741092,0.64221752,0.60441176,0.00632078
"21552",200,195,0,0,0,0.73302842,0.49741092,0.64221752,0.60441176,0
"21553",201,195,0,0,0,0.73302842,0.49741092,0.64221752,0.60441176,0
"21554",202,195,0,0,0,0.73302842,0.49741092,0.64221752,0.60441176,0.00608638
"21555",203,195,0,0,0,0.73302842,0.49741092,0.64221752,0.60441176,0.00075553
"21556",204,195,0,0,0,0.73302842,0.49741092,0.64221752,0.60441176,0.01050046
"21557",205,195,0,0,0,0.72749017,0.49747071,0.64036372,0.60464782,0
"21558",161,196,0,0,0,0.72796083,0.49397221,0.63777774,0.60023333,0
"21559",162,196,0,0,0,0.72796083,0.49397221,0.63777774,0.60023333,0
"21560",163,196,0,0,0,0.72796083,0.49397221,0.63777774,0.60023333,0
"21561",164,196,0,0,0,0.72796083,0.49397221,0.63777774,0.60023333,0
"21562",165,196,0,0,0,0.72796083,0.49397221,0.63777774,0.60023333,0
"21563",166,196,0,0,0,0.72796083,0.49397221,0.63777774,0.60023333,0
"21564",167,196,0,0,0,0.72796083,0.49397221,0.63777774,0.60023333,0
"21565",168,196,0,0,0,0.72796083,0.49397221,0.63777774,0.60023333,0
"21566",169,196,0,0,0,0.72796083,0.49397221,0.63777774,0.60023333,0
"21567",170,196,0,0,0,0.72796083,0.49397221,0.63777774,0.60023333,0
"21568",171,196,0,0,0,0.72796083,0.49397221,0.63777774,0.60023333,0
"21569",172,196,0,0,0,0.72796083,0.49397221,0.63777774,0.60023333,0
"21570",173,196,0,0,0,0.72796083,0.49397221,0.63777774,0.60023333,0
"21571",174,196,0,0,0,0.72796083,0.49397221,0.63777774,0.60023333,0
"21572",175,196,0,0,0,0.72796083,0.49397221,0.63777774,0.60023333,0
"21573",176,196,0,0,0,0.72796083,0.49397221,0.63777774,0.60023333,0
"21574",177,196,0,0,0,0.72796083,0.49397221,0.63777774,0.60023333,0
"21575",178,196,0,0,0,0.72796083,0.49397221,0.63777774,0.60023333,0
"21576",179,196,0,0,0,0.72796083,0.49397221,0.63777774,0.60023333,0
"21577",180,196,0,0,0,0.72796083,0.49397221,0.63777774,0.60023333,0
"21578",181,196,0,0,0,0.72796083,0.49397221,0.63777774,0.60023333,0
"21579",182,196,0,0,0,0.72796083,0.49397221,0.63777774,0.60023333,0
"21580",183,196,0,0,0,0.72796083,0.49397221,0.63777774,0.60023333,0
"21581",184,196,0,0,0,0.72796083,0.49397221,0.63777774,0.60023333,0
"21582",185,196,0,0,0,0.72796083,0.49397221,0.63777774,0.60023333,0
"21583",186,196,0,0,0,0.72796083,0.49397221,0.63777774,0.60023333,0
"21584",187,196,0,0,0,0.72796083,0.49397221,0.63777774,0.60023333,0
"21585",188,196,0,0,0,0.72796083,0.49397221,0.63777774,0.60023333,0
"21586",189,196,0,0,0,0.72796083,0.49397221,0.63777774,0.60023333,0
"21587",190,196,0,0,0,0.72796083,0.49397221,0.63777774,0.60023333,0.00973454
"21588",191,196,0,0,0,0.72796083,0.49397221,0.63777774,0.60023333,0
"21589",192,196,0,0,0,0.72796083,0.49397221,0.63777774,0.60023333,0
"21590",193,196,0,0,0,0.72796083,0.49397221,0.63777774,0.60023333,0
"21591",194,196,0,0,0,0.72796083,0.49397221,0.63777774,0.60023333,0
"21592",195,196,0,0,0,0.72796083,0.49397221,0.63777774,0.60023333,0
"21593",196,196,0,0,0,0.72796083,0.49397221,0.63777774,0.60023333,0
"21594",197,196,0,0,0,0.72796083,0.49397221,0.63777774,0.60023333,0.00088868
"21595",198,196,0,0,0,0.72796083,0.49397221,0.63777774,0.60023333,0.00449462
"21596",199,196,0,0,0,0.72796083,0.49397221,0.63777774,0.60023333,0.01283677
"21597",200,196,0,0,0,0.72796083,0.49397221,0.63777774,0.60023333,0
"21598",201,196,0,0,0,0.72796083,0.49397221,0.63777774,0.60023333,0
"21599",202,196,0,0,0,0.72796083,0.49397221,0.63777774,0.60023333,0
"21600",203,196,0,0,0,0.72796083,0.49397221,0.63777774,0.60023333,0
"21601",204,196,0,0,0,0.72796083,0.49397221,0.63777774,0.60023333,0.00273237
"21602",205,196,0,0,0,0.72796083,0.49397221,0.63777774,0.60023333,0.00580476
"21603",163,197,0,0,0,0.72288612,0.49052867,0.6333317,0.59604903,0
"21604",164,197,0,0,0,0.72288612,0.49052867,0.6333317,0.59604903,0
"21605",165,197,0,0,0,0.72288612,0.49052867,0.6333317,0.59604903,0
"21606",166,197,0,0,0,0.72288612,0.49052867,0.6333317,0.59604903,0
"21607",167,197,0,0,0,0.72288612,0.49052867,0.6333317,0.59604903,0
"21608",168,197,0,0,0,0.72288612,0.49052867,0.6333317,0.59604903,0
"21609",169,197,0,0,0,0.72288612,0.49052867,0.6333317,0.59604903,0
"21610",170,197,0,0,0,0.72288612,0.49052867,0.6333317,0.59604903,0
"21611",171,197,0,0,0,0.72288612,0.49052867,0.6333317,0.59604903,0
"21612",172,197,0,0,0,0.72288612,0.49052867,0.6333317,0.59604903,0
"21613",173,197,0,0,0,0.72288612,0.49052867,0.6333317,0.59604903,0.0054192
"21614",174,197,0,0,0,0.72288612,0.49052867,0.6333317,0.59604903,0
"21615",175,197,0,0,0,0.72288612,0.49052867,0.6333317,0.59604903,0
"21616",176,197,0,0,0,0.72288612,0.49052867,0.6333317,0.59604903,0
"21617",177,197,0,0,0,0.72288612,0.49052867,0.6333317,0.59604903,0
"21618",178,197,0,0,0,0.72288612,0.49052867,0.6333317,0.59604903,0
"21619",179,197,0,0,0,0.72288612,0.49052867,0.6333317,0.59604903,0
"21620",180,197,0,0,0,0.72288612,0.49052867,0.6333317,0.59604903,0
"21621",181,197,0,0,0,0.72288612,0.49052867,0.6333317,0.59604903,0
"21622",182,197,0,0,0,0.72288612,0.49052867,0.6333317,0.59604903,0
"21623",183,197,0,0,0,0.72288612,0.49052867,0.6333317,0.59604903,0
"21624",184,197,0,0,0,0.72288612,0.49052867,0.6333317,0.59604903,0
"21625",185,197,0,0,0,0.72288612,0.49052867,0.6333317,0.59604903,0
"21626",186,197,0,0,0,0.72288612,0.49052867,0.6333317,0.59604903,0
"21627",187,197,0,0,0,0.72288612,0.49052867,0.6333317,0.59604903,0
"21628",188,197,0,0,0,0.72288612,0.49052867,0.6333317,0.59604903,0
"21629",189,197,0,0,0,0.72288612,0.49052867,0.6333317,0.59604903,0.0186953
"21630",190,197,0,0,0,0.72288612,0.49052867,0.6333317,0.59604903,0.00863081
"21631",191,197,0,0,0,0.72288612,0.49052867,0.6333317,0.59604903,0
"21632",192,197,0,0,0,0.72288612,0.49052867,0.6333317,0.59604903,0
"21633",193,197,0,0,0,0.72288612,0.49052867,0.6333317,0.59604903,0
"21634",194,197,0,0,0,0.72288612,0.49052867,0.6333317,0.59604903,0
"21635",195,197,0,0,0,0.72288612,0.49052867,0.6333317,0.59604903,0
"21636",196,197,0,0,0,0.72288612,0.49052867,0.6333317,0.59604903,0
"21637",197,197,0,0,0,0.72288612,0.49052867,0.6333317,0.59604903,0
"21638",198,197,0,0,0,0.72288612,0.49052867,0.6333317,0.59604903,0
"21639",199,197,0,0,0,0.72288612,0.49052867,0.6333317,0.59604903,0.00156963
"21640",200,197,0,0,0,0.72288612,0.49052867,0.6333317,0.59604903,0
"21641",201,197,0,0,0,0.72288612,0.49052867,0.6333317,0.59604903,0
"21642",202,197,0,0,0,0.72288612,0.49052867,0.6333317,0.59604903,0
"21643",203,197,0,0,0,0.72288612,0.49052867,0.6333317,0.59604903,0
"21644",204,197,0,0,0,0.72288612,0.49052867,0.6333317,0.59604903,0
"21645",164,198,0,0,0,0.71780538,0.48708103,0.62888039,0.59185975,0
"21646",165,198,0,0,0,0.71780538,0.48708103,0.62888039,0.59185975,0
"21647",166,198,0,0,0,0.71780538,0.48708103,0.62888039,0.59185975,0
"21648",167,198,0,0,0,0.71780538,0.48708103,0.62888039,0.59185975,0
"21649",168,198,0,0,0,0.71780538,0.48708103,0.62888039,0.59185975,0
"21650",169,198,0,0,0,0.71780538,0.48708103,0.62888039,0.59185975,0
"21651",170,198,0,0,0,0.71780538,0.48708103,0.62888039,0.59185975,0
"21652",171,198,0,0,0,0.71780538,0.48708103,0.62888039,0.59185975,0
"21653",172,198,0,0,0,0.71780538,0.48708103,0.62888039,0.59185975,0
"21654",173,198,0,0,0,0.71780538,0.48708103,0.62888039,0.59185975,0
"21655",174,198,0,0,0,0.71780538,0.48708103,0.62888039,0.59185975,0
"21656",175,198,0,0,0,0.71780538,0.48708103,0.62888039,0.59185975,0
"21657",176,198,0,0,0,0.71780538,0.48708103,0.62888039,0.59185975,0
"21658",177,198,0,0,0,0.71780538,0.48708103,0.62888039,0.59185975,0
"21659",178,198,0,0,0,0.71780538,0.48708103,0.62888039,0.59185975,0
"21660",179,198,0,0,0,0.71780538,0.48708103,0.62888039,0.59185975,0
"21661",180,198,0,0,0,0.71780538,0.48708103,0.62888039,0.59185975,0
"21662",181,198,0,0,0,0.71780538,0.48708103,0.62888039,0.59185975,0
"21663",182,198,0,0,0,0.71780538,0.48708103,0.62888039,0.59185975,0
"21664",183,198,0,0,0,0.71780538,0.48708103,0.62888039,0.59185975,0
"21665",184,198,0,0,0,0.71780538,0.48708103,0.62888039,0.59185975,0.02154387
"21666",185,198,0,0,0,0.71780538,0.48708103,0.62888039,0.59185975,0.0405169
"21667",186,198,0,0,0,0.71780538,0.48708103,0.62888039,0.59185975,0.00920672
"21668",187,198,0,0,0,0.71780538,0.48708103,0.62888039,0.59185975,0
"21669",188,198,0,0,0,0.71780538,0.48708103,0.62888039,0.59185975,0
"21670",189,198,0,0,0,0.71780538,0.48708103,0.62888039,0.59185975,0.00110925
"21671",190,198,0,0,0,0.71780538,0.48708103,0.62888039,0.59185975,0
"21672",191,198,0,0,0,0.71780538,0.48708103,0.62888039,0.59185975,0
"21673",192,198,0,0,0,0.71780538,0.48708103,0.62888039,0.59185975,0
"21674",193,198,0,0,0,0.71780538,0.48708103,0.62888039,0.59185975,0.01218178
"21675",194,198,0,0,0,0.71780538,0.48708103,0.62888039,0.59185975,0.00307587
"21676",195,198,0,0,0,0.71780538,0.48708103,0.62888039,0.59185975,0
"21677",196,198,0,0,0,0.71780538,0.48708103,0.62888039,0.59185975,0
"21678",197,198,0,0,0,0.71780538,0.48708103,0.62888039,0.59185975,0.00115408
"21679",198,198,0,0,0,0.71780538,0.48708103,0.62888039,0.59185975,0.00220426
"21680",199,198,0,0,0,0.71780538,0.48708103,0.62888039,0.59185975,0
"21681",200,198,0,0,0,0.71780538,0.48708103,0.62888039,0.59185975,0.00397987
"21682",201,198,0,0,0,0.71780538,0.48708103,0.62888039,0.59185975,0
"21683",202,198,0,0,0,0.71780538,0.48708103,0.62888039,0.59185975,0
"21684",203,198,0,0,0,0.71780538,0.48708103,0.62888039,0.59185975,0
"21685",204,198,0,0,0,0.71780538,0.48708103,0.62888039,0.59185975,0
"21686",165,199,0,0,0,0.71271862,0.4836293,0.62442379,0.5876655,0
"21687",166,199,0,0,0,0.71271862,0.4836293,0.62442379,0.5876655,0
"21688",167,199,0,0,0,0.71271862,0.4836293,0.62442379,0.5876655,0
"21689",168,199,0,0,0,0.71271862,0.4836293,0.62442379,0.5876655,0
"21690",169,199,0,0,0,0.71271862,0.4836293,0.62442379,0.5876655,0
"21691",170,199,0,0,0,0.71271862,0.4836293,0.62442379,0.5876655,0
"21692",171,199,0,0,0,0.71271862,0.4836293,0.62442379,0.5876655,0
"21693",172,199,0,0,0,0.71271862,0.4836293,0.62442379,0.5876655,0
"21694",173,199,0,0,0,0.71271862,0.4836293,0.62442379,0.5876655,0
"21695",174,199,0,0,0,0.71271862,0.4836293,0.62442379,0.5876655,0
"21696",175,199,0,0,0,0.71271862,0.4836293,0.62442379,0.5876655,0
"21697",176,199,0,0,0,0.71271862,0.4836293,0.62442379,0.5876655,0
"21698",177,199,0,0,0,0.71271862,0.4836293,0.62442379,0.5876655,0
"21699",178,199,0,0,0,0.71271862,0.4836293,0.62442379,0.5876655,0
"21700",179,199,0,0,0,0.71271862,0.4836293,0.62442379,0.5876655,0
"21701",180,199,0,0,0,0.71271862,0.4836293,0.62442379,0.5876655,0
"21702",181,199,0,0,0,0.71271862,0.4836293,0.62442379,0.5876655,0
"21703",182,199,0,0,0,0.71271862,0.4836293,0.62442379,0.5876655,0
"21704",183,199,0,0,0,0.71271862,0.4836293,0.62442379,0.5876655,0
"21705",184,199,0,0,0,0.71271862,0.4836293,0.62442379,0.5876655,0.03095414
"21706",185,199,0,0,0,0.71271862,0.4836293,0.62442379,0.5876655,0.07691646
"21707",186,199,0,0,0,0.71271862,0.4836293,0.62442379,0.5876655,0.00613741
"21708",187,199,0,0,0,0.71271862,0.4836293,0.62442379,0.5876655,0.01435892
"21709",188,199,0,0,0,0.71271862,0.4836293,0.62442379,0.5876655,0
"21710",189,199,0,0,0,0.71271862,0.4836293,0.62442379,0.5876655,0
"21711",190,199,0,0,0,0.71271862,0.4836293,0.62442379,0.5876655,0
"21712",191,199,0,0,0,0.71271862,0.4836293,0.62442379,0.5876655,0
"21713",192,199,0,0,0,0.71271862,0.4836293,0.62442379,0.5876655,0
"21714",193,199,0,0,0,0.71271862,0.4836293,0.62442379,0.5876655,0
"21715",194,199,0,0,0,0.71271862,0.4836293,0.62442379,0.5876655,0
"21716",195,199,0,0,0,0.71271862,0.4836293,0.62442379,0.5876655,0
"21717",196,199,0,0,0,0.71271862,0.4836293,0.62442379,0.5876655,0
"21718",197,199,0,0,0,0.71271862,0.4836293,0.62442379,0.5876655,0
"21719",198,199,0,0,0,0.71271862,0.4836293,0.62442379,0.5876655,0
"21720",199,199,0,0,0,0.71271862,0.4836293,0.62442379,0.5876655,0
"21721",200,199,0,0,0,0.71271862,0.4836293,0.62442379,0.5876655,0
"21722",201,199,0,0,0,0.71271862,0.4836293,0.62442379,0.5876655,0
"21723",202,199,0,0,0,0.71271862,0.4836293,0.62442379,0.5876655,0
"21724",203,199,0,0,0,0.71271862,0.4836293,0.62442379,0.5876655,0
"21725",204,199,0,0,0,0.71271862,0.4836293,0.62442379,0.5876655,0.00177283
"21726",167,200,0,0,0,0.70762472,0.48017274,0.61996095,0.58346538,0
"21727",168,200,0,0,0,0.70762472,0.48017274,0.61996095,0.58346538,0
"21728",172,200,0,0,0,0.70762472,0.48017274,0.61996095,0.58346538,0
"21729",173,200,0,0,0,0.70762472,0.48017274,0.61996095,0.58346538,0
"21730",174,200,0,0,0,0.70762472,0.48017274,0.61996095,0.58346538,0
"21731",175,200,0,0,0,0.70762472,0.48017274,0.61996095,0.58346538,0
"21732",176,200,0,0,0,0.70762472,0.48017274,0.61996095,0.58346538,0
"21733",177,200,0,0,0,0.70762472,0.48017274,0.61996095,0.58346538,0
"21734",178,200,0,0,0,0.70762472,0.48017274,0.61996095,0.58346538,0
"21735",179,200,0,0,0,0.70762472,0.48017274,0.61996095,0.58346538,0
"21736",180,200,0,0,0,0.70762472,0.48017274,0.61996095,0.58346538,0
"21737",181,200,0,0,0,0.70762472,0.48017274,0.61996095,0.58346538,0
"21738",182,200,0,0,0,0.70762472,0.48017274,0.61996095,0.58346538,0
"21739",183,200,0,0,0,0.70762472,0.48017274,0.61996095,0.58346538,0
"21740",184,200,0,0,0,0.70762472,0.48017274,0.61996095,0.58346538,0
"21741",185,200,0,0,0,0.70762472,0.48017274,0.61996095,0.58346538,0
"21742",186,200,0,0,0,0.70762472,0.48017274,0.61996095,0.58346538,0
"21743",187,200,0,0,0,0.70762472,0.48017274,0.61996095,0.58346538,0
"21744",188,200,0,0,0,0.70762472,0.48017274,0.61996095,0.58346538,0
"21745",189,200,0,0,0,0.70762472,0.48017274,0.61996095,0.58346538,0
"21746",190,200,0,0,0,0.70762472,0.48017274,0.61996095,0.58346538,0
"21747",191,200,0,0,0,0.70762472,0.48017274,0.61996095,0.58346538,0
"21748",192,200,0,0,0,0.70762472,0.48017274,0.61996095,0.58346538,0
"21749",193,200,0,0,0,0.70762472,0.48017274,0.61996095,0.58346538,0
"21750",194,200,0,0,0,0.70762472,0.48017274,0.61996095,0.58346538,0.00766781
"21751",195,200,0,0,0,0.70762472,0.48017274,0.61996095,0.58346538,0.00545063
"21752",196,200,0,0,0,0.70762472,0.48017274,0.61996095,0.58346538,0
"21753",197,200,0,0,0,0.70762472,0.48017274,0.61996095,0.58346538,0
"21754",198,200,0,0,0,0.70762472,0.48017274,0.61996095,0.58346538,0
"21755",199,200,0,0,0,0.70762472,0.48017274,0.61996095,0.58346538,0
"21756",200,200,0,0,0,0.70762472,0.48017274,0.61996095,0.58346538,0
"21757",201,200,0,0,0,0.70762472,0.48017274,0.61996095,0.58346538,0
"21758",202,200,0,0,0,0.70762472,0.48017274,0.61996095,0.58346538,0.00327824
"21759",203,200,0,0,0,0.70762472,0.48017274,0.61996095,0.58346538,0
"21760",173,201,0,0,0,0.7025248,0.47671209,0.61549283,0.57926029,0
"21761",174,201,0,0,0,0.7025248,0.47671209,0.61549283,0.57926029,0
"21762",175,201,0,0,0,0.7025248,0.47671209,0.61549283,0.57926029,0
"21763",176,201,0,0,0,0.7025248,0.47671209,0.61549283,0.57926029,0
"21764",177,201,0,0,0,0.7025248,0.47671209,0.61549283,0.57926029,0
"21765",178,201,0,0,0,0.7025248,0.47671209,0.61549283,0.57926029,0
"21766",179,201,0,0,0,0.7025248,0.47671209,0.61549283,0.57926029,0
"21767",180,201,0,0,0,0.7025248,0.47671209,0.61549283,0.57926029,0
"21768",181,201,0,0,0,0.7025248,0.47671209,0.61549283,0.57926029,0
"21769",182,201,0,0,0,0.7025248,0.47671209,0.61549283,0.57926029,0
"21770",183,201,0,0,0,0.7025248,0.47671209,0.61549283,0.57926029,0
"21771",184,201,0,0,0,0.7025248,0.47671209,0.61549283,0.57926029,0
"21772",185,201,0,0,0,0.7025248,0.47671209,0.61549283,0.57926029,0
"21773",186,201,0,0,0,0.7025248,0.47671209,0.61549283,0.57926029,0
"21774",187,201,0,0,0,0.7025248,0.47671209,0.61549283,0.57926029,0
"21775",188,201,0,0,0,0.7025248,0.47671209,0.61549283,0.57926029,0
"21776",189,201,0,0,0,0.7025248,0.47671209,0.61549283,0.57926029,0
"21777",190,201,0,0,0,0.7025248,0.47671209,0.61549283,0.57926029,0
"21778",191,201,0,0,0,0.7025248,0.47671209,0.61549283,0.57926029,0
"21779",192,201,0,0,0,0.7025248,0.47671209,0.61549283,0.57926029,0
"21780",193,201,0,0,0,0.7025248,0.47671209,0.61549283,0.57926029,0
"21781",194,201,0,0,0,0.7025248,0.47671209,0.61549283,0.57926029,0
"21782",195,201,0,0,0,0.7025248,0.47671209,0.61549283,0.57926029,0
"21783",196,201,0,0,0,0.7025248,0.47671209,0.61549283,0.57926029,0.00353998
"21784",197,201,0,0,0,0.7025248,0.47671209,0.61549283,0.57926029,0
"21785",198,201,0,0,0,0.7025248,0.47671209,0.61549283,0.57926029,0
"21786",199,201,0,0,0,0.7025248,0.47671209,0.61549283,0.57926029,0
"21787",200,201,0,0,0,0.7025248,0.47671209,0.61549283,0.57926029,0
"21788",201,201,0,0,0,0.7025248,0.47671209,0.61549283,0.57926029,0
"21789",202,201,0,0,0,0.7025248,0.47671209,0.61549283,0.57926029,0.00878186
"21790",173,202,0,0,0,0.6974183,0.47324697,0.61101895,0.57504977,0
"21791",174,202,0,0,0,0.6974183,0.47324697,0.61101895,0.57504977,0
"21792",175,202,0,0,0,0.6974183,0.47324697,0.61101895,0.57504977,0
"21793",176,202,0,0,0,0.6974183,0.47324697,0.61101895,0.57504977,0
"21794",177,202,0,0,0,0.6974183,0.47324697,0.61101895,0.57504977,0
"21795",178,202,0,0,0,0.6974183,0.47324697,0.61101895,0.57504977,0
"21796",179,202,0,0,0,0.6974183,0.47324697,0.61101895,0.57504977,0
"21797",180,202,0,0,0,0.6974183,0.47324697,0.61101895,0.57504977,0
"21798",184,202,0,0,0,0.6974183,0.47324697,0.61101895,0.57504977,0
"21799",185,202,0,0,0,0.6974183,0.47324697,0.61101895,0.57504977,0
"21800",186,202,0,0,0,0.6974183,0.47324697,0.61101895,0.57504977,0
"21801",187,202,0,0,0,0.6974183,0.47324697,0.61101895,0.57504977,0
"21802",188,202,0,0,0,0.6974183,0.47324697,0.61101895,0.57504977,0
"21803",189,202,0,0,0,0.6974183,0.47324697,0.61101895,0.57504977,0
"21804",190,202,0,0,0,0.6974183,0.47324697,0.61101895,0.57504977,0
"21805",191,202,0,0,0,0.6974183,0.47324697,0.61101895,0.57504977,0
"21806",192,202,0,0,0,0.6974183,0.47324697,0.61101895,0.57504977,0
"21807",193,202,0,0,0,0.6974183,0.47324697,0.61101895,0.57504977,0
"21808",194,202,0,0,0,0.6974183,0.47324697,0.61101895,0.57504977,0
"21809",195,202,0,0,0,0.6974183,0.47324697,0.61101895,0.57504977,0
"21810",196,202,0,0,0,0.6974183,0.47324697,0.61101895,0.57504977,0.00157777
"21811",197,202,0,0,0,0.6974183,0.47324697,0.61101895,0.57504977,0.00180846
"21812",198,202,0,0,0,0.6974183,0.47324697,0.61101895,0.57504977,0.00952761
"21813",199,202,0,0,0,0.6974183,0.47324697,0.61101895,0.57504977,0.00236607
"21814",184,203,0,0,0,0.69230577,0.46977777,0.60653979,0.57083428,0
"21815",185,203,0,0,0,0.69230577,0.46977777,0.60653979,0.57083428,0
"21816",186,203,0,0,0,0.69230577,0.46977777,0.60653979,0.57083428,0
"21817",187,203,0,0,0,0.69230577,0.46977777,0.60653979,0.57083428,0
"21818",188,203,0,0,0,0.69230577,0.46977777,0.60653979,0.57083428,0
"21819",189,203,0,0,0,0.69230577,0.46977777,0.60653979,0.57083428,0
"21820",190,203,0,0,0,0.69230577,0.46977777,0.60653979,0.57083428,0
"21821",191,203,0,0,0,0.69230577,0.46977777,0.60653979,0.57083428,0
"21822",192,203,0,0,0,0.69230577,0.46977777,0.60653979,0.57083428,0
"21823",193,203,0,0,0,0.69230577,0.46977777,0.60653979,0.57083428,0
"21824",194,203,0,0,0,0.69230577,0.46977777,0.60653979,0.57083428,0
"21825",186,204,0,0,0,0.68718667,0.4663041,0.60205486,0.56661337,0
"21826",187,204,0,0,0,0.68718667,0.4663041,0.60205486,0.56661337,0
"21827",188,204,0,0,0,0.68718667,0.4663041,0.60205486,0.56661337,0
"21828",189,204,0,0,0,0.68718667,0.4663041,0.60205486,0.56661337,0
"21829",190,204,0,0,0,0.68718667,0.4663041,0.60205486,0.56661337,0
"21830",191,204,0,0,0,0.68718667,0.4663041,0.60205486,0.56661337,0
"21831",186,205,0,0,0,0.68206153,0.46282634,0.59756465,0.56238749,0
"21832",187,205,0,0,0,0.68206153,0.46282634,0.59756465,0.56238749,0
"21833",188,205,0,0,0,0.68206153,0.46282634,0.59756465,0.56238749,0
"21834",189,205,0,0,0,0.67690836,0.46288196,0.59583974,0.56260714,0
"21835",162,129,0.52022375,0,0.02310568,0.52303204,0.35468566,0.45807046,0.43110498,0.02689041
"21836",145,130,0,0.25656965,0,1.04668858,0.70979482,0.91668785,0.86272469,0.08961619
"21837",152,130,0.57590104,0.40308307,0.06562808,1.04668858,0.70979482,0.91668785,0.86272469,0.02526541
"21838",153,130,0.57586627,0.40154296,0.06562808,1.04668858,0.70979482,0.91668785,0.86272469,0
"21839",158,130,0.57573286,0.3949383,0.06562808,1.04668858,0.70979482,0.91668785,0.86272469,0.00824111
"21840",159,130,0,0.37340077,0,1.04668858,0.70979482,0.91668785,0.86272469,0.02082309
"21841",160,130,0,0.25530427,0,0.7694352,0.52177995,0.67386987,0.63420081,0.09915804
"21842",162,130,0.72976522,0,0.03205297,0.73363728,0.49750418,0.64251812,0.60469466,0.03647676
"21843",163,130,0.57581256,0,0.02547575,0.57874798,0.39246852,0.50686637,0.47702839,0.00301089
"21844",145,131,0,0.25060725,0,1.04213619,0.70670769,0.91270087,0.85897242,0
"21845",146,131,0,0.25344954,0,1.04213619,0.70670769,0.91270087,0.85897242,0.12852574
"21846",147,131,0,0.25618496,0,1.04213619,0.70670769,0.91270087,0.85897242,0.01105691
"21847",148,131,0.57384394,0.40485704,0.06534265,1.04213619,0.70670769,0.91270087,0.85897242,0.06818657
"21848",149,131,0.57384327,0.40486108,0.06534265,1.04213619,0.70670769,0.91270087,0.85897242,0.02685462
"21849",150,131,0.57379005,0.40422143,0.06534265,1.04213619,0.70670769,0.91270087,0.85897242,0.01027161
"21850",151,131,0.57347412,0.40195294,0.06534265,1.04213619,0.70670769,0.91270087,0.85897242,0.00890379
"21851",152,131,0.5571478,0.38943562,0.05249064,1.04213619,0.70670769,0.91270087,0.85897242,0.02199645
"21852",153,131,0.57326391,0.40251804,0.06534265,1.04213619,0.70670769,0.91270087,0.85897242,0.05539618
"21853",154,131,0.57330837,0.40200909,0.06534265,1.04213619,0.70670769,0.91270087,0.85897242,0.01924156
"21854",155,131,0.57339775,0.40129288,0.06534265,1.04213619,0.70670769,0.91270087,0.85897242,0.00952767
"21855",156,131,0.57336769,0.40003443,0.06534265,1.04213619,0.70670769,0.91270087,0.85897242,0.02219515
"21856",157,131,0.57331439,0.39760434,0.06534265,1.04213619,0.70670769,0.91270087,0.85897242,0.08405249
"21857",158,131,0.5732616,0.39504413,0.06534265,1.04213619,0.70670769,0.91270087,0.85897242,0
"21858",159,131,0,0.3762366,0,1.04213619,0.70670769,0.91270087,0.85897242,0.01507652
"21859",160,131,0,0.35052935,0,1.04213619,0.70670769,0.91270087,0.85897242,0.11471708
"21860",161,131,0,0.17591935,0,0.54046195,0.36650547,0.47333554,0.44547144,0.11239044
"21861",162,131,0.61675282,0,0.02735322,0.62017512,0.42056166,0.54314818,0.51117438,0.09936996
"21862",163,131,0.98886257,0,0.04344855,0.99446246,0.67437853,0.87094832,0.81967774,0.04139285
"21863",144,132,0,0.23982433,0,1.03757502,0.70361461,0.90870622,0.85521292,0.01244693
"21864",145,132,0,0.24589884,0,1.03757502,0.70361461,0.90870622,0.85521292,0.01743055
"21865",146,132,0,0.25088371,0,1.03757502,0.70361461,0.90870622,0.85521292,0.02508058
"21866",147,132,0,0.25366774,0,1.03757502,0.70361461,0.90870622,0.85521292,0.08512786
"21867",148,132,0.57133175,0.40307837,0.06505666,1.03757502,0.70361461,0.90870622,0.85521292,0.00818933
"21868",149,132,0.57133486,0.40279656,0.06505666,1.03757502,0.70361461,0.90870622,0.85521292,0.01315439
"21869",150,132,0.57121975,0.40184831,0.06505666,1.03757502,0.70361461,0.90870622,0.85521292,0.03655065
"21870",151,132,0.57080057,0.40047889,0.06505666,1.03757502,0.70361461,0.90870622,0.85521292,0.01316161
"21871",152,132,0.57070895,0.40152437,0.06505666,1.03757502,0.70361461,0.90870622,0.85521292,0
"21872",153,132,0.57073885,0.40125242,0.06505666,1.03757502,0.70361461,0.90870622,0.85521292,0.05156803
"21873",154,132,0.57089616,0.39952369,0.06505666,1.03757502,0.70361461,0.90870622,0.85521292,0.04393951
"21874",155,132,0.57122686,0.40976127,0.06505666,1.03757502,0.70361461,0.90870622,0.85521292,0.02640303
"21875",156,132,0.57129703,0.41123299,0.06505666,1.03757502,0.70361461,0.90870622,0.85521292,0.04360108
"21876",157,132,0.57094919,0.40185928,0.06505666,1.03757502,0.70361461,0.90870622,0.85521292,0.01847029
"21877",158,132,0.57089122,0.39926528,0.06505666,1.03757502,0.70361461,0.90870622,0.85521292,0.02553698
"21878",159,132,0,0.38068681,0,1.03757502,0.70361461,0.90870622,0.85521292,0.09034321
"21879",160,132,0,0.35676751,0,1.03757502,0.70361461,0.90870622,0.85521292,0.04616015
"21880",161,132,0,0.35603646,0,1.03757502,0.70361461,0.90870622,0.85521292,0.17341701
"21881",162,132,0,0.19076283,0,0.58951405,0.39976936,0.51629528,0.48590225,0.11448747
"21882",163,132,0.87487672,0,0.03845133,0.88008467,0.59681509,0.77077647,0.72540275,0.07105482
"21883",164,132,0,0.14313128,0,0.69124077,0.46875368,0.60538734,0.56974968,0.03682469
"21884",146,133,0,0.23454991,0,1.03300399,0.70051484,0.90470291,0.85144528,0
"21885",147,133,0,0.24972149,0,1.03300399,0.70051484,0.90470291,0.85144528,0.07155104
"21886",148,133,0.5687885,0.40140754,0.06477005,1.03300399,0.70051484,0.90470291,0.85144528,0.02595936
"21887",149,133,0.56845237,0.39821404,0.06477005,1.03300399,0.70051484,0.90470291,0.85144528,0.01659522
"21888",150,133,0.56833459,0.39799866,0.06477005,1.03300399,0.70051484,0.90470291,0.85144528,0.00746449
"21889",151,133,0.56814112,0.40055869,0.06477005,1.03300399,0.70051484,0.90470291,0.85144528,0.11408466
"21890",152,133,0.55276568,0.39875606,0.05037291,1.03300399,0.70051484,0.90470291,0.85144528,0.20114653
"21891",153,133,0.56837275,0.39776777,0.06477005,1.03300399,0.70051484,0.90470291,0.85144528,0.04133899
"21892",154,133,0,0.35651395,0,1.03300399,0.70051484,0.90470291,0.85144528,0.01260233
"21893",155,133,0,0.36722386,0,1.03300399,0.70051484,0.90470291,0.85144528,0.01877475
"21894",156,133,0,0.36607009,0,1.03300399,0.70051484,0.90470291,0.85144528,0.03378886
"21895",157,133,0.56904188,0.41564197,0.06477005,1.03300399,0.70051484,0.90470291,0.85144528,0.03596286
"21896",158,133,0.56837282,0.39777189,0.06477005,1.03300399,0.70051484,0.90470291,0.85144528,0.04545031
"21897",159,133,0,0.38350784,0,1.03300399,0.70051484,0.90470291,0.85144528,0.01643654
"21898",160,133,0,0.38351142,0,1.03300399,0.70051484,0.90470291,0.85144528,0.01257658
"21899",161,133,0,0.37493024,0,1.03300399,0.70051484,0.90470291,0.85144528,0.01115474
"21900",162,133,0,0.28586571,0,0.84984195,0.57630648,0.74428995,0.70047543,0.07262344
"21901",164,133,0,0.15138142,0,0.73108393,0.49577266,0.6402819,0.60259008,0.03315209
"21902",165,133,0,0.0766805,0,0.37032216,0.25112795,0.32432744,0.30523508,0
"21903",173,133,0,0.10090039,0,0.49528894,0.33587213,0.4337731,0.40823795,0
"21904",145,134,0,0.25492796,0,1.02842419,0.69740912,0.90069193,0.84767041,0
"21905",146,134,0,0.23755518,0,1.02842419,0.69740912,0.90069193,0.84767041,0.00879982
"21906",147,134,0,0.24709084,0,1.02842419,0.69740912,0.90069193,0.84767041,0.01140618
"21907",148,134,0.56620641,0.39047529,0.06448289,1.02842419,0.69740912,0.90069193,0.84767041,0.0816945
"21908",149,134,0.56594688,0.39137394,0.06448289,1.02842419,0.69740912,0.90069193,0.84767041,0.01494756
"21909",150,134,0.56580071,0.39513871,0.06448289,1.02842419,0.69740912,0.90069193,0.84767041,0
"21910",151,134,0,0.34750046,0,1.02842419,0.69740912,0.90069193,0.84767041,0.0370249
"21911",152,134,0,0.34557086,0,1.02842419,0.69740912,0.90069193,0.84767041,0.01098831
"21912",153,134,0,0.34015455,0,1.02842419,0.69740912,0.90069193,0.84767041,0.02128544
"21913",154,134,0,0.34630083,0,1.02842419,0.69740912,0.90069193,0.84767041,0.0492841
"21914",155,134,0,0.35432681,0,1.02842419,0.69740912,0.90069193,0.84767041,0.02253365
"21915",156,134,0,0.35063815,0,1.02842419,0.69740912,0.90069193,0.84767041,0.00821362
"21916",157,134,0.56605776,0.39534237,0.06448289,1.02842419,0.69740912,0.90069193,0.84767041,0.0225029
"21917",158,134,0.56599166,0.38876105,0.06448289,1.02842419,0.69740912,0.90069193,0.84767041,0.00811849
"21918",159,134,0,0.37835397,0,1.02842419,0.69740912,0.90069193,0.84767041,0
"21919",160,134,0,0.37885599,0,1.02842419,0.69740912,0.90069193,0.84767041,0.02861539
"21920",161,134,0,0.38094714,0,1.02842419,0.69740912,0.90069193,0.84767041,0.01830606
"21921",162,134,0,0.37765295,0,1.01722332,0.68981343,0.89088223,0.83843819,0.07205313
"21922",165,134,0,0.15161536,0,0.73221394,0.49653896,0.64127156,0.60352148,0.02957047
"21923",173,134,0,0.16353211,0,0.80276146,0.54437962,0.70305695,0.66166972,0.03746629
"21924",174,134,0,0.08855728,0,0.43470042,0.29478501,0.38070979,0.35829834,0
"21925",143,135,0,0.25580864,0,1.02383506,0.69429708,0.89667278,0.84388786,0.01625549
"21926",144,135,0,0.25381638,0,1.02383506,0.69429708,0.89667278,0.84388786,0.00839404
"21927",145,135,0,0.23527118,0,1.02383506,0.69429708,0.89667278,0.84388786,0.12384173
"21928",146,135,0,0.24522319,0,1.02383506,0.69429708,0.89667278,0.84388786,0.07160592
"21929",147,135,0,0.21565408,0,1.02383506,0.69429708,0.89667278,0.84388786,0.05539008
"21930",148,135,0.56369307,0.39019755,0.06419515,1.02383506,0.69429708,0.89667278,0.84388786,0.18562257
"21931",149,135,0.56363694,0.38287729,0.06419515,1.02383506,0.69429708,0.89667278,0.84388786,0
"21932",150,135,0,0.33001315,0,1.02383506,0.69429708,0.89667278,0.84388786,0
"21933",151,135,0,0.33716635,0,1.02383506,0.69429708,0.89667278,0.84388786,0.04027819
"21934",152,135,0,0.33568803,0,1.02383506,0.69429708,0.89667278,0.84388786,0
"21935",153,135,0,0.33474754,0,1.02383506,0.69429708,0.89667278,0.84388786,0.00430204
"21936",154,135,0,0.33453458,0,1.02383506,0.69429708,0.89667278,0.84388786,0.02296437
"21937",155,135,0,0.33662093,0,1.02383506,0.69429708,0.89667278,0.84388786,0.0044005
"21938",156,135,0,0.35442151,0,1.02383506,0.69429708,0.89667278,0.84388786,0.01378813
"21939",157,135,0,0.35374361,0,1.02383506,0.69429708,0.89667278,0.84388786,0.02202478
"21940",158,135,0,0.35945305,0,1.02383506,0.69429708,0.89667278,0.84388786,0.00755998
"21941",159,135,0,0.35946168,0,1.02383506,0.69429708,0.89667278,0.84388786,0.035265
"21942",160,135,0,0.3613786,0,1.02383506,0.69429708,0.89667278,0.84388786,0.05801848
"21943",161,135,0,0.36639325,0,1.02383506,0.69429708,0.89667278,0.84388786,0
"21944",162,135,0,0.3554889,0,0.9966693,0.67587506,0.87288106,0.8214967,0.1225377
"21945",165,135,0,0.07639363,0,0.36893665,0.25018839,0.32311401,0.30409309,0.00429618
"21946",166,135,0,0.11927902,0,0.57604823,0.39063773,0.50450194,0.47480315,0.05392389
"21947",173,135,0,0.20858647,0,1.02383506,0.69429708,0.89667278,0.84388786,0.00093533
"21948",174,135,0,0.2083298,0,1.02257401,0.69344192,0.89556836,0.84284845,0.06797034
"21949",175,135,0,0.1664591,0,0.81707987,0.55408941,0.71559698,0.67347155,0.03118417
"21950",145,136,0,0.2480744,0,1.01923661,0.69117872,0.89264547,0.84009763,0.06387759
"21951",146,136,0,0.25452243,0,1.01923661,0.69117872,0.89264547,0.84009763,0.05132108
"21952",147,136,0,0.25098169,0,1.01923661,0.69117872,0.89264547,0.84009763,0.0097738
"21953",148,136,0.56123298,0.39493946,0.06390683,1.01923661,0.69117872,0.89264547,0.84009763,0.12185493
"21954",149,136,0,0.33441753,0,1.01923661,0.69117872,0.89264547,0.84009763,0
"21955",150,136,0,0.33211537,0,1.01923661,0.69117872,0.89264547,0.84009763,0.02788481
"21956",151,136,0,0.3307763,0,1.01923661,0.69117872,0.89264547,0.84009763,0.02425972
"21957",152,136,0,0.33237291,0,1.01923661,0.69117872,0.89264547,0.84009763,0.03051679
"21958",153,136,0,0.35347458,0,1.01923661,0.69117872,0.89264547,0.84009763,0.04240246
"21959",154,136,0,0.34426981,0,1.01923661,0.69117872,0.89264547,0.84009763,0.10176686
"21960",155,136,0,0.34327719,0,1.01923661,0.69117872,0.89264547,0.84009763,0.03202181
"21961",156,136,0,0.34602737,0,1.01923661,0.69117872,0.89264547,0.84009763,0.01078412
"21962",157,136,0,0.3549733,0,1.01923661,0.69117872,0.89264547,0.84009763,0.02524646
"21963",158,136,0,0.35783624,0,1.01923661,0.69117872,0.89264547,0.84009763,0.04576731
"21964",159,136,0,0.35783775,0,1.01923661,0.69117872,0.89264547,0.84009763,0.0231433
"21965",160,136,0,0.35783814,0,1.01923661,0.69117872,0.89264547,0.84009763,0
"21966",161,136,0,0.35783664,0,1.01923661,0.69117872,0.89264547,0.84009763,0.02664518
"21967",162,136,0,0.35726492,0,1.01923661,0.69117872,0.89264547,0.84009763,0.02728189
"21968",163,136,0,0.2825416,0,0.89459991,0.60665836,0.78348888,0.73736682,0.04885701
"21969",173,136,0,0.20629311,0,1.01267038,0.68672593,0.88689478,0.83468547,0.01559085
"21970",174,136,0,0.20765172,0,1.01923661,0.69117872,0.89264547,0.84009763,0.0037878
"21971",175,136,0,0.20763915,0,1.01923661,0.69117872,0.89264547,0.84009763,0
"21972",176,136,0,0.17349001,0,0.85155698,0.5774695,0.74579197,0.70188903,0.03613933
"21973",146,137,0,0.24234195,0,1.01462939,0.68805441,0.88861048,0.83630017,0
"21974",147,137,0,0.24775087,0,1.01462939,0.68805441,0.88861048,0.83630017,0
"21975",148,137,0,0.34311525,0,1.01462939,0.68805441,0.88861048,0.83630017,0.09749077
"21976",149,137,0,0.32679473,0,1.01462939,0.68805441,0.88861048,0.83630017,0.06505238
"21977",150,137,0,0.32962482,0,1.01462939,0.68805441,0.88861048,0.83630017,0.01981375
"21978",151,137,0,0.32688948,0,1.01462939,0.68805441,0.88861048,0.83630017,0.02514574
"21979",152,137,0,0.32451189,0,1.01462939,0.68805441,0.88861048,0.83630017,0.10544858
"21980",153,137,0,0.34172625,0,1.01462939,0.68805441,0.88861048,0.83630017,0.07094172
"21981",154,137,0,0.34173196,0,1.01462939,0.68805441,0.88861048,0.83630017,0.00761746
"21982",155,137,0,0.3417323,0,1.01462939,0.68805441,0.88861048,0.83630017,0.02315198
"21983",156,137,0,0.35398371,0,1.01462939,0.68805441,0.88861048,0.83630017,0.03041571
"21984",157,137,0,0.35621994,0,1.01462939,0.68805441,0.88861048,0.83630017,0.03325523
"21985",158,137,0,0.35622819,0,1.01462939,0.68805441,0.88861048,0.83630017,0.07621141
"21986",159,137,0,0.35621556,0,1.01462939,0.68805441,0.88861048,0.83630017,0.06328347
"21987",160,137,0,0.35622085,0,1.01462939,0.68805441,0.88861048,0.83630017,0.01016771
"21988",161,137,0,0.35623066,0,1.01462939,0.68805441,0.88861048,0.83630017,0.01627455
"21989",162,137,0,0.32350292,0,1.01462939,0.68805441,0.88861048,0.83630017,0
"21990",163,137,0,0.27773105,0,0.99561386,0.67515933,0.87195671,0.82062676,0.01036487
"21991",173,137,0,0.15921059,0,0.78155992,0.53000214,0.68448868,0.64419452,0.11712859
"21992",174,137,0,0.20671123,0,1.01462939,0.68805441,0.88861048,0.83630017,0.06953958
"21993",175,137,0,0.20671519,0,1.01462939,0.68805441,0.88861048,0.83630017,0.01082075
"21994",176,137,0,0.16251284,0,0.79772549,0.54096455,0.69864645,0.65751886,0
"21995",146,138,0,0.22310237,0,1.0100134,0.68492415,0.8845678,0.83249547,0.01051825
"21996",147,138,0,0.34115064,0,1.0100134,0.68492415,0.8845678,0.83249547,0
"21997",148,138,0,0.3187697,0,0.98544705,0.66826487,0.86305264,0.81224685,0.2638672
"21998",149,138,0,0.28845543,0,0.84326256,0.57184477,0.73852773,0.69505242,0.15005835
"21999",150,138,0,0.32196317,0,1.0100134,0.68492415,0.8845678,0.83249547,0.06519082
"22000",151,138,0,0.32274103,0,1.0100134,0.68492415,0.8845678,0.83249547,0.01311683
"22001",152,138,0,0.3215931,0,1.0100134,0.68492415,0.8845678,0.83249547,0.06010514
"22002",153,138,0,0.34017031,0,1.0100134,0.68492415,0.8845678,0.83249547,0.02839404
"22003",154,138,0,0.3405273,0,1.0100134,0.68492415,0.8845678,0.83249547,0.01138103
"22004",157,138,0,0.35458198,0,1.0100134,0.68492415,0.8845678,0.83249547,0.0037731
"22005",158,138,0,0.35460946,0,1.0100134,0.68492415,0.8845678,0.83249547,0.04414342
"22006",159,138,0,0.354589,0,1.0100134,0.68492415,0.8845678,0.83249547,0.04143521
"22007",160,138,0,0.35458204,0,1.0100134,0.68492415,0.8845678,0.83249547,0.00944897
"22008",161,138,0,0.35459199,0,1.0100134,0.68492415,0.8845678,0.83249547,0.01137073
"22009",162,138,0,0.34504904,0,1.0100134,0.68492415,0.8845678,0.83249547,0.0076146
"22010",163,138,0,0.29286308,0,0.9677271,0.65624838,0.84753354,0.79764133,0.13542854
"22011",174,138,0,0.13065047,0,0.64128345,0.43487593,0.56163482,0.52857276,0.02669417
"22012",175,138,0,0.20544612,0,1.00838994,0.68382322,0.88314597,0.83115735,0.02030468
"22013",176,138,0,0.19800031,0,0.97184032,0.65903769,0.85113589,0.80103162,0.08500016
"22014",177,138,0,0.13896428,0,0.68211899,0.46256789,0.59739851,0.56223113,0.02269908
"22015",146,139,0,0.2342432,0,1.00588973,0.68204258,0.88051696,0.8286831,0.03921409
"22016",147,139,0,0.33842063,0,1.00538809,0.68178757,0.88051696,0.8286831,0.05766443
"22017",148,139,0,0.28552225,0,0.80114732,0.54328501,0.70164329,0.66033927,0.06519062
"22018",149,139,0,0.07378433,0,0.17979943,0.12192805,0.15746799,0.14819824,0.00837423
"22019",150,139,0,0.29555534,0,0.92281069,0.62578905,0.80819583,0.76061934,0.04089118
"22020",151,139,0,0.31990845,0,1.00538809,0.68178757,0.88051696,0.8286831,0.01184153
"22021",152,139,0,0.33862006,0,1.00538809,0.68178757,0.88051696,0.8286831,0.0297062
"22022",153,139,0,0.33861931,0,1.00538809,0.68178757,0.88051696,0.8286831,0.01413326
"22023",160,139,0,0.31802929,0,1.00538809,0.68178757,0.88051696,0.8286831,0
"22024",161,139,0,0.30090957,0,1.00538809,0.68178757,0.88051696,0.8286831,0.01886069
"22025",162,139,0,0.29637656,0,1.00009223,0.67819626,0.87587886,0.82431803,0.03627245
"22026",163,139,0,0.25312579,0,0.89725908,0.60846163,0.78581778,0.73955862,0.00051154
"22027",164,139,0,0.23401962,0,0.83892783,0.56890525,0.73473139,0.69147956,0.04220381
"22028",176,139,0,0.09403687,0,0.46161232,0.31303488,0.40427919,0.38048027,0.02738666
"22029",177,139,0,0.11462648,0,0.56264327,0.38154737,0.4927619,0.46375422,0.00407689
"22030",178,139,0,0.14232339,0,0.69862888,0.4737638,0.61185783,0.57583927,0.03129751
"22031",179,139,0,0.06620854,0,0.32497754,0.22037823,0.28461471,0.26786014,0.00507551
"22032",149,140,0,0.08676734,0,0.27841629,0.18880347,0.24383645,0.2294824,0.00136791
"22033",150,140,0,0.0664291,0,0.16187607,0.10977362,0.14177075,0.13342505,0.00827612
"22034",151,140,0,0.28415913,0,0.85057226,0.57680173,0.74492955,0.70107739,0.05538337
"22035",152,140,0,0.33705881,0,1.00075401,0.67864504,0.87645844,0.82486349,0
"22036",153,140,0,0.33706546,0,1.00075401,0.67864504,0.87645844,0.82486349,0.09836801
"22037",161,140,0,0.28544351,0,1.00075401,0.67864504,0.87645844,0.82486349,0.01690742
"22038",162,140,0,0.27920023,0,1.00075401,0.67864504,0.87645844,0.82486349,0.00986776
"22039",142,130,0.07707091,0.04892645,0.04193591,1.04721082,0.71006031,0.91668785,0.86272469,0.07937765
"22040",143,130,0,0.26038899,0,1.04721082,0.71006031,0.91668785,0.86272469,0.01337586
"22041",141,131,0.04132387,0.02623338,0.02248519,0.56149337,0.38072005,0.49150957,0.46257562,0.16930432
"22042",142,131,0,0.25094972,0,1.04265616,0.70697202,0.91270087,0.85897242,0.06912282
"22043",143,131,0,0.25235377,0,1.04265616,0.70697202,0.91270087,0.85897242,0.04028449
"22044",144,131,0,0.25347747,0,1.04213619,0.70670769,0.91270087,0.85897242,0
"22045",140,132,0.07467993,0.0474086,0.04063493,1.01472313,0.68803206,0.88824938,0.83596033,0.1878743
"22046",141,132,0.07639985,0.04850045,0.04157077,1.03809272,0.70387779,0.90870622,0.85521292,0.24628971
"22047",142,132,0,0.25632095,0,1.03809272,0.70387779,0.90870622,0.85521292,0.02418719
"22048",143,132,0,0.23616208,0,1.03809272,0.70387779,0.90870622,0.85521292,0
"22049",138,133,0.04296963,0.02727814,0.02338068,0.58385526,0.39588251,0.51108431,0.48099804,0.15883393
"22050",139,133,0.07219441,0.04583073,0.0392825,0.98095072,0.66513271,0.85868632,0.80813757,0.22303004
"22051",140,133,0.07606327,0.04828678,0.04138763,1.03351941,0.70077686,0.90470291,0.85144528,0.03352712
"22052",141,133,0,0.24882651,0,1.03351941,0.70077686,0.90470291,0.85144528,0
"22053",142,133,0,0.25816422,0,1.03351941,0.70077686,0.90470291,0.85144528,0.04864847
"22054",143,133,0,0.25962338,0,1.03351941,0.70077686,0.90470291,0.85144528,0.01699047
"22055",144,133,0,0.25829073,0,1.03351941,0.70077686,0.90470291,0.85144528,0
"22056",145,133,0,0.24048408,0,1.03351941,0.70077686,0.90470291,0.85144528,0.01847674
"22057",137,134,0,0.02728288,0.02338475,0.58395674,0.39595132,0.51117315,0.48108164,0.20837725
"22058",138,134,0.07552265,0.04794358,0.04109347,1.02617369,0.6957961,0.89827276,0.84539365,0.12697806
"22059",139,134,0.07572605,0.0480727,0.04120414,1.02893732,0.69766997,0.90069193,0.84767041,0.01172494
"22060",140,134,0,0.24092733,0,1.02893732,0.69766997,0.90069193,0.84767041,0.03124686
"22061",141,134,0,0.25675778,0,1.02893732,0.69766997,0.90069193,0.84767041,0.01126125
"22062",142,134,0,0.25415484,0,1.02893732,0.69766997,0.90069193,0.84767041,0.02091764
"22063",143,134,0,0.2559411,0,1.02893732,0.69766997,0.90069193,0.84767041,0.04366607
"22064",144,134,0,0.25734907,0,1.02893732,0.69766997,0.90069193,0.84767041,0.05244884
"22065",137,135,0.07421945,0.04711628,0.04038437,1.0084663,0.68378962,0.88277239,0.83080575,0.20265556
"22066",138,135,0,0.25533889,0,1.0243459,0.69455677,0.89667278,0.84388786,0.01431104
"22067",139,135,0,0.2266168,0,1.0243459,0.69455677,0.89667278,0.84388786,0.01982786
"22068",140,135,0,0.25602802,0,1.0243459,0.69455677,0.89667278,0.84388786,0
"22069",141,135,0,0.25782781,0,1.0243459,0.69455677,0.89667278,0.84388786,0.03940423
"22070",142,135,0,0.24266022,0,1.0243459,0.69455677,0.89667278,0.84388786,0
"22071",135,136,0.04083982,0.02592609,0.02222181,0.55491618,0.37626039,0.48575216,0.45715713,0.21513437
"22072",136,136,0.06617316,0.0420083,0.03600621,0.8991363,0.60965852,0.78706914,0.74073632,0.27320783
"22073",137,136,0,0.26184201,0,1.01974516,0.69143724,0.89264547,0.84009763,0.06171237
"22074",138,136,0,0.24439835,0,1.01974516,0.69143724,0.89264547,0.84009763,0.02169468
"22075",139,136,0,0.22104257,0,1.01974516,0.69143724,0.89264547,0.84009763,0.06107915
"22076",140,136,0,0.23665485,0,1.01974516,0.69143724,0.89264547,0.84009763,0.05558528
"22077",141,136,0,0.25334667,0,1.01974516,0.69143724,0.89264547,0.84009763,0.03174326
"22078",142,136,0,0.25302253,0,1.01974516,0.69143724,0.89264547,0.84009763,0.03488405
"22079",143,136,0,0.25134347,0,1.01974516,0.69143724,0.89264547,0.84009763,0.04450991
"22080",144,136,0,0.2537655,0,1.01974516,0.69143724,0.89264547,0.84009763,0.0254401
"22081",135,137,0.052702,0.03345649,0.02867627,0.71609516,0.48554765,0.626842,0.58994136,0.3749387
"22082",136,137,0,0.26154734,0,1.01513564,0.68831176,0.88861048,0.83630017,0.34044946
"22083",137,137,0,0.26081708,0,1.01513564,0.68831176,0.88861048,0.83630017,0.07268527
"22084",138,137,0,0.25258309,0,1.01513564,0.68831176,0.88861048,0.83630017,0.06564398
"22085",139,137,0,0.24030547,0,1.01513564,0.68831176,0.88861048,0.83630017,0.03676641
"22086",140,137,0,0.23565352,0,1.01513564,0.68831176,0.88861048,0.83630017,0.1096337
"22087",141,137,0,0.25324048,0,1.01513564,0.68831176,0.88861048,0.83630017,0.07580466
"22088",142,137,0,0.24713821,0,1.01513564,0.68831176,0.88861048,0.83630017,0.04982548
"22089",143,137,0,0.24686099,0,1.01513564,0.68831176,0.88861048,0.83630017,0.01515341
"22090",144,137,0,0.2484077,0,1.01513564,0.68831176,0.88861048,0.83630017,0.04147586
"22091",145,137,0,0.239372,0,1.01513564,0.68831176,0.88861048,0.83630017,0.02145339
"22092",134,138,0,0.03919653,0.03359618,0.83895365,0.56885173,0.73438757,0.69115599,0.28784557
"22093",135,138,0,0.04721211,0.04046651,1.01051735,0.68518033,0.8845678,0.83249547,0.49861358
"22094",136,138,0,0.25865579,0,1.01051735,0.68518033,0.8845678,0.83249547,0.4157843
"22095",137,138,0,0.25208797,0,1.01051735,0.68518033,0.8845678,0.83249547,0.29612807
"22096",138,138,0,0.25439238,0,1.01051735,0.68518033,0.8845678,0.83249547,0.13661324
"22097",139,138,0,0.25510873,0,1.01051735,0.68518033,0.8845678,0.83249547,0.06759118
"22098",140,138,0,0.25151138,0,1.01051735,0.68518033,0.8845678,0.83249547,0.15663084
"22099",141,138,0,0.24907732,0,1.01051735,0.68518033,0.8845678,0.83249547,0.27683693
"22100",142,138,0,0.24445322,0,1.01051735,0.68518033,0.8845678,0.83249547,0.11426142
"22101",143,138,0,0.24237166,0,1.01051735,0.68518033,0.8845678,0.83249547,0.03390125
"22102",144,138,0,0.24384677,0,1.01051735,0.68518033,0.8845678,0.83249547,0.10561704
"22103",145,138,0,0.24408969,0,1.01051735,0.68518033,0.8845678,0.83249547,0
"22104",133,139,0.04479766,0.02843862,0.02437535,0.60869388,0.41272431,0.53282708,0.50146087,0.08769728
"22105",134,139,0.06205399,0.03939336,0.03376489,0.84316656,0.57170829,0.73807539,0.69462671,0.11621189
"22106",135,139,0,0.26047291,0,1.00588973,0.68204258,0.88051696,0.8286831,0.18420404
"22107",136,139,0,0.2587892,0,1.00588973,0.68204258,0.88051696,0.8286831,0.14015596
"22108",137,139,0,0.25363414,0,1.00588973,0.68204258,0.88051696,0.8286831,0.0803739
"22109",138,139,0,0.24590545,0,1.00588973,0.68204258,0.88051696,0.8286831,0.09260026
"22110",139,139,0,0.24929665,0,1.00588973,0.68204258,0.88051696,0.8286831,0.0948736
"22111",140,139,0,0.24434119,0,1.00588973,0.68204258,0.88051696,0.8286831,0
"22112",141,139,0,0.24315129,0,1.00588973,0.68204258,0.88051696,0.8286831,0.00133973
"22113",142,139,0,0.23969986,0,1.00588973,0.68204258,0.88051696,0.8286831,0.03471042
"22114",143,139,0,0.24369983,0,1.00588973,0.68204258,0.88051696,0.8286831,0.00832481
"22115",144,139,0,0.24704808,0,1.00588973,0.68204258,0.88051696,0.8286831,0.04710012
"22116",145,139,0,0.24066733,0,1.00588973,0.68204258,0.88051696,0.8286831,0.01055119
"22117",133,140,0.07025963,0.04460249,0.03822975,0.95466171,0.64730747,0.83567393,0.78647987,0.03887184
"22118",134,140,0.06869523,0.04360937,0.03737852,0.93340515,0.63289448,0.81706677,0.76896806,0.22052363
"22119",135,140,0,0.25928272,0,1.00125333,0.67889887,0.87645844,0.82486349,0.115331
"22120",136,140,0,0.25818549,0,1.00125333,0.67889887,0.87645844,0.82486349,0.06493021
"22121",137,140,0,0.25873576,0,1.00125333,0.67889887,0.87645844,0.82486349,0.03852554
"22122",138,140,0,0.25505863,0,1.00125333,0.67889887,0.87645844,0.82486349,0.01740642
"22123",139,140,0,0.26301683,0,1.00125333,0.67889887,0.87645844,0.82486349,0.0447237
"22124",140,140,0,0.25762347,0,1.00125333,0.67889887,0.87645844,0.82486349,0.03766541
"22125",141,140,0,0.25917343,0,1.00125333,0.67889887,0.87645844,0.82486349,0.01912392
"22126",142,140,0,0.24621064,0,1.00125333,0.67889887,0.87645844,0.82486349,0.05325903
"22127",143,140,0,0.2402332,0,1.00125333,0.67889887,0.87645844,0.82486349,0.01125912
"22128",144,140,0,0.26032176,0,1.00125333,0.67889887,0.87645844,0.82486349,0.01203271
"22129",145,140,0,0.28180021,0,1.00125333,0.67889887,0.87645844,0.82486349,0.0702152
"22130",146,140,0,0.30220356,0,1.00125333,0.67889887,0.87645844,0.82486349,0.00747716
"22131",147,140,0,0.33162998,0,1.00125333,0.67889887,0.87645844,0.82486349,0.02221762
"22132",148,140,0,0.33347394,0,0.99755003,0.67638785,0.87321671,0.82181259,0.00667997
"22133",132,141,0.04806381,0.03051205,0.02615253,0.65307318,0.44281565,0.571675,0.5380219,0.1390865
"22134",133,141,0.0729846,0.04633237,0.03971246,0.99168761,0.67241284,0.86808497,0.81698295,0.0136227
"22135",134,141,0,0.24056527,0,0.92904523,0.62993824,0.81325026,0.76537622,0.03362097
"22136",135,141,0,0.25298315,0,0.97703841,0.66247997,0.85526164,0.80491449,0.11660364
"22137",136,141,0,0.25659654,0,0.99660761,0.67574885,0.87239175,0.8210362,0.00831347
"22138",137,141,0,0.25867459,0,0.99660761,0.67574885,0.87239175,0.8210362,0.19163224
"22139",138,141,0,0.26112536,0,0.99660761,0.67574885,0.87239175,0.8210362,0.0341243
"22140",139,141,0,0.25987376,0,0.99660761,0.67574885,0.87239175,0.8210362,0.0153714
"22141",140,141,0,0.2656087,0,0.99660761,0.67574885,0.87239175,0.8210362,0.04262906
"22142",141,141,0,0.26609611,0,0.99660761,0.67574885,0.87239175,0.8210362,0.08228621
"22143",142,141,0,0.27575996,0,0.99660761,0.67574885,0.87239175,0.8210362,0.0467129
"22144",143,141,0,0.29170292,0,0.99660761,0.67574885,0.87239175,0.8210362,0.02974766
"22145",144,141,0,0.29260301,0,0.99660761,0.67574885,0.87239175,0.8210362,0.0045053
"22146",145,141,0,0.27047134,0,0.99660761,0.67574885,0.87239175,0.8210362,0.0868477
"22147",146,141,0,0.27750206,0,0.99660761,0.67574885,0.87239175,0.8210362,0.0326323
"22148",147,141,0,0.31636993,0,0.99660761,0.67574885,0.87239175,0.8210362,0.04921501
"22149",148,141,0,0.30806454,0,0.99660761,0.67574885,0.87239175,0.8210362,0.02898835
"22150",149,141,0,0.20642097,0,0.63345846,0.42951591,0.55450503,0.52186269,0.03742642
"22151",131,142,0,0.02710799,0,0.58021339,0.39341314,0.50789636,0.47799776,0.09809704
"22152",132,142,0.07228185,0.04588624,0.03933008,0.98213889,0.66593835,0.8597264,0.80911642,0.06867027
"22153",133,142,0,0.25402411,0,0.98098253,0.66515428,0.85871417,0.80816378,0.04809367
"22154",134,142,0,0.25550905,0,0.99083076,0.67183186,0.86733493,0.81627706,0.08158195
"22155",135,142,0,0.24540033,0,0.98695411,0.6692033,0.86394146,0.81308335,0.13079374
"22156",136,142,0,0.24361382,0,0.99195366,0.67259324,0.86831786,0.81720213,0.01653717
"22157",137,142,0,0.2477846,0,0.95970952,0.65073013,0.8400926,0.79063841,0.07584272
"22158",138,142,0,0.13635481,0,0.48943557,0.33186133,0.42843297,0.40321217,0.03912803
"22159",139,142,0,0.12480434,0,0.43357335,0.293984,0.37953334,0.35719115,0.00129299
"22160",140,142,0,0.20567615,0,0.74468481,0.50493283,0.65186828,0.6134944,0.03614663
"22161",141,142,0,0.26723925,0,0.96758569,0.65607056,0.84698709,0.79712705,0.01709959
"22162",142,142,0,0.27395984,0,0.99195366,0.67259324,0.86831786,0.81720213,0.06727756
"22163",143,142,0,0.26982754,0,0.97699508,0.66245059,0.8552237,0.80487879,0.089011
"22164",144,142,0,0.2757995,0,0.99195366,0.67259324,0.86831786,0.81720213,0.07931683
"22165",145,142,0,0.26915553,0,0.99195366,0.67259324,0.86831786,0.81720213,0.05460397
"22166",146,142,0,0.26745428,0,0.99195366,0.67259324,0.86831786,0.81720213,0.11219676
"22167",147,142,0,0.27252207,0,0.99195366,0.67259324,0.86831786,0.81720213,0.14373786
"22168",148,142,0,0.2964787,0,0.99195366,0.67259324,0.86831786,0.81720213,0.06187213
"22169",149,142,0,0.32469642,0,0.99175672,0.67245971,0.86814548,0.81703989,0.0552744
"22170",150,142,0,0.16238243,0,0.49676867,0.33683353,0.43485208,0.40925341,0.00571602
"22171",131,143,0,0.16296941,0,0.68454988,0.4641584,0.59922849,0.56395339,0.06630975
"22172",132,143,0,0.25565093,0,0.98729038,0.66943131,0.86423581,0.81336038,0.01114501
"22173",133,143,0,0.25314828,0,0.98729038,0.66943131,0.86423581,0.81336038,0.03610887
"22174",134,143,0,0.25469178,0,0.98729038,0.66943131,0.86423581,0.81336038,0.0139974
"22175",135,143,0,0.25402527,0,0.98729038,0.66943131,0.86423581,0.81336038,0.04837219
"22176",136,143,0,0.25285004,0,0.98729038,0.66943131,0.86423581,0.81336038,0.04122059
"22177",137,143,0,0.25281239,0,0.98729038,0.66943131,0.86423581,0.81336038,0.00751835
"22178",138,143,0,0.27032771,0,0.9787724,0.6636557,0.8567795,0.806343,0.02039373
"22179",139,143,0,0.12494411,0,0.45240473,0.3067526,0.39601761,0.37270503,0
"22180",141,143,0,0.04989545,0,0.18066425,0.12249922,0.15814649,0.1488368,0
"22181",142,143,0,0.22342843,0,0.80202978,0.54381553,0.70206585,0.66073696,0.05370665
"22182",143,143,0,0.05437202,0,0.19685872,0.13347987,0.17232251,0.16217831,0.00446403
"22183",144,143,0,0.21269655,0,0.78385666,0.53149327,0.6861578,0.64576538,0.06399321
"22184",145,143,0,0.26660821,0,0.97281124,0.65961374,0.85156133,0.80143201,0.00269052
"22185",146,143,0,0.2869866,0,0.98729038,0.66943131,0.86423581,0.81336038,0.03726086
"22186",147,143,0,0.28108546,0,0.98729038,0.66943131,0.86423581,0.81336038,0.02560918
"22187",148,143,0,0.29233573,0,0.98729038,0.66943131,0.86423581,0.81336038,0.04577584
"22188",149,143,0,0.34647515,0,0.98729038,0.66943131,0.86423581,0.81336038,0
"22189",150,143,0,0.33758351,0,0.92901725,0.62991927,0.81322577,0.76535317,0.0780807
"22190",151,143,0,0.0866545,0,0.27803681,0.1885226,0.24338267,0.22905534,0.00600031
"22191",131,144,0,0.23932646,0,0.92417679,0.6266372,0.80898862,0.76136545,0.10391338
"22192",132,144,0,0.25319084,0,0.98261887,0.6662638,0.86014656,0.80951185,0.00012247
"22193",133,144,0,0.25063002,0,0.98261887,0.6662638,0.86014656,0.80951185,0
"22194",134,144,0,0.24930031,0,0.98261887,0.6662638,0.86014656,0.80951185,0
"22195",135,144,0,0.24863645,0,0.98261887,0.6662638,0.86014656,0.80951185,0
"22196",136,144,0,0.23579944,0,0.98261887,0.6662638,0.86014656,0.80951185,0.01492187
"22197",137,144,0,0.25068931,0,0.98261887,0.6662638,0.86014656,0.80951185,0.01401804
"22198",138,144,0,0.28307762,0,0.98231223,0.66605588,0.85987813,0.80925923,0.07806441
"22199",139,144,0,0.05772172,0,0.17835318,0.1209322,0.15612348,0.14693287,0.00014138
"22200",142,144,0,0.03045427,0,0.07910455,0.05363676,0.06924506,0.06516878,0
"22201",143,144,0,0.03744499,0,0.09714259,0.06592345,0.08514014,0.08012815,0
"22202",144,144,0,0,0,0.00588859,0.00399615,0.00516103,0.00485721,0
"22203",145,144,0,0.03543775,0,0.09220627,0.06252037,0.0807138,0.07596238,0
"22204",146,144,0,0.16692316,0,0.49314052,0.33437346,0.43167614,0.40626443,0.03215019
"22205",147,144,0,0.29473595,0,0.82414921,0.55881359,0.72142834,0.67895964,0.03187947
"22206",148,144,0,0.29572913,0,0.98261887,0.6662638,0.86014656,0.80951185,0.04920646
"22207",149,144,0,0.34039215,0,0.98261887,0.6662638,0.86014656,0.80951185,0.02181364
"22208",150,144,0,0.35979229,0,0.98261887,0.6662638,0.86014656,0.80951185,0
"22209",131,145,0,0.25211314,0,0.97793804,0.66308997,0.85604914,0.80565564,0.03176255
"22210",132,145,0,0.25954508,0,0.97793804,0.66308997,0.85604914,0.80565564,0
"22211",134,145,0,0.23800276,0,0.97793804,0.66308997,0.85604914,0.80565564,0
"22212",135,145,0,0.24889225,0,0.97793804,0.66308997,0.85604914,0.80565564,0.03589691
"22213",136,145,0,0.24378644,0,0.97793804,0.66308997,0.85604914,0.80565564,0
"22214",137,145,0,0.25259565,0,0.97793804,0.66308997,0.85604914,0.80565564,0.06222755
"22215",138,145,0,0.25285725,0,0.97793804,0.66308997,0.85604914,0.80565564,0.02325231
"22216",139,145,0,0.25863724,0,0.849419,0.57594775,0.74354854,0.69977767,0.00661982
"22217",140,145,0,0.0099774,0,0.04112142,0.02788234,0.0359961,0.0338771,0
"22218",145,145,0,0,0,0.01282634,0.00869689,0.01122768,0.01056674,0
"22219",146,145,0,0.01261637,0,0.05972241,0.04049473,0.05227869,0.04920117,0
"22220",147,145,0,0.02128404,0,0.10075277,0.06831532,0.08819508,0.08300325,0.00047036
"22221",148,145,0,0.31834733,0,0.91305098,0.61909335,0.79924951,0.75219966,0.052284
"22222",149,145,0,0.35808397,0,0.97793804,0.66308997,0.85604914,0.80565564,0.02790349
"22223",131,146,0,0.23991347,0.03727735,0.89396451,0.60615179,0.78254196,0.73647564,0.05674319
"22224",135,146,0,0.21728738,0,0.97324899,0.65991056,0.85194452,0.80179264,0
"22225",136,146,0,0.24657636,0,0.97324899,0.65991056,0.85194452,0.80179264,0
"22226",137,146,0,0.22920707,0,0.97324899,0.65991056,0.85194452,0.80179264,0.06092193
"22227",138,146,0,0.24933777,0,0.97324899,0.65991056,0.85194452,0.80179264,0.0072664
"22228",139,146,0,0.24655925,0,0.97324899,0.65991056,0.85194452,0.80179264,0.01741147
"22229",140,146,0,0.22504255,0,0.7742103,0.52495256,0.67771375,0.63781841,0.04867406
"22230",145,64,0.00706988,0,0,0.14947598,0.10213939,0.13194143,0.12373311,0.0215743
"22231",146,64,0.0060454,0,0.02051482,0.34685495,0.23701169,0.3061665,0.28711931,0.01018658
"22232",147,64,0.00701691,0.01513969,0.02345249,0.39819866,0.2720957,0.35148725,0.32962057,0
"22233",148,64,0,0.02536097,0,0.10414469,0.07116378,0.09192781,0.08620881,0
"22234",149,64,0,0.02369697,0,0.11309576,0.07736921,0.10000931,0.09378754,0.0004284
"22235",150,64,0,0.00929006,0,0.04005997,0.02740516,0.03542458,0.03322075,0
"22236",152,64,0,0.01239365,0,0.04674975,0.03198167,0.04134028,0.03876842,0
"22237",153,64,0,0.0328905,0,0.11934069,0.08164139,0.10553162,0.09896631,0
"22238",154,64,0,0.08107308,0,0.24469599,0.16739739,0.21638191,0.20292039,0
"22239",155,64,0,0,0.01994621,0.41716498,0.28538404,0.36889429,0.34594469,0.01273274
"22240",156,64,0,0,0.00297552,0.06390551,0.04371798,0.05651092,0.05299527,0.00026196
"22241",146,65,0.04278749,0.03565712,0.06420968,0.93784095,0.64084215,0.82782582,0.77632523,0.29156594
"22242",147,65,0.01105146,0,0.08750128,1.29226789,0.8830279,1.14067607,1.06971248,0.08054605
"22243",148,65,0,0.42896476,0,1.28245722,0.87632411,1.13201626,1.06159142,0.01789236
"22244",149,65,0,0.44437,0.05991947,1.30175037,0.89053204,1.15112317,1.07950966,0.05646083
"22245",150,65,0,0.33449425,0,1.20553388,0.82471,1.06604002,0.99971968,0
"22246",151,65,0,0.07961415,0,0.33536771,0.22942624,0.29656189,0.27811222,0
"22247",152,65,0,0.39453414,0,1.10241794,0.75416801,0.97485575,0.91420816,0
"22248",153,65,0,0.38941299,0.06066826,1.24072643,0.84878534,1.09716039,1.028904,0.05283686
"22249",154,65,0,0.48086538,0,1.30875086,0.89532109,1.15731362,1.08531499,0.00749517
"22250",155,65,0,0,0.05559038,1.12833679,0.77189919,0.9977755,0.93570203,0.05338336
"22251",156,65,0,0,0.0039878,0.08460007,0.05787521,0.07481089,0.07015676,0.00409065
"22252",146,66,0.0100201,0,0.07822593,1.1561189,0.78706206,1.000887,0.9571806,0.1384482
"22253",147,66,0,0,0.06402304,1.30726984,0.89327899,1.15391819,1.08213079,0.11502056
"22254",148,66,0,0.44339493,0.08337053,1.30491113,0.89269432,1.15391819,1.08213079,0.04511485
"22255",149,66,0,0.08821289,0.06070255,1.30491113,0.89269432,1.15391819,1.08213079,0.1238872
"22256",150,66,0,0.08767716,0.08337053,1.30491113,0.89269432,1.15391819,1.08213079,0.05280623
"22257",151,66,0,0.43714644,0,1.29891335,0.88859122,1.14861443,1.07715698,0.02047059
"22258",152,66,0,0.39363145,0.06380673,1.30491113,0.89269432,1.15391819,1.08213079,0.05336136
"22259",153,66,0,0,0.06456828,1.30491113,0.89269432,1.15391819,1.08213079,0.00910464
"22260",154,66,0,0,0.06457003,1.30491113,0.89269432,1.15391819,1.08213079,0.06393251
"22261",155,66,0,0,0.05555337,1.13270612,0.77488827,1.00163925,0.93932541,0.05885999
"22262",156,66,0,0,0.01777836,0.37457109,0.25624541,0.33122899,0.31062262,0
"22263",157,66,0,0,0.00107801,0.0229607,0.0157075,0.02030389,0.01904075,0
"22264",146,67,0,0,0.0638691,1.30341175,0.89064269,1.15051268,1.07893714,0.06590379
"22265",147,67,0,0.43569793,0.05993402,1.30341175,0.89064269,1.15051268,1.07893714,0.04668334
"22266",148,67,0,0.45945328,0.06002442,1.30341175,0.89064269,1.15051268,1.07893714,0.02207902
"22267",149,67,0,0.49002921,0.06051447,1.30341175,0.89064269,1.15051268,1.07893714,0.09401843
"22268",150,67,0,0.56640019,0,1.30341175,0.89064269,1.15051268,1.07893714,0.09394274
"22269",151,67,0,0,0.08541787,1.30341175,0.89064269,1.15051268,1.07893714,0.1078636
"22270",152,67,0,0,0.08539435,1.30341175,0.89064269,1.15051268,1.07893714,0.04434754
"22271",153,67,0,0,0.06394098,1.30105999,0.89005974,1.15051268,1.07893714,0.0099317
"22272",154,67,0,0,0.06341278,1.30105999,0.89005974,1.15051268,1.07893714,0.04060967
"22273",155,67,0.03499078,0.43809147,0.06474772,1.30105999,0.89005974,1.15051268,1.07893714,0.02378545
"22274",156,67,0.03500601,0.42612352,0.06476692,1.30105999,0.89005974,1.15051268,1.07893714,0.09437108
"22275",157,67,0.03387487,0.41902601,0.0627557,1.2619734,0.86332047,1.11594885,1.04652359,0.10533265
"22276",158,67,0.00611282,0.07518624,0.011583,0.23323329,0.15955572,0.20624557,0.19341465,0.01367574
"22277",145,68,0.00946512,0,0.08669199,1.29954222,0.88799858,1.14709707,1.07573403,0.04336582
"22278",146,68,0,0.39393092,0,1.29954222,0.88799858,1.14709707,1.07573403,0
"22279",147,68,0,0.43977386,0,1.29954222,0.88799858,1.14709707,1.07573403,0.00457432
"22280",148,68,0,0.62394719,0,1.29954222,0.88799858,1.14709707,1.07573403,0.03463329
"22281",149,68,0,0.54480899,0,1.29954222,0.88799858,1.14709707,1.07573403,0.03238288
"22282",150,68,0,0,0.08518706,1.29954222,0.88799858,1.14709707,1.07573403,0.28115338
"22283",151,68,0,0,0.08518706,1.29954222,0.88799858,1.14709707,1.07573403,0.41928507
"22284",152,68,0,0,0.0644177,1.29954222,0.88799858,1.14709707,1.07573403,0.08406307
"22285",153,68,0,0,0.06450665,1.29954222,0.88799858,1.14709707,1.07573403,0.05145671
"22286",154,68,0,0.41000855,0.05977741,1.29719745,0.88741736,1.14709707,1.07573403,0.06635938
"22287",155,68,0,0,0.06414193,1.29719745,0.88741736,1.14709707,1.07573403,0.05543378
"22288",156,68,0,0,0.06366546,1.29719745,0.88741736,1.14709707,1.07573403,0.01666068
"22289",157,68,0.02916888,0.36838388,0.05411549,1.0896603,0.74544047,0.96357432,0.90362857,0.01101692
"22290",158,68,0.00408021,0.05086636,0.00756979,0.15242407,0.10427384,0.13478688,0.12640154,0.00584706
"22291",145,69,0,0.40060495,0.06197278,1.29566127,0.88534666,1.14367138,1.07252146,0.01242986
"22292",146,69,0,0.22351297,0,1.29566127,0.88534666,1.14367138,1.07252146,0.00862156
"22293",147,69,0,0.40707359,0,1.29566127,0.88534666,1.14367138,1.07252146,0.01911045
"22294",148,69,0,0.46589156,0,1.29566127,0.88534666,1.14367138,1.07252146,0.01317928
"22295",149,69,0,0.68356544,0,1.29566127,0.88534666,1.14367138,1.07252146,0.11330887
"22296",150,69,0,0.70160109,0,1.29566127,0.88534666,1.14367138,1.07252146,0.2125542
"22297",151,69,0,0.44290586,0.05950464,1.29566127,0.88534666,1.14367138,1.07252146,0.13809796
"22298",152,69,0,0.41223952,0.05948058,1.29566127,0.88534666,1.14367138,1.07252146,0.01397571
"22299",153,69,0,0.4061564,0.05949142,1.2933235,0.88476718,1.14367138,1.07252146,0.03880474
"22300",154,69,0,0,0.08843948,1.2933235,0.88476718,1.14367138,1.07252146,0.16469876
"22301",155,69,0.03462069,0.40716065,0.06422996,1.2933235,0.88476718,1.14367138,1.07252146,0.17001752
"22302",156,69,0.03462749,0.41984058,0.06424026,1.2933235,0.88476718,1.14367138,1.07252146,0.05282716
"22303",157,69,0.03279872,0.40696275,0.06079764,1.22316437,0.83677108,1.08163046,1.01434022,0.06341918
"22304",158,69,0.02127632,0.26282915,0.03971594,0.7978289,0.54579757,0.7055111,0.66161994,0.00229563
"22305",159,69,0.00881647,0.11673222,0.01753877,0.35134857,0.2403588,0.31069358,0.29136475,0
"22306",160,69,0.00048935,0.00800352,0.0008033,0.02415081,0.01652165,0.02135629,0.02002767,0
"22307",145,70,0,0.5161999,0,1.29176943,0.8826873,1.14023609,1.06929988,0.02151537
"22308",146,70,0,0,0,1.29176943,0.8826873,1.14023609,1.06929988,0.02154954
"22309",147,70,0,0,0,1.29176943,0.8826873,1.14023609,1.06929988,0.01548713
"22310",148,70,0,0.52581718,0,1.29176943,0.8826873,1.14023609,1.06929988,0.1543375
"22311",149,70,0,0.4389079,0.06124921,1.29176943,0.8826873,1.14023609,1.06929988,0.06987226
"22312",150,70,0,0.52871788,0,1.29176943,0.8826873,1.14023609,1.06929988,0
"22313",151,70,0,0,0,1.30337871,0.88202703,1.13142089,1.074978,0.01646869
"22314",152,70,0,0,0,1.28943868,0.88210957,1.14023609,1.06929988,0.01108847
"22315",153,70,0,0.42290072,0.05949463,1.28943868,0.88210957,1.14023609,1.06929988,0.02735472
"22316",154,70,0,0.42087124,0.06022292,1.28943868,0.88210957,1.14023609,1.06929988,0.11479779
"22317",155,70,0,0.41766212,0.05946579,1.28943868,0.88210957,1.14023609,1.06929988,0.02994534
"22318",156,70,0,0.42109159,0.05933561,1.28943868,0.88210957,1.14023609,1.06929988,0.05497372
"22319",157,70,0,0.39286339,0.05134234,1.28943868,0.88210957,1.14023609,1.06929988,0.12774285
"22320",158,70,0.03523072,0.36919245,0.06441595,1.28943868,0.88210957,1.14023609,1.06929988,0.21978234
"22321",159,70,0.03501366,0.37263144,0.06433647,1.28943868,0.88210957,1.14023609,1.06929988,0.17230357
"22322",160,70,0,0.02414472,0.04833215,0.97631305,0.66789921,0.86334262,0.80963247,0.05105842
"22323",161,70,0.05668707,0,0.31912123,0.57948087,0.39642492,0.5124284,0.48054928,0.02487934
"22324",162,70,0.00011273,0,0.00065016,0.00118467,0.00081044,0.00104759,0.00098242,0
"22325",153,71,0,0.67206461,0.06139486,1.28554246,0.87944415,1.1367907,1.06606884,0.05480179
"22326",154,71,0,0.41713798,0.08563276,1.28554246,0.87944415,1.1367907,1.06606884,0.06846462
"22327",155,71,0,0.41440454,0.08563276,1.28554246,0.87944415,1.1367907,1.06606884,0.04405365
"22328",156,71,0,0.41390304,0.08554394,1.28554246,0.87944415,1.1367907,1.06606884,0.04918576
"22329",157,71,0.03963388,0.39071193,0.06384353,1.28554246,0.87944415,1.1367907,1.06606884,0.23242478
"22330",158,71,0.03450263,0.37479735,0.06392388,1.28554246,0.87944415,1.1367907,1.06606884,0.08583146
"22331",159,71,0.03468552,0.37466553,0.06404254,1.28554246,0.87944415,1.1367907,1.06606884,0.0229698
"22332",160,71,0.05257802,0,0.07632369,1.28554246,0.87944415,1.1367907,1.06606884,0.17502524
"22333",161,71,0.12327867,0,0.67680235,1.22506604,0.83807202,1.08331209,1.01591722,0.24959183
"22334",162,71,0.110377,0,0.60089278,1.08192816,0.74015088,0.95673687,0.89721649,0.13220841
"22335",160,72,0.43066068,0,0.85031994,1.28163484,0.87677093,1.13333523,1.06282834,0.11336603
"22336",161,72,0.05935398,0,0.0816809,1.28163484,0.87677093,1.13333523,1.06282834,0.06190185
"22337",166,80,0.65937735,0,0.78695451,1.250312,0.85580999,1.09795117,1.03230235,0.34747851
"22338",167,80,0.13951751,0.07801566,0.73220284,1.250312,0.85580999,1.09795117,1.03230235,0.28725651
"22339",166,81,0.34165468,0.24613076,0.80382669,1.24630389,0.85306653,1.09443149,1.02899311,0.24367627
"22340",167,81,0.32152357,0,0.77600715,1.24630389,0.85306653,1.09443149,1.02899311,0.28400946
"22341",168,81,0.32551968,0,0.72868652,1.24630389,0.85306653,1.09443149,1.02899311,0.23680086
"22342",165,82,0.41852939,0,0.78004718,1.24228492,0.85031564,1.09090226,1.0256749,0.12903295
"22343",166,82,0.34669954,0,0.05659924,1.24228492,0.85031564,1.09090226,1.0256749,0.13965794
"22344",167,82,0.173075,0.20646645,0.79765083,1.24228492,0.85031564,1.09090226,1.0256749,0.08793298
"22345",171,78,0.57095188,0,0,1.24849671,0.86007794,1.10496144,1.03889346,0.11636004
"22346",173,78,0.58858835,0.02248666,0.83167882,1.24849671,0.86007794,1.10496144,1.03889346,0.17019382
"22347",169,79,0.29350315,0,0.71232784,1.24454138,0.85735315,1.10146084,1.03560217,0.17378959
"22348",170,79,0.29217881,0,0.71232784,1.24454138,0.85735315,1.10146084,1.03560217,0.14098369
"22349",171,79,0.29115346,0,0,1.24454138,0.85735315,1.10146084,1.03560217,0.05904421
"22350",172,79,0.5719662,0,0,1.24454138,0.85735315,1.10146084,1.03560217,0.11769855
"22351",173,79,0.58215049,0,0.71861949,1.24454138,0.85735315,1.10146084,1.03560217,0.13717923
"22352",174,79,0.30670513,0.28474923,0.71861949,1.24454138,0.85735315,1.10146084,1.03560217,0.09541074
"22353",175,79,0.30721851,0,0.71861949,1.24454138,0.85735315,1.10146084,1.03560217,0.1160079
"22354",176,79,0.29754167,0.28339382,0,1.24454138,0.85735315,1.10146084,1.03560217,0.0888903
"22355",168,80,0.3009006,0.33398097,0.7100581,1.2405758,0.8546213,1.09795117,1.03230235,0.1845199
"22356",169,80,0.29592631,0,0.7100581,1.2405758,0.8546213,1.09795117,1.03230235,0.11522257
"22357",170,80,0.29140732,0,0.7100581,1.2405758,0.8546213,1.09795117,1.03230235,0.12274804
"22358",171,80,0.28943251,0,0,1.2405758,0.8546213,1.09795117,1.03230235,0.16338182
"22359",172,80,0.3023357,0,0.7163297,1.2405758,0.8546213,1.09795117,1.03230235,0.0987538
"22360",173,80,0.30214877,0,0.7163297,1.2405758,0.8546213,1.09795117,1.03230235,0.17819039
"22361",174,80,0.26766056,0.28323011,0.7163297,1.2405758,0.8546213,1.09795117,1.03230235,0.11386271
"22362",175,80,0.26945795,0,0.7163297,1.2405758,0.8546213,1.09795117,1.03230235,0.11797443
"22363",176,80,0.27619209,0.28323004,0,1.2405758,0.8546213,1.09795117,1.03230235,0.06961082
"22364",177,80,0.36000324,0.28527379,0.79332307,1.2405758,0.8546213,1.09795117,1.03230235,0.1267085
"22365",169,81,0.17222164,0,0.79037817,1.23659891,0.85188166,1.09443149,1.02899311,0.13398335
"22366",170,81,0.16978949,0,0.79065288,1.23659891,0.85188166,1.09443149,1.02899311,0.20030336
"22367",171,81,0.17529857,0,0.79194496,1.23659891,0.85188166,1.09443149,1.02899311,0.12564563
"22368",172,81,0.17729819,0,0.73231668,1.23659891,0.85188166,1.09443149,1.02899311,0.26415401
"22369",173,81,0.17272291,0,0.78613533,1.23659891,0.85188166,1.09443149,1.02899311,0.15393145
"22370",174,81,0.16763479,0,0.71742542,1.23659891,0.85188166,1.09443149,1.02899311,0.10515259
"22371",175,81,0.17301008,0,0.78471583,1.23659891,0.85188166,1.09443149,1.02899311,0.17494538
"22372",176,81,0.3251428,0,0.71742542,1.23659891,0.85188166,1.09443149,1.02899311,0.06023766
"22373",168,82,0.32216594,0,0.82364024,1.23261123,0.84913458,1.09090226,1.0256749,0.14626805
"22374",169,82,0.17708776,0,0.7301489,1.23261123,0.84913458,1.09090226,1.0256749,0.19415924
"22375",170,82,0.17088436,0,0.72795367,1.23261123,0.84913458,1.09090226,1.0256749,0.20030935
"22376",171,82,0.1733477,0,0.72723871,1.23261123,0.84913458,1.09090226,1.0256749,0.14330268
"22377",172,82,0.17278318,0,0.7838871,1.23261123,0.84913458,1.09090226,1.0256749,0.19484585
"22378",173,82,0.17825166,0,0.80117583,1.23261123,0.84913458,1.09090226,1.0256749,0.10243119
"22379",174,82,0.17805062,0.20646652,0.80181491,1.23261123,0.84913458,1.09090226,1.0256749,0.11846783
"22380",166,83,0.34528716,0,0.77825064,1.22861331,0.84638045,1.08736397,1.02234817,0.10945698
"22381",167,83,0.34546115,0,0.77825064,1.23825562,0.84755768,1.08736397,1.02234817,0.05593168
"22382",168,83,0.34333536,0.2544751,0.79578344,1.22861331,0.84638045,1.08736397,1.02234817,0.08499785
"22383",169,83,0.3207947,0.26837579,0.81879867,1.22861331,0.84638045,1.08736397,1.02234817,0.09582699
"22384",170,83,0.16993983,0,0.78477256,1.22861331,0.84638045,1.08736397,1.02234817,0.21255333
"22385",171,83,0.17465298,0,0.79992357,1.22861331,0.84638045,1.08736397,1.02234817,0.14156096
"22386",172,83,0.17936916,0,0.81713095,1.22861331,0.84638045,1.08736397,1.02234817,0.15654753
"22387",173,83,0.17715817,0.26837579,0.81694536,1.22861331,0.84638045,1.08736397,1.02234817,0.13058159
"22388",174,83,0.1814752,0.20579679,0.73909656,1.22861331,0.84638045,1.08736397,1.02234817,0.11256508
"22389",166,84,0.41224375,0,0.85301255,1.22460407,0.84361852,1.08381565,1.01901202,0.11147135
"22390",167,84,0.3463547,0,0.71982401,1.22460407,0.84361852,1.08381565,1.01901202,0.11389348
"22391",168,84,0.43071545,0.20512523,0.79665041,1.22460407,0.84361852,1.08381565,1.01901202,0.10593037
"22392",169,84,0.48617435,0.48035023,0.05299825,1.22460407,0.84361852,1.08381565,1.01901202,0.14828156
"22393",170,84,0.17772317,0.26750002,0.80247395,1.22460407,0.84361852,1.08381565,1.01901202,0.1858264
"22394",171,84,0.17311411,0,0.79753859,1.22460407,0.84361852,1.08381565,1.01901202,0.13202639
"22395",172,84,0.01549133,0.2974227,0.05422032,1.22460407,0.84361852,1.08381565,1.01901202,0.07086349
"22396",173,84,0.17632781,0,0.79831532,1.22460407,0.84361852,1.08381565,1.01901202,0.12215016
"22397",174,84,0.16968279,0.26750002,0.79733186,1.22460407,0.84361852,1.08381565,1.01901202,0.06318015
"22398",175,84,0.17263814,0.20512523,0.79878708,1.22460407,0.84361852,1.08381565,1.01901202,0.18347711
"22399",176,84,0,0.26306197,0,1.22460407,0.84361852,1.08381565,1.01901202,0.066307
"22400",171,85,0.2786502,0.35840166,0.05336254,1.22058404,0.84084916,1.0802578,1.0156669,0.11225694
"22401",172,85,0.01566829,0.39959532,0.05412706,1.22058404,0.84084916,1.0802578,1.0156669,0.21214025
"22402",173,85,0.01570386,0.42062513,0.05403517,1.22058404,0.84084916,1.0802578,1.0156669,0.0781456
"22403",174,85,0,0.3584213,0,1.22058404,0.84084916,1.0802578,1.0156669,0.01350294
"22404",175,85,0,0.34089445,0,1.22058404,0.84084916,1.0802578,1.0156669,0.0425269
"22405",173,86,0.01531247,0.4124041,0.05394834,1.21655378,0.83807275,1.07669088,1.01231325,0.15389347
"22406",174,86,0.01513326,0.46319113,0.05385675,1.21655378,0.83807275,1.07669088,1.01231325,0.13003336
"22407",173,87,0.02796431,0.24955433,0.05361348,1.21251273,0.83528891,1.07311442,1.00895063,0.04234291
"22408",174,87,0,0.24968032,0,1.21251273,0.83528891,1.07311442,1.00895063,0.05818561
"22409",178,80,0.36153612,0.07536041,0.80634933,1.24013599,0.85478132,1.09795117,1.03230235,0.07118539
"22410",179,80,0.29091247,0.28718807,0,1.24013599,0.85478132,1.09795117,1.03230235,0.10968576
"22411",177,81,0.17874988,0.2071344,0.80545672,1.23616051,0.85204116,1.09443149,1.02899311,0.03804688
"22412",178,81,0.17386379,0.2071344,0.80592958,1.23616051,0.85204116,1.09443149,1.02899311,0.02014226
"22413",179,81,0.17303552,0.2071344,0.80514372,1.23616051,0.85204116,1.09443149,1.02899311,0.04563574
"22414",180,81,0.32261879,0.02740024,0,1.23616051,0.85204116,1.09443149,1.02899311,0.07615962
"22415",181,81,0.33783977,0.02740023,0.89113721,1.23616051,0.85204116,1.09443149,1.02899311,0.0508145
"22416",182,81,0.32135646,0.02740023,0.73256325,1.23616051,0.85204116,1.09443149,1.02899311,0.09062101
"22417",183,81,0.32422099,0,0.05822603,1.23616051,0.85204116,1.09443149,1.02899311,0.05517178
"22418",184,81,0.32130017,0.02740023,0.73263351,1.23616051,0.85204116,1.09443149,1.02899311,0.05246923
"22419",175,82,0.17184085,0.20646645,0.80231841,1.23217424,0.84929357,1.09090226,1.0256749,0.06388532
"22420",176,82,0.17226584,0.20646645,0.80179591,1.23217424,0.84929357,1.09090226,1.0256749,0.04878042
"22421",177,82,0,0.25643983,0,1.23217424,0.84929357,1.09090226,1.0256749,0.09543703
"22422",178,82,0.17224834,0.20646645,0.8027671,1.23217424,0.84929357,1.09090226,1.0256749,0.04351795
"22423",179,82,0,0.25353852,0,1.23217424,0.84929357,1.09090226,1.0256749,0.01665912
"22424",180,82,0,0.23853397,0,1.23217424,0.84929357,1.09090226,1.0256749,0.01872151
"22425",181,82,0.17871137,0,0.74366033,1.23217424,0.84929357,1.09090226,1.0256749,0.09694608
"22426",182,82,0.31931215,0.06492522,0,1.23217424,0.84929357,1.09090226,1.0256749,0.06770397
"22427",183,82,0.32309163,0.04130427,0,1.23217424,0.84929357,1.09090226,1.0256749,0.06367702
"22428",184,82,0.32260985,0.04130427,0.05803827,1.23217424,0.84929357,1.09090226,1.0256749,0.08336128
"22429",185,82,0.32185552,0.06431782,0.05803827,1.23217424,0.84929357,1.09090226,1.0256749,0.07777508
"22430",186,82,0.34400473,0,0.82613887,1.22672476,0.84905509,1.08718765,1.02615501,0.03205859
"22431",175,83,0,0.27220013,0,1.22861331,0.84638045,1.08736397,1.02234817,0.01985562
"22432",176,83,0.17216495,0.20579679,0.80105031,1.22817774,0.84653892,1.08736397,1.02234817,0.06509106
"22433",177,83,0.16886628,0.20579679,0.80056545,1.22817774,0.84653892,1.08736397,1.02234817,0.07932663
"22434",178,83,0.17284889,0.20579679,0.80024904,1.22817774,0.84653892,1.08736397,1.02234817,0.14058363
"22435",179,83,0.17324349,0.20579686,0.80173955,1.22817774,0.84653892,1.08736397,1.02234817,0.06165585
"22436",180,83,0,0.25714452,0,1.22817774,0.84653892,1.08736397,1.02234817,0.04520255
"22437",181,83,0,0.24411427,0,1.22817774,0.84653892,1.08736397,1.02234817,0.02055277
"22438",182,83,0,0.25419176,0,1.22817774,0.84653892,1.08736397,1.02234817,0.00981845
"22439",183,83,0.01241531,0.29095686,0.05127949,1.22817774,0.84653892,1.08736397,1.02234817,0.0469143
"22440",184,83,0.15874312,0.02015514,0.81082227,1.22817774,0.84653892,1.08736397,1.02234817,0.01614952
"22441",185,83,0.34375557,0.23046681,0.79761757,1.22817774,0.84653892,1.08736397,1.02234817,0.0568713
"22442",177,84,0,0.24286722,0,1.22416992,0.84377648,1.08381565,1.01901202,0.04597246
"22443",178,84,0,0.31311538,0,1.22416992,0.84377648,1.08381565,1.01901202,0.13922603
"22444",179,84,0,0.33208307,0,1.22416992,0.84377648,1.08381565,1.01901202,0.07689062
"22445",180,84,0,0.28792218,0,1.22416992,0.84377648,1.08381565,1.01901202,0.0544186
"22446",181,84,0,0.24242992,0,1.22416992,0.84377648,1.08381565,1.01901202,0.07834688
"22447",182,84,0,0.24244743,0,1.22416992,0.84377648,1.08381565,1.01901202,0.03118656
"22448",183,84,0,0.2971032,0,1.22416992,0.84377648,1.08381565,1.01901202,0.01556387
"22449",184,84,0,0.3446593,0,1.22416992,0.84377648,1.08381565,1.01901202,0.03017689
"22450",176,85,0,0.35598066,0,1.22015132,0.8410066,1.0802578,1.0156669,0.04060977
"22451",177,85,0,0.35401924,0,1.22015132,0.8410066,1.0802578,1.0156669,0.07031713
"22452",178,85,0,0.35074225,0,1.22015132,0.8410066,1.0802578,1.0156669,0.00955012
"22453",179,85,0,0.33069847,0,1.22015132,0.8410066,1.0802578,1.0156669,0.04512465
"22454",180,85,0,0.31197564,0,1.22015132,0.8410066,1.0802578,1.0156669,0.01438134
"22455",181,85,0,0.3050922,0,1.22015132,0.8410066,1.0802578,1.0156669,0.05433511
"22456",182,85,0,0.30212205,0,1.22015132,0.8410066,1.0802578,1.0156669,0.02245552
"22457",183,85,0,0.27397635,0,1.22015132,0.8410066,1.0802578,1.0156669,0.02826727
"22458",175,86,0,0.36060462,0,1.21655378,0.83807275,1.07669088,1.01231325,0.08022881
"22459",176,86,0,0.2685501,0,1.21612248,0.83822967,1.07669088,1.01231325,0.06129252
"22460",177,86,0,0.27424227,0,1.21612248,0.83822967,1.07669088,1.01231325,0.18506527
"22461",178,86,0,0.33762054,0,1.21612248,0.83822967,1.07669088,1.01231325,0.0439192
"22462",179,86,0,0.367865,0,1.21612248,0.83822967,1.07669088,1.01231325,0.08182731
"22463",180,86,0,0.31775675,0,1.21612248,0.83822967,1.07669088,1.01231325,0.07839175
"22464",181,86,0,0.28156179,0,1.21612248,0.83822967,1.07669088,1.01231325,0.13202267
"22465",182,86,0,0.29079821,0,1.21612248,0.83822967,1.07669088,1.01231325,0.10612897
"22466",183,86,0,0.29357267,0,1.21612248,0.83822967,1.07669088,1.01231325,0.05627315
"22467",175,87,0,0.26032737,0,1.21208287,0.83544531,1.07311442,1.00895063,0.10922011
"22468",176,87,0,0.24752341,0,1.21208287,0.83544531,1.07311442,1.00895063,0.22926346
"22469",177,87,0,0,0.06220781,1.21208287,0.83544531,1.07311442,1.00895063,0.06245378
"22470",178,87,0,0.28108141,0,1.21208287,0.83544531,1.07311442,1.00895063,0.03223099
"22471",179,87,0,0.27736374,0,1.21208287,0.83544531,1.07311442,1.00895063,0.07582271
"22472",180,87,0,0.25065301,0,1.21208287,0.83544531,1.07311442,1.00895063,0.06455011
"22473",181,87,0,0.24238205,0,1.21208287,0.83544531,1.07311442,1.00895063,0.04490532
"22474",182,87,0,0.34674587,0,1.21208287,0.83544531,1.07311442,1.00895063,0.00735763
"22475",175,88,0.02733447,0.25530665,0.05343432,1.20803248,0.83265352,1.06952841,1.00557904,0.06758121
"22476",176,88,0,0.31899567,0.06228625,1.20803248,0.83265352,1.06952841,1.00557904,0.11411012
"22477",177,88,0,0.29098303,0,1.20803248,0.83265352,1.06952841,1.00557904,0.06485109
"22478",179,88,0,0.26597171,0,1.20803248,0.83265352,1.06952841,1.00557904,0.05901042
"22479",180,88,0,0.25597048,0,1.20803248,0.83265352,1.06952841,1.00557904,0.08079875
"22480",181,88,0,0.25481121,0.04707412,1.20803248,0.83265352,1.06952841,1.00557904,0.06372639
"22481",180,89,0,0.30096295,0,1.20397184,0.82985467,1.06593334,1.00219893,0.04302386
"22482",194,82,0.59316226,0,0.85395782,1.22889256,0.84914594,1.09090226,1.0256749,0.11827933
"22483",195,82,0.58703905,0.02947086,0.85786839,1.22889256,0.84914594,1.09090226,1.0256749,0.1118545
"22484",196,82,0.55122267,0.02735591,0.79148006,1.1407022,0.78820775,1.01261465,0.95206828,0.13377461
"22485",186,83,0.37103453,0,0.78855405,1.2249067,0.84639177,1.08736397,1.02234817,0.05894949
"22486",187,83,0.36040178,0,0.81570607,1.2249067,0.84639177,1.08736397,1.02234817,0.06470077
"22487",188,83,0.60462027,0.26837579,0.80417748,1.2249067,0.84639177,1.08736397,1.02234817,0.04690215
"22488",189,83,0.56230965,0,0.76921012,1.2249067,0.84639177,1.08736397,1.02234817,0.05861007
"22489",190,83,0.35314007,0,0.74132478,1.2249067,0.84639177,1.08736397,1.02234817,0.07962096
"22490",191,83,0.38612756,0,0.88683121,1.2249067,0.84639177,1.08736397,1.02234817,0.19220356
"22491",192,83,0.60344756,0,0.84735283,1.2249067,0.84639177,1.08736397,1.02234817,0.06181393
"22492",193,83,0.3631028,0,0.86947633,1.2249067,0.84639177,1.08736397,1.02234817,0.11277176
"22493",194,83,0.59558869,0,0.8401213,1.2249067,0.84639177,1.08736397,1.02234817,0.1147901
"22494",195,83,0.58527306,0,0.84452461,1.2249067,0.84639177,1.08736397,1.02234817,0.1329432
"22495",196,83,0.54250388,0,0.82417515,1.19561418,0.82615109,1.06136066,0.99789966,0.12026215
"22496",197,83,0.10056663,0,0.14609174,0.21333644,0.14741221,0.18938124,0.17805774,0.02711889
"22497",185,84,0.2570815,0.30931258,0.05537353,1.22090955,0.8436298,1.08381565,1.01901202,0.02808735
"22498",186,84,0.16082037,0.38150843,0.69276969,1.22090955,0.8436298,1.08381565,1.01901202,0.04699206
"22499",187,84,0.25720884,0.24476215,0.05271578,1.22090955,0.8436298,1.08381565,1.01901202,0.02077491
"22500",188,84,0.24166625,0.23197223,0.05321293,1.22090955,0.8436298,1.08381565,1.01901202,0.02869009
"22501",189,84,0.15912288,0.38150843,0.68802768,1.22090955,0.8436298,1.08381565,1.01901202,0.0505311
"22502",190,84,0.1602683,0.38150843,0.68648893,1.22090955,0.8436298,1.08381565,1.01901202,0.06021164
"22503",191,84,0.3698409,0,0.79422697,1.22090955,0.8436298,1.08381565,1.01901202,0.28333858
"22504",192,84,0.57712411,0,0.79867399,1.22090955,0.8436298,1.08381565,1.01901202,0.10088434
"22505",193,84,0.56260587,0,0.78391608,1.22090955,0.8436298,1.08381565,1.01901202,0.06679515
"22506",194,84,0.34785347,0,0.76413051,1.22090955,0.8436298,1.08381565,1.01901202,0.13676747
"22507",195,84,0.57147354,0,0.84323242,1.22090955,0.8436298,1.08381565,1.01901202,0.18902174
"22508",196,84,0.57851973,0,0.82684704,1.22090955,0.8436298,1.08381565,1.01901202,0.11884787
"22509",197,84,0.56458254,0,0.78438309,1.20521711,0.83278657,1.06988529,1.00591459,0.09352003
"22510",198,84,0.08427563,0,0.11840445,0.18198273,0.12574728,0.16154819,0.15188889,0
"22511",184,85,0,0.22665991,0,1.21690166,0.84086041,1.0802578,1.0156669,0.0246691
"22512",185,85,0.01483412,0.32913506,0.06250295,1.21690166,0.84086041,1.0802578,1.0156669,0.02376267
"22513",186,85,0.24064943,0.332966,0.05519188,1.21690166,0.84086041,1.0802578,1.0156669,0.05258383
"22514",187,85,0.16017418,0,0.68838665,1.21690166,0.84086041,1.0802578,1.0156669,0.14749759
"22515",188,85,0.16095375,0.38025598,0.68378272,1.21690166,0.84086041,1.0802578,1.0156669,0.07565176
"22516",189,85,0.16065067,0.38025605,0.69049553,1.21690166,0.84086041,1.0802578,1.0156669,0.11422079
"22517",190,85,0.160992,0.38025605,0.68806027,1.21690166,0.84086041,1.0802578,1.0156669,0.06700837
"22518",191,85,0.56929745,0,0.79492435,1.21690166,0.84086041,1.0802578,1.0156669,0.18394645
"22519",192,85,0.15100975,0.38676931,0.69228184,1.21690166,0.84086041,1.0802578,1.0156669,0.04632041
"22520",193,85,0.56217121,0,0.81163471,1.21690166,0.84086041,1.0802578,1.0156669,0.10486394
"22521",194,85,0.36002952,0,0.8233394,1.21690166,0.84086041,1.0802578,1.0156669,0.15830719
"22522",195,85,0.34969059,0,0.81243083,1.21690166,0.84086041,1.0802578,1.0156669,0.12970054
"22523",196,85,0.16139512,0.38924698,0.68653549,1.21690166,0.84086041,1.0802578,1.0156669,0.06986563
"22524",197,85,0.1491798,0.38724123,0.69083078,1.21690166,0.84086041,1.0802578,1.0156669,0.04574356
"22525",198,85,0.00708841,0.13030229,0.03132028,0.67976793,0.46970923,0.60343792,0.56735709,0.03014353
"22526",199,85,4.29e-06,8.247e-05,0,0.00040203,0.00027779,0.00035688,0.00033554,0
"22527",184,86,0,0.26902677,0,1.21288355,0.83808396,1.07669088,1.01231325,0.0726278
"22528",185,86,0.10966165,0.21465789,0.05627164,1.21288355,0.83808396,1.07669088,1.01231325,0.15678088
"22529",186,86,0.01248524,0.216152,0.05627164,1.21288355,0.83808396,1.07669088,1.01231325,0.09212745
"22530",187,86,0.01239174,0.21162263,0.05591495,1.21288355,0.83808396,1.07669088,1.01231325,0.04318979
"22531",188,86,0.01241523,0.21278604,0.05591495,1.21288355,0.83808396,1.07669088,1.01231325,0.04287543
"22532",189,86,0.10978674,0.2123019,0.05627165,1.21288355,0.83808396,1.07669088,1.01231325,0.07209533
"22533",190,86,0.0125695,0.21557551,0,1.21288355,0.83808396,1.07669088,1.01231325,0.13027356
"22534",191,86,0.01281469,0.21975484,0.05626896,1.21288355,0.83808396,1.07669088,1.01231325,0.16968918
"22535",192,86,0.01260045,0.23518606,0.05627164,1.21288355,0.83808396,1.07669088,1.01231325,0.1147938
"22536",193,86,0.01243692,0.22930789,0.05627164,1.21288355,0.83808396,1.07669088,1.01231325,0.08024054
"22537",194,86,0.01251786,0.21526096,0,1.21288355,0.83808396,1.07669088,1.01231325,0.05094445
"22538",195,86,0.01247347,0.21636042,0.05627164,1.21288355,0.83808396,1.07669088,1.01231325,0.05492479
"22539",196,86,0.01272155,0.21487237,0.05626555,1.21288355,0.83808396,1.07669088,1.01231325,0.0415531
"22540",197,86,0.01263615,0.24383763,0.05227462,1.21288355,0.83808396,1.07669088,1.01231325,0.01765696
"22541",198,86,0,0.36942315,0,1.21161298,0.83720601,1.07556298,1.01125279,0.01337455
"22542",185,87,0,0.27555351,0,1.20885469,0.83530008,1.07311442,1.00895063,0.02938868
"22543",186,87,0.01240559,0.2123249,0.05572921,1.20885469,0.83530008,1.07311442,1.00895063,0.05352026
"22544",187,87,0.01240537,0.21281728,0,1.20885469,0.83530008,1.07311442,1.00895063,0.04257187
"22545",188,87,0.01242551,0.21528086,0,1.20885469,0.83530008,1.07311442,1.00895063,0.07735042
"22546",189,87,0.03361106,0.22449019,0.05608472,1.20885469,0.83530008,1.07311442,1.00895063,0.05507665
"22547",190,87,0.01246054,0.21203893,0.05572921,1.20885469,0.83530008,1.07311442,1.00895063,0.04017276
"22548",191,87,0.01243738,0.2143153,0.05608472,1.20885469,0.83530008,1.07311442,1.00895063,0.10517378
"22549",192,87,0.01242924,0.2173289,0.05608472,1.20885469,0.83530008,1.07311442,1.00895063,0.04542391
"22550",193,87,0.01242323,0.21835306,0.05608472,1.20885469,0.83530008,1.07311442,1.00895063,0.10527769
"22551",194,87,0.01241155,0.21650013,0.05608472,1.20885469,0.83530008,1.07311442,1.00895063,0.03356801
"22552",195,87,0.01242776,0.2274003,0.05529026,1.20885469,0.83530008,1.07311442,1.00895063,0.05548162
"22553",191,88,0.1781992,0.22398418,0.05669246,1.20481509,0.83250878,1.06952841,1.00557904,0.02804336
"22554",192,88,0.05150693,0.23697754,0.05560792,1.20481509,0.83250878,1.06952841,1.00557904,0.02897023
"22555",193,88,0.05219127,0.26935921,0.05686779,1.20481509,0.83250878,1.06952841,1.00557904,0.02302824
"22556",50,119,0,0.28404783,0.07610658,1.08700394,0.74343166,0.95188102,0.90272762,0.00636071
"22557",51,119,0,0.22826716,0.07645057,1.08700394,0.74343166,0.95188102,0.90272762,0.00536
"22558",52,119,0.22881366,0,0.89827567,1.08700394,0.74343166,0.95188102,0.90272762,0.03356519
"22559",53,119,0.28819554,0,0.88765657,1.08700394,0.74343166,0.95188102,0.90272762,0.08520195
"22560",54,119,0.23143083,0,0.8885433,1.08700394,0.74343166,0.95188102,0.90272762,0.26421796
"22561",55,119,0.2429949,0.24592105,1.02074026,1.08700394,0.74343166,0.95188102,0.90272762,0.16893274
"22562",56,119,0.25485824,0.24566488,1.11160045,1.08587194,0.74265745,0.95088974,0.90178752,0.55136189
"22563",57,119,0.18512059,0,0.72835792,0.85407554,0.58412556,0.7479074,0.70928682,0.24306337
"22564",58,119,0.12139952,0,0.46986283,0.57022753,0.38999417,0.49934388,0.47355867,0.06912972
"22565",50,120,0,0.28289515,0.85834949,1.08259282,0.74041477,0.94801824,0.89906429,0
"22566",51,120,0,0.22747396,0.06148282,1.08259282,0.74041477,0.94801824,0.89906429,0.02948876
"22567",52,120,0.2283852,0,0.89617206,1.08259282,0.74041477,0.94801824,0.89906429,0.02488208
"22568",53,120,0.23052229,0,0.89997278,1.08259282,0.74041477,0.94801824,0.89906429,0.11106212
"22569",54,120,0.22872723,0,0.87275503,1.08259282,0.74041477,0.94801824,0.89906429,0.33911279
"22570",55,120,0.22990895,0,0.88110211,1.08259282,0.74041477,0.94801824,0.89906429,0.23292938
"22571",56,120,0.11973494,0.12270799,0.49640805,0.54238573,0.3709524,0.47496303,0.4504368,0.16701318
"22572",49,121,0,0.22641031,0.07610647,1.07864007,0.73729269,0.94414688,0.89539285,0.02368534
"22573",50,121,0.22553017,0,0.86683419,1.07864007,0.73729269,0.94414688,0.89539285,0.0335606
"22574",51,121,0.22579678,0,0.86910818,1.07864007,0.73729269,0.94414688,0.89539285,0.08422195
"22575",52,121,0.22879117,0,0.8920961,1.07864007,0.73729269,0.94414688,0.89539285,0.07991955
"22576",53,121,0.22881575,0,0.88603921,1.0781719,0.73739118,0.94414688,0.89539285,0.33428664
"22577",54,121,0.24032443,0.24392291,1.01034774,1.07864007,0.73729269,0.94414688,0.89539285,0.51947861
"22578",55,121,0.21316838,0.22174963,0.90131698,0.97220871,0.66454269,0.8509862,0.80704282,0.46926467
"22579",49,122,0,0.22493169,0.07543006,1.07420799,0.73426319,0.94026742,0.89171372,0
"22580",50,122,0.22356053,0,0.87022069,1.07420799,0.73426319,0.94026742,0.89171372,0.02875032
"22581",51,122,0.22438352,0,0.87281799,1.07420799,0.73426319,0.94026742,0.89171372,0.0343774
"22582",52,122,0.22863758,0,0.89261478,1.07420799,0.73426319,0.94026742,0.89171372,0.08545984
"22583",53,122,0.22933899,0,0.89023763,1.07420799,0.73426319,0.94026742,0.89171372,0.12820822
"22584",54,122,0.2382818,0.24111833,1.0009345,1.06623808,0.72881545,0.93329126,0.8850978,0.33669719
"22585",48,123,0,0.31181077,0.84907984,1.06976612,0.731227,0.9363794,0.88802647,0
"22586",49,123,0,0.05774805,0.0762263,1.06976612,0.731227,0.9363794,0.88802647,0
"22587",50,123,0,0.05850864,0.07366796,1.06976612,0.731227,0.9363794,0.88802647,0
"22588",51,123,0.22317869,0,0.86355418,1.06976612,0.731227,0.9363794,0.88802647,0.00546119
"22589",52,123,0.22507631,0,0.86943987,1.06976612,0.731227,0.9363794,0.88802647,0.0119561
"22590",53,123,0.22862522,0,0.8859482,1.06976612,0.731227,0.9363794,0.88802647,0.0495072
"22591",54,123,0.19876591,0.20109394,0.83492059,0.88924811,0.60783588,0.77836978,0.73817617,0.14495236
"22592",50,124,0,0.21986282,0.07455997,1.065315,0.72818449,0.93248328,0.88433154,0
"22593",51,124,0,0.2165132,0.0747063,1.065315,0.72818449,0.93248328,0.88433154,0
"22594",52,124,0.2243129,0,0.85414012,1.065315,0.72818449,0.93248328,0.88433154,0.00497024
"22595",53,124,0.22674477,0,0.88522513,1.065315,0.72818449,0.93248328,0.88433154,0.04052124
"22596",54,124,0.12302476,0,0.48029594,0.57800717,0.39509051,0.50593676,0.4798111,0.0385281
"22597",50,125,0.22155417,0,0.84986908,1.06085464,0.72513566,0.92857907,0.88062893,0.01745049
"22598",51,125,0.2215301,0,0.84185684,1.06085464,0.72513566,0.92857907,0.88062893,0.03892403
"22599",52,125,0.22308387,0,0.85898374,1.06085464,0.72513566,0.92857907,0.88062893,0.0373712
"22600",53,125,0.18600586,0,0.71055024,0.89801381,0.61382758,0.7860425,0.74545269,0.03126565
"22601",51,126,0.2132274,0,0.81536686,1.01803677,0.69586797,0.89110007,0.84508528,0.03388988
"22602",43,117,0,0.22255306,0.02630614,0.3932474,0.26842004,0.34361298,0.32586943,0
"22603",44,117,0,0.45837685,0.0753189,1.09643209,0.7483949,0.95804397,0.90857231,0.02684886
"22604",45,117,0,0.43108557,0.87693835,1.09819156,0.74959588,0.95958137,0.91003033,0.03331589
"22605",46,117,0,0.32287448,0.88624253,1.09819156,0.74959588,0.95958137,0.91003033,0.02543067
"22606",47,117,0,0.37794582,0.88768894,1.09819156,0.74959588,0.95958137,0.91003033,0.08332484
"22607",48,117,0,0.45213178,0.87038875,1.09819156,0.74959588,0.95958137,0.91003033,0.0286263
"22608",49,117,0,0,0.87160095,1.09819156,0.74959588,0.95958137,0.91003033,0
"22609",43,118,0,0.56953391,0.82114613,1.03900848,0.7091991,0.90786818,0.86098752,0.01665343
"22610",44,118,0,0.27844048,0.07308434,1.09378987,0.7465914,0.95573524,0.90638281,0
"22611",45,118,0,0.28163342,0.86523831,1.09378987,0.7465914,0.95573524,0.90638281,0
"22612",46,118,0,0.3964864,0.88080359,1.09378987,0.7465914,0.95573524,0.90638281,0.02831309
"22613",47,118,0,0.46223007,0.86710271,1.09378987,0.7465914,0.95573524,0.90638281,0.01442084
"22614",48,118,0,0.24654495,0.86634167,1.09378987,0.7465914,0.95573524,0.90638281,0.02136928
"22615",49,118,0,0.33375998,0.86553356,1.09378987,0.7465914,0.95573524,0.90638281,0.00742139
"22616",42,119,0,0.37014929,0.04378744,0.65404736,0.44643505,0.57149561,0.54198461,0.14029345
"22617",43,119,0,0.53819622,0.87396602,1.08937892,0.7435806,0.95188102,0.90272762,0.02368072
"22618",44,119,0,0.33401525,0.88834889,1.08937892,0.7435806,0.95188102,0.90272762,0.00359771
"22619",45,119,0,0.3586844,0.88737625,1.08937892,0.7435806,0.95188102,0.90272762,0.01456594
"22620",46,119,0,0.30574705,0.86133331,1.08937892,0.7435806,0.95188102,0.90272762,0.0033361
"22621",47,119,0,0.61651932,0.8389161,1.08937892,0.7435806,0.95188102,0.90272762,0.04431225
"22622",48,119,0.25544492,0.27139858,0.83834422,1.08937892,0.7435806,0.95188102,0.90272762,0.00451474
"22623",49,119,0,0.57704951,0.86043592,1.08937892,0.7435806,0.95188102,0.90272762,0.01732753
"22624",43,120,0,0.53142855,0.73905282,0.93902502,0.6409531,0.82050431,0.77813496,0.05186617
"22625",44,120,0,0.61401744,0.82650526,1.08495815,0.74056311,0.94801824,0.89906429,0.01326913
"22626",45,120,0,0.61401744,0.83747714,1.08495815,0.74056311,0.94801824,0.89906429,0.00585187
"22627",46,120,0,0.61401744,0.82721338,1.08495815,0.74056311,0.94801824,0.89906429,0.01960728
"22628",47,120,0.36197021,0,0.89271964,1.08495815,0.74056311,0.94801824,0.89906429,0.02802297
"22629",48,120,0,0.57499983,0.85964725,1.08495815,0.74056311,0.94801824,0.89906429,0.00200491
"22630",49,120,0,0,0.926361,1.08495815,0.74056311,0.94801824,0.89906429,0.00338388
"22631",44,121,0.25139583,0.26872781,0.83614238,1.07338178,0.73266139,0.937903,0.88947139,0.06370306
"22632",45,121,0.25396361,0.26942728,0.83558871,1.08052758,0.73753892,0.94414688,0.89539285,0.04990593
"22633",46,121,0.50048415,0,0.88682009,1.08052758,0.73753892,0.94414688,0.89539285,0.14753505
"22634",47,121,0.53315329,0,0.83686649,1.08052758,0.73753892,0.94414688,0.89539285,0.03230616
"22635",48,121,0,0.47658193,0.85442487,1.08052758,0.73753892,0.94414688,0.89539285,0.00733526
"22636",46,122,0.24942317,0.31441775,0.85937682,1.07571032,0.73445937,0.94026742,0.89171372,0.01740695
"22637",47,122,0.25125816,0.26801474,0.82877397,1.07608775,0.73450841,0.94026742,0.89171372,0
"22638",48,122,0,0.2805822,0.8551942,1.07608775,0.73450841,0.94026742,0.89171372,0.00281634
"22639",47,110,0.23257904,0,1.03961379,1.13090177,0.77061428,0.9862638,0.93533492,0.05568653
"22640",48,110,0.22584286,0,1.16568657,1.13090177,0.77061428,0.9862638,0.93533492,0.06222725
"22641",49,110,0.23840389,0,1.17739364,1.13090177,0.77061428,0.9862638,0.93533492,0.25897365
"22642",46,111,0.22540506,0,1.15746389,1.12656094,0.76765637,0.98247814,0.93174475,0.48824297
"22643",47,111,0.23800222,0,1.06814424,1.12656094,0.76765637,0.98247814,0.93174475,0.25405592
"22644",48,111,0.23085841,0,1.02424048,1.12656094,0.76765637,0.98247814,0.93174475,0.28814496
"22645",49,111,0.23095483,0,1.03550836,1.12656094,0.76765637,0.98247814,0.93174475,0.25461562
"22646",50,111,0.23583913,0,1.03498934,1.12656094,0.76765637,0.98247814,0.93174475,0.24008968
"22647",51,111,0.21691856,0.32277816,0.88140839,1.12656094,0.76765637,0.98247814,0.93174475,0.16927557
"22648",48,112,0.27977818,0,0.95871562,1.12220974,0.76469139,0.97868344,0.928146,0.58506591
"22649",49,112,0.29089246,0,0.95069003,1.11865866,0.76438511,0.97868344,0.928146,0.41720047
"22650",50,112,0.29928577,0,0.94819036,1.11865866,0.76438511,0.97868344,0.928146,0.73080642
"22651",51,112,0.36066347,0,0.92829127,1.11865866,0.76438511,0.97868344,0.928146,0.57598681
"22652",48,113,0.23552709,0.31824899,0.88847079,1.11431143,0.76141463,0.97488016,0.92453912,0.46211506
"22653",49,113,0.23616192,0.27790308,0.87217614,1.11431143,0.76141463,0.97488016,0.92453912,0.53667906
"22654",50,113,0.23641473,0.2778919,0.87294174,1.11431143,0.76141463,0.97488016,0.92453912,0.58589669
"22655",51,113,0.23581634,0.32215029,0.87043281,1.11431143,0.76141463,0.97488016,0.92453912,0.43901845
"22656",46,113,0.30115965,0,0.95064264,1.1140352,0.76156717,0.97488016,0.92453912,0.18480483
"22657",47,113,0.29658131,0,0.95517635,1.1140352,0.76156717,0.97488016,0.92453912,0.31037097
"22658",46,114,0.29709354,0,0.96198758,1.0983084,0.75081616,0.96111782,0.91148744,0.19442315
"22659",47,114,0.2958433,0,0.9539958,1.10967925,0.75858939,0.97106832,0.92092411,0.40239206
"22660",48,114,0.23432687,0.31759539,0.88158826,1.10967925,0.75858939,0.97106832,0.92092411,0.29304891
"22661",49,114,0.23513752,0.27676545,0.86961192,1.10967925,0.75858939,0.97106832,0.92092411,0.39573141
"22662",50,114,0.23507732,0.31736872,0.86993683,1.10967925,0.75858939,0.97106832,0.92092411,0.33118323
"22663",46,115,0.28133422,0,0.91646,1.04136442,0.7118886,0.91128675,0.86422955,0.05841396
"22664",47,115,0.2368576,0.27572126,0.8856602,1.10531351,0.75560492,0.96724791,0.91730098,0.05630781
"22665",48,115,0,0.55612766,0.878427,1.10531351,0.75560492,0.96724791,0.91730098,0.01475069
"22666",49,115,0,0.62647222,0.87427879,1.10531351,0.75560492,0.96724791,0.91730098,0.08507767
"22667",50,115,0.2425275,0.27574619,0.86497935,1.10531351,0.75560492,0.96724791,0.91730098,0.10524124
"22668",47,116,0.23506572,0.27465181,0.87174842,1.10093797,0.75261376,0.96341892,0.91366972,0.21020823
"22669",48,116,0,0.48673697,0.87689365,1.10093797,0.75261376,0.96341892,0.91366972,0.01294826
"22670",45,112,0.19933871,0,0.90281408,0.8571467,0.58568898,0.75006948,0.71133725,0.49718021
"22671",46,112,0,0,0.07607602,1.11839676,0.76420134,0.97868344,0.928146,0.72741409
"22672",47,112,0.24550095,0,1.00247481,1.11839676,0.76420134,0.97868344,0.928146,0.47625038
"22673",45,113,0.13941511,0,0.44756988,0.51600909,0.3525894,0.45154776,0.42823065,0.15893974
"22674",59,113,0.40591305,0,1.03920874,1.11385872,0.76130276,0.97488016,0.92453912,0.16719284
"22675",60,113,0.33744219,0,0.99524631,1.11385872,0.76130276,0.97488016,0.92453912,0.24259521
"22676",61,113,0.39665744,0.29291143,0.97682065,1.11385872,0.76130276,0.97488016,0.92453912,0.10189046
"22677",62,113,0.38400929,0.28671986,0.93103398,1.11530892,0.76135361,0.97488016,0.92453912,0.2018646
"22678",63,113,0.32236738,0,1.0684636,1.11385872,0.76130276,0.97488016,0.92453912,0.40674406
"22679",58,114,0.34357689,0,1.06139768,1.10950346,0.75832602,0.97106832,0.92092411,0.07370432
"22680",59,114,0.34894714,0,1.05430518,1.10950346,0.75832602,0.97106832,0.92092411,0.02301532
"22681",60,114,0.33849115,0.24882676,1.00799125,1.10950346,0.75832602,0.97106832,0.92092411,0.14966244
"22682",61,114,0.34186333,0,1.02791467,1.10950346,0.75832602,0.97106832,0.92092411,0.49797324
"22683",62,114,0.33717274,0,1.02253688,1.10950346,0.75832602,0.97106832,0.92092411,0.31627539
"22684",63,114,0.29444619,0,0.87781826,1.03219354,0.70548605,0.90340453,0.85675436,0.07599341
"22685",58,115,0.33446241,0,1.02540326,1.10513841,0.75534258,0.96724791,0.91730098,0.0476958
"22686",59,115,0.87159106,0,0.06400657,1.10513841,0.75534258,0.96724791,0.91730098,0.06211682
"22687",60,115,0.88242146,0,0,1.10513841,0.75534258,0.96724791,0.91730098,0.03337012
"22688",61,115,0.34622523,0,1.02016244,1.10513841,0.75534258,0.96724791,0.91730098,0.12974871
"22689",62,115,0.29797212,0,0.87792372,1.06593401,0.72854707,0.93293512,0.88476005,0.11499398
"22690",61,116,0.87462497,0,0.82830641,1.10076356,0.75235245,0.96341892,0.91366972,0.03579901
"22691",62,116,0.79248414,0,0.75124181,0.99570805,0.68054887,0.87147141,0.82647021,0.09952135
"22692",56,114,0.31851444,0,1.00203008,1.11343199,0.75874134,0.97106832,0.92092411,0.2092791
"22693",57,114,0.32662085,0,1.02752137,1.11343199,0.75874134,0.97106832,0.92092411,0.09081862
"22694",51,115,0.2718498,0.27571424,0.86653759,1.10905148,0.75575627,0.96724791,0.91730098,0.08580651
"22695",54,115,0.80848585,0,0.98661479,1.10905148,0.75575627,0.96724791,0.91730098,0.2687092
"22696",56,115,0.29798453,0,0.94211015,1.10905148,0.75575627,0.96724791,0.91730098,0.07277265
"22697",57,115,0.31607557,0,0.98910167,1.10905148,0.75575627,0.96724791,0.91730098,0.21901705
"22698",49,116,0,0.51463348,0.87181836,1.10466115,0.75276451,0.96341892,0.91366972,0.01136573
"22699",50,116,0,0.40470708,0.87323025,1.10466115,0.75276451,0.96341892,0.91366972,0.02672116
"22700",51,116,0,0.37672458,0.87223195,1.10466115,0.75276451,0.96341892,0.91366972,0.01455858
"22701",52,116,0,0.47365916,0.88012585,1.10466115,0.75276451,0.96341892,0.91366972,0
"22702",53,116,0.28271964,0.27455646,0.85110277,1.10466115,0.75276451,0.96341892,0.91366972,0.02882191
"22703",54,116,0.80792238,0,0.94158996,1.10466115,0.75276451,0.96341892,0.91366972,0.10546304
"22704",55,116,0.30041275,0,0.94288657,1.10466115,0.75276451,0.96341892,0.91366972,0.07501148
"22705",56,116,0.31593577,0,1.00743658,1.10466115,0.75276451,0.96341892,0.91366972,0.03532743
"22706",57,116,0.85134005,0,0.96379248,1.10466115,0.75276451,0.96341892,0.91366972,0.03732099
"22707",58,116,0.80377766,0,0.90856679,1.10466115,0.75276451,0.96341892,0.91366972,0.0255491
"22708",59,116,0.86163715,0,0.879567,1.10466115,0.75276451,0.96341892,0.91366972,0.04228921
"22709",60,116,0.61197729,0,0.84108577,1.10076356,0.75235245,0.96341892,0.91366972,0.01233734
"22710",50,117,0,0.39478013,0.87212059,1.10026099,0.74976605,0.95958137,0.91003033,0
"22711",51,117,0,0.48317815,0.86982862,1.10026099,0.74976605,0.95958137,0.91003033,0
"22712",52,117,0,0.62150671,0.86906742,1.10026099,0.74976605,0.95958137,0.91003033,0.02442417
"22713",53,117,0.42892195,0,0.8008504,1.10026099,0.74976605,0.95958137,0.91003033,0.04537534
"22714",54,117,0.8365355,0,0.91474547,1.10026099,0.74976605,0.95958137,0.91003033,0.08240405
"22715",55,117,0.30543178,0,0.95001604,1.10026099,0.74976605,0.95958137,0.91003033,0.07068457
"22716",56,117,0.84140809,0,0.8662145,1.10026099,0.74976605,0.95958137,0.91003033,0.00347323
"22717",57,117,0.7939078,0,0.85857356,1.10026099,0.74976605,0.95958137,0.91003033,0.01528533
"22718",58,117,0.79036623,0,0.8972088,1.10026099,0.74976605,0.95958137,0.91003033,0.0214799
"22719",59,117,0.84345481,0,0.90363817,1.10026099,0.74976605,0.95958137,0.91003033,0.02150473
"22720",60,117,0.84673013,0,0.87029822,1.10026099,0.74976605,0.95958137,0.91003033,0.01476161
"22721",61,117,0.72164151,0,0.7403545,0.92635041,0.63125576,0.80790704,0.76618819,0.13725405
"22722",50,118,0,0,0.86866928,1.095851,0.74676089,0.95573524,0.90638281,0.00324612
"22723",51,118,0,0.28519796,0.05811613,1.095851,0.74676089,0.95573524,0.90638281,0
"22724",52,118,0,0.22972678,0.06252249,1.095851,0.74676089,0.95573524,0.90638281,0
"22725",53,118,0.34461993,0,0.8852932,1.095851,0.74676089,0.95573524,0.90638281,0.06421601
"22726",54,118,0.28560126,0.24691679,0.90296248,1.095851,0.74676089,0.95573524,0.90638281,0.05500095
"22727",55,118,0.2747789,0.24691679,0.87796341,1.095851,0.74676089,0.95573524,0.90638281,0.0423904
"22728",56,118,0.83750786,0,0.85346702,1.095851,0.74676089,0.95573524,0.90638281,0.02028158
"22729",57,118,0.79830704,0,0.87271842,1.095851,0.74676089,0.95573524,0.90638281,0.01766636
"22730",58,118,0.27564093,0,0.82382355,1.095851,0.74676089,0.95573524,0.90638281,0
"22731",59,118,0.79987954,0,0.83508275,1.095851,0.74676089,0.95573524,0.90638281,0.00400224
"22732",60,118,0.71157211,0,0.72421247,0.9773131,0.66598397,0.85235363,0.80833963,0.02644856
"22733",54,112,0.28039793,0.32276284,0.85200704,1.11791147,0.76422176,0.97868344,0.928146,0.25255909
"22734",55,112,0.2998327,0,0.98774655,1.11791147,0.76422176,0.97868344,0.928146,0.67962178
"22735",56,112,0.309803,0,1.16385746,1.11791147,0.76422176,0.97868344,0.928146,0.42894845
"22736",57,112,0.33549011,0,1.01517567,1.11909773,0.764477,0.97868344,0.928146,0.23778566
"22737",54,113,0.30287205,0,0.99741962,1.11356714,0.76125191,0.97488016,0.92453912,0.38006583
"22738",55,113,1.68839036,0,1.12779948,1.11356714,0.76125191,0.97488016,0.92453912,0.51126498
"22739",56,113,0.29867001,0,0.93754199,1.11356714,0.76125191,0.97488016,0.92453912,0.30800902
"22740",57,113,0.33201317,0,1.02567092,1.11356714,0.76125191,0.97488016,0.92453912,0.30841778
"22741",58,113,0.31848096,0,0.88237429,1.11356714,0.76125191,0.97488016,0.92453912,0.11460813
"22742",52,113,0,0.38896238,0.86959965,1.11411193,0.76137395,0.97488016,0.92453912,0.12446168
"22743",53,113,0.28085001,0.32167853,0.84492438,1.11411193,0.76137395,0.97488016,0.92453912,0.33047745
"22744",51,114,0,0.32172483,0.8806931,1.10975568,0.75839693,0.97106832,0.92092411,0.0570289
"22745",52,114,0.27799549,0.32047257,0.84357863,1.10975568,0.75839693,0.97106832,0.92092411,0.37059825
"22746",53,114,0.39561406,0,0.82295619,1.10975568,0.75839693,0.97106832,0.92092411,0.70225635
"22747",54,114,0.29723823,0,0.97851876,1.10975568,0.75839693,0.97106832,0.92092411,0.70870704
"22748",55,114,0.2801501,0,0.88973337,1.10975568,0.75839693,0.97106832,0.92092411,0.53216205
"22749",52,115,0.28452866,0.27572439,0.86173301,1.10538963,0.75541321,0.96724791,0.91730098,0.22163605
"22750",53,115,0.38898303,0,0.79615264,1.10538963,0.75541321,0.96724791,0.91730098,0.25453492
"22751",55,115,0.29095409,0,0.91332472,1.10538963,0.75541321,0.96724791,0.91730098,0.21352627
"22752",54,108,0.36845726,0.29803485,0.94069314,1.1363944,0.77629268,0.99380987,0.94249134,0.30913129
"22753",53,109,0.32174536,0,1.05915776,1.1320852,0.77334899,0.99004136,0.93891742,0.09064961
"22754",54,109,0.34694974,0,1.10710904,1.1320852,0.77334899,0.99004136,0.93891742,0.28375357
"22755",55,109,1.76518001,0,1.19353643,1.1320852,0.77334899,0.99004136,0.93891742,0.40768904
"22756",56,109,0.38351097,0.28828721,0.98618159,1.1320852,0.77334899,0.99004136,0.93891742,0.52895972
"22757",57,109,0.33790813,0,1.05088628,1.1320852,0.77334899,0.99004136,0.93891742,0.35325386
"22758",58,109,0.38260301,0.28365123,1.05524613,1.1320852,0.77334899,0.99004136,0.93891742,0.0909541
"22759",53,110,0.30045568,0.31665964,0.8982877,1.12776566,0.77039823,0.9862638,0.93533492,0.06213468
"22760",54,110,0.44424623,0,0.85329859,1.12776566,0.77039823,0.9862638,0.93533492,0.20923842
"22761",55,110,0.30347091,0,1.00487873,1.12776566,0.77039823,0.9862638,0.93533492,0.41399017
"22762",56,110,0.33105934,0,1.06393011,1.12776566,0.77039823,0.9862638,0.93533492,0.49533408
"22763",57,110,0.34315547,0,1.02160513,1.12776566,0.77039823,0.9862638,0.93533492,0.24204447
"22764",58,110,0.34463284,0,1.02038549,1.12776566,0.77039823,0.9862638,0.93533492,0.13744847
"22765",59,110,0.68861575,0.24905209,0.97581529,1.12776566,0.77039823,0.9862638,0.93533492,0.17110352
"22766",52,111,0.07927664,0.56675073,0.89065659,1.12343687,0.76744114,0.98247814,0.93174475,0.22143517
"22767",53,111,0.30029958,0.32170377,0.89435444,1.12343687,0.76744114,0.98247814,0.93174475,0.09570567
"22768",54,111,0.43659081,0,0.79911846,1.12343687,0.76744114,0.98247814,0.93174475,0.17799289
"22769",55,111,0.30395564,0,1.00521215,1.12343687,0.76744114,0.98247814,0.93174475,0.46856681
"22770",56,111,0.33042907,0,1.06147687,1.12343687,0.76744114,0.98247814,0.93174475,0.32697412
"22771",57,111,0.34107565,0,1.02314435,1.12343687,0.76744114,0.98247814,0.93174475,0.23048075
"22772",58,111,0.34310023,0,1.01292908,1.12343687,0.76744114,0.98247814,0.93174475,0.13143428
"22773",59,111,0.68305938,0.24809613,0.96063686,1.12400137,0.76728741,0.98247814,0.93174475,0.0731665
"22774",52,112,0,0.36148463,0.87156826,1.11909773,0.764477,0.97868344,0.928146,0.12923981
"22775",53,112,0,0.41808437,0.85356181,1.11909773,0.764477,0.97868344,0.928146,0.03407699
"22776",58,112,0.33537342,0,0.99949048,1.11909773,0.764477,0.97868344,0.928146,0.11856706
"22777",56,104,0.39914078,0.28832706,0.91883401,1.1550793,0.78796745,1.00879633,0.95670392,0.11164536
"22778",57,104,0.38090958,0.25474202,0.92653995,1.1550793,0.78796745,1.00879633,0.95670392,0.15965679
"22779",58,104,0.40440615,0.25474195,0.94156547,1.1550793,0.78796745,1.00879633,0.95670392,0.14042978
"22780",56,105,0.36991543,0.25379929,0.92833242,1.15205454,0.78519818,1.00506305,0.95316342,0.17245087
"22781",57,105,0.66306499,0.25379929,0.87806808,1.15080467,0.7850514,1.00506305,0.95316342,0.21070123
"22782",58,105,0.42183389,0.28779096,0.87995309,1.15080467,0.7850514,1.00506305,0.95316342,0.39991587
"22783",59,105,0.42343244,0.28730235,0.88926248,1.15080467,0.7850514,1.00506305,0.95316342,0.24225979
"22784",57,106,0.64753916,0.25285427,0.87124598,1.14651967,0.78212827,1.00132072,0.94961434,0.1262687
"22785",58,106,0.42074846,0.25285427,0.87649912,1.14651967,0.78212827,1.00132072,0.94961434,0.11339937
"22786",59,106,0.40525736,0.28731481,0.87782384,1.14651967,0.78212827,1.00132072,0.94961434,0.27910331
"22787",60,106,0.41690165,0.25285427,0.88303224,1.14651967,0.78212827,1.00132072,0.94961434,0.15185333
"22788",61,106,0.36113693,0.25296543,0.88629212,1.14651967,0.78212827,1.00132072,0.94961434,0.04563451
"22789",55,107,0.62643454,0.28777737,0.8727919,1.14222486,0.77919846,0.99756982,0.94605713,0.30370351
"22790",56,107,0.39439775,0.28945861,0.83758473,1.14222486,0.77919846,0.99756982,0.94605713,0.41742842
"22791",57,107,0.36175001,0.25190709,0.8613063,1.14222486,0.77919846,0.99756982,0.94605713,0.40917417
"22792",58,107,0.37477862,0.25190709,0.8613791,1.14222486,0.77919846,0.99756982,0.94605713,0.07530382
"22793",59,107,0.3971743,0.28486562,0.86329115,1.14222486,0.77919846,0.99756982,0.94605713,0.09572247
"22794",60,107,0.40643764,0.2521972,0.88026264,1.14222486,0.77919846,0.99756982,0.94605713,0.20111965
"22795",55,108,0.49364739,0,0.98555176,1.1379197,0.77626158,0.99380987,0.94249134,0.32391229
"22796",56,108,0.40240325,0.28938456,0.84762888,1.1379197,0.77626158,0.99380987,0.94249134,0.39371881
"22797",57,108,0.40009716,0.25095763,0.88529565,1.1379197,0.77626158,0.99380987,0.94249134,0.27652432
"22798",58,108,0.36174177,0.28344807,0.85764742,1.1379197,0.77626158,0.99380987,0.94249134,0.12112128
"22799",59,108,0.38145289,0.28358164,0.85912181,1.1379197,0.77626158,0.99380987,0.94249134,0.12211255
"22800",60,108,0.39628022,0.2861703,0.85968277,1.1379197,0.77626158,0.99380987,0.94249134,0.10141948
"22801",61,108,0.41269526,0.28573613,0.84163942,1.13696541,0.77613717,0.99380987,0.94249134,0.09703638
"22802",62,108,0.41601187,0,0.81363438,1.13696541,0.77613717,0.99380987,0.94249134,0.06125181
"22803",63,108,0.40334135,0,0.79714721,1.13696541,0.77613717,0.99380987,0.94249134,0.07659745
"22804",64,108,0.39740352,0,0.79596677,1.13696541,0.77613717,0.99380987,0.94249134,0.08810924
"22805",59,109,0.40120113,0.283309,0.86688992,1.13265405,0.77319407,0.99004136,0.93891742,0.08884167
"22806",60,109,0.39615281,0.28400691,0.85570118,1.13265405,0.77319407,0.99004136,0.93891742,0.12731108
"22807",61,109,0.38970127,0.250006,0.85471625,1.13265405,0.77319407,0.99004136,0.93891742,0.04976304
"22808",62,109,0.39548099,0.250006,0.82940314,1.13265405,0.77319407,0.99004136,0.93891742,0.04124336
"22809",63,109,0.40724551,0,0.81560016,1.13265405,0.77319407,0.99004136,0.93891742,0.09652405
"22810",64,109,0.37552261,0.25032368,0.75608672,1.06148582,0.72461185,0.92783394,0.87992228,0.03086896
"22811",60,110,0.41289479,0.2832208,0.84264344,1.12833234,0.7702439,0.9862638,0.93533492,0.09616985
"22812",61,110,0.68122351,0.24885783,0.83680306,1.12833234,0.7702439,0.9862638,0.93533492,0.08105979
"22813",62,110,0.69616765,0,0.79856271,1.12833234,0.7702439,0.9862638,0.93533492,0.09702266
"22814",63,110,0.69612112,0,0.81924335,1.12833234,0.7702439,0.9862638,0.93533492,0.03062405
"22815",64,110,0.40863086,0.28836855,0.79700376,1.12833234,0.7702439,0.9862638,0.93533492,0.029841
"22816",65,110,0.38844527,0.27961962,0.76715575,1.08582281,0.74122523,0.94910665,0.90009651,0.09750352
"22817",60,111,0.69031357,0.28240903,0.83481775,1.12400137,0.76728741,0.98247814,0.93174475,0.30012577
"22818",61,111,0.68610163,0.24809613,0.81430614,1.12400137,0.76728741,0.98247814,0.93174475,0.10559405
"22819",62,111,0.69018886,0.26284781,0.82878264,1.12400137,0.76728741,0.98247814,0.93174475,0.02975088
"22820",63,111,0.6951515,0.29255841,0.80989614,1.12400137,0.76728741,0.98247814,0.93174475,0.06661417
"22821",64,111,0.40652383,0.28951468,0.79039048,1.12400137,0.76728741,0.98247814,0.93174475,0.03566294
"22822",65,111,0.2978134,0.26864624,0.75263945,1.05415351,0.71960653,0.92142484,0.87384414,0.06202922
"22823",59,112,0.38964346,0.24713789,0.85979838,1.11966005,0.76432386,0.97868344,0.928146,0.10239959
"22824",60,112,0.39051653,0.28191678,0.91411536,1.11966005,0.76432386,0.97868344,0.928146,0.05102933
"22825",61,112,0.64140844,0,0.79363162,1.11966005,0.76432386,0.97868344,0.928146,0.01575335
"22826",62,112,0.69612891,0.29033601,0.80980813,1.11966005,0.76432386,0.97868344,0.928146,0.07289258
"22827",63,112,0.45674048,0.28752967,0.83411255,1.11966005,0.76432386,0.97868344,0.928146,0.05336072
"22828",64,112,0.40210333,0.28497993,0.81056001,1.11966005,0.76432386,0.97868344,0.928146,0.04919347
"22829",65,112,0,0,0.02525164,0.40796909,0.2784957,0.35660162,0.33818736,0.03445549
"22830",47,103,0.34098479,0,1.06469077,1.16060273,0.79102431,1.01252057,0.96023585,0
"22831",48,103,0.30933345,0,1.03813796,1.16060273,0.79102431,1.01252057,0.96023585,0.12113892
"22832",45,104,0.42832343,0,0.8924857,1.15633382,0.78811478,1.00879633,0.95670392,0.00784805
"22833",46,104,0.38653094,0,1.13379642,1.15633382,0.78811478,1.00879633,0.95670392,0.05210182
"22834",47,104,1.81110032,0,1.13240275,1.15633382,0.78811478,1.00879633,0.95670392,0.16821394
"22835",48,104,1.8113188,0,1.13402996,1.15633382,0.78811478,1.00879633,0.95670392,0.01877114
"22836",49,104,0.3521113,0,1.12000463,1.15633382,0.78811478,1.00879633,0.95670392,0.07345291
"22837",50,104,1.80624766,0,1.11916917,1.15633382,0.78811478,1.00879633,0.95670392,0.15195213
"22838",51,104,0.32561045,0.28689447,0.95081594,1.15633382,0.78811478,1.00879633,0.95670392,0.16003399
"22839",52,104,0.3132665,0.30055718,0.97173011,1.15633382,0.78811478,1.00879633,0.95670392,0.20549114
"22840",53,104,0.31250012,0.32770232,0.95176976,1.15630206,0.78827263,1.00879633,0.95670392,0.1432944
"22841",54,104,0.31778748,0.28985147,0.9549013,1.15633382,0.78811478,1.00879633,0.95670392,0.09554162
"22842",46,105,0.38444454,0,1.13120032,1.15205454,0.78519818,1.00506305,0.95316342,0.0129206
"22843",47,105,1.80436942,0,1.1298904,1.15205454,0.78519818,1.00506305,0.95316342,0.04486268
"22844",48,105,0.358608,0,1.12735409,1.15205454,0.78519818,1.00506305,0.95316342,0.03462969
"22845",49,105,1.78813519,0,1.12445616,1.15205454,0.78519818,1.00506305,0.95316342,0.01152733
"22846",50,105,1.80379793,0,1.08627243,1.15205454,0.78519818,1.00506305,0.95316342,0.25096731
"22847",51,105,0.32355361,0.26659549,0.92935773,1.15205454,0.78519818,1.00506305,0.95316342,0.14072815
"22848",52,105,0.32886508,0.25966077,0.90500829,1.15205454,0.78519818,1.00506305,0.95316342,0.24275401
"22849",53,105,0.32687121,0.25966077,0.91063424,1.15205454,0.78519818,1.00506305,0.95316342,0.13084344
"22850",54,105,0.32384934,0.25966077,0.92848859,1.15205454,0.78519818,1.00506305,0.95316342,0.28734193
"22851",55,105,0.31421674,0.25966077,0.9523719,1.15205454,0.78519818,1.00506305,0.95316342,0.09331677
"22852",50,106,1.79526727,0,1.09992575,1.14776489,0.78227451,1.00132072,0.94961434,0.31520464
"22853",51,106,1.78296699,0,1.07099352,1.14776489,0.78227451,1.00132072,0.94961434,0.51927982
"22854",54,106,0.29870988,0.29971683,0.90929878,1.14299679,0.78185669,1.00132072,0.94961434,0.36905195
"22855",55,106,0.30472015,0.29157162,0.95426108,1.14776489,0.78227451,1.00132072,0.94961434,0.37271596
"22856",56,106,0.36072499,0.25285427,0.93891688,1.14776489,0.78227451,1.00132072,0.94961434,0.27343011
"22857",54,107,0.3738282,0.29177476,0.89389678,1.14346542,0.77934415,0.99756982,0.94605713,0.24541912
"22858",45,106,0.27776239,0.48410813,0.93348928,1.14562122,0.78205516,1.00132072,0.94961434,0.0192571
"22859",46,106,0.31216444,0,1.12436141,1.14562122,0.78205516,1.00132072,0.94961434,0.03149378
"22860",47,106,0.26479495,0,1.01569512,1.14562122,0.78205516,1.00132072,0.94961434,0.0490326
"22861",48,106,0.25662382,0.21825197,1.00714038,1.14562122,0.78205516,1.00132072,0.94961434,0.01074421
"22862",49,106,1.71095534,0,1.08465519,1.14562122,0.78205516,1.00132072,0.94961434,0.05785107
"22863",46,107,0.27862625,0.44095351,0.88698097,1.14132978,0.77912562,0.99756982,0.94605713,0.02521276
"22864",47,107,0.48716107,0,1.00998666,1.14132978,0.77912562,0.99756982,0.94605713,0.09485243
"22865",48,107,0.25558006,0,1.00778719,1.14132978,0.77912562,0.99756982,0.94605713,0.04435058
"22866",49,107,0.25222674,0.30413096,0.91733754,1.14132978,0.77912562,0.99756982,0.94605713,0.2007008
"22867",50,107,0.26090575,0,1.09241776,1.14132978,0.77912562,0.99756982,0.94605713,0.27416496
"22868",53,107,0.27860502,0.29823332,0.91458229,1.14346542,0.77934415,0.99756982,0.94605713,0.43711897
"22869",46,108,0.2532481,0,1.06992863,1.13702798,0.77618901,0.99380987,0.94249134,0.05090509
"22870",47,108,0.25400652,0.28938456,0.93366518,1.13702798,0.77618901,0.99380987,0.94249134,0.24165819
"22871",48,108,0.25366882,0.30933117,0.92519054,1.13702798,0.77618901,0.99380987,0.94249134,0.11109531
"22872",49,108,0.25286138,0.31844518,0.91749232,1.13702798,0.77618901,0.99380987,0.94249134,0.24533143
"22873",50,108,0.25269211,0.28938456,0.9282802,1.13702798,0.77618901,0.99380987,0.94249134,0.06207184
"22874",51,108,0.24009036,0,1.04585327,1.13702798,0.77618901,0.99380987,0.94249134,0.37676367
"22875",52,108,0.82429241,0,0.99439561,1.13702798,0.77618901,0.99380987,0.94249134,0.28402717
"22876",53,108,0.25442437,0,1.07006636,1.13702798,0.77618901,0.99380987,0.94249134,0.19890002
"22877",45,109,0.27348274,0.44872244,0.93527519,1.13271639,0.77324571,0.99004136,0.93891742,0.19021904
"22878",46,109,0.24059716,0,1.09110999,1.13271639,0.77324571,0.99004136,0.93891742,0.07163131
"22879",47,109,0.24239064,0,1.09388628,1.13271639,0.77324571,0.99004136,0.93891742,0.0836106
"22880",48,109,0.25183958,0.29909113,0.93975203,1.13271639,0.77324571,0.99004136,0.93891742,0.1092112
"22881",49,109,0.81905705,0,0.9935374,1.13271639,0.77324571,0.99004136,0.93891742,0.0725705
"22882",50,109,0.76592384,0,0.99218017,1.13271639,0.77324571,0.99004136,0.93891742,0.17956875
"22883",51,109,0.76667852,0,1.00118421,1.13271639,0.77324571,0.99004136,0.93891742,0.20318146
"22884",52,109,0.25300132,0,0.99792013,1.13271639,0.77324571,0.99004136,0.93891742,0.13551283
"22885",50,110,0.2314763,0,1.00286307,1.12839444,0.77029534,0.9862638,0.93533492,0.46785459
"22886",51,110,0.27657388,0.44216154,0.88278062,1.12839444,0.77029534,0.9862638,0.93533492,0.23198188
"22887",52,110,0.02286536,0.30881926,0.07137028,1.12839444,0.77029534,0.9862638,0.93533492,0.05373109
"22888",52,106,1.69956721,0,1.031609,1.14299679,0.78185669,1.00132072,0.94961434,0.63958436
"22889",53,106,0.27051166,0.29660124,0.91726692,1.14299679,0.78185669,1.00132072,0.94961434,0.49228954
"22890",51,107,0.25416387,0,0.99561569,1.13871518,0.77892789,0.99756982,0.94605713,0.70773359
"22891",52,107,0.25965606,0,1.09128366,1.13871518,0.77892789,0.99756982,0.94605713,0.60826682
"22892",63,104,0.44922105,0.29516551,0.8482325,1.1551587,0.78805164,1.00879633,0.95670392,0.14444024
"22893",64,104,0.44840349,0.29977728,0.83541196,1.1551587,0.78805164,1.00879633,0.95670392,0.12683535
"22894",65,104,0.44871819,0.30128189,0.84056108,1.1551587,0.78805164,1.00879633,0.95670392,0.10368033
"22895",66,104,0.46170414,0.29099452,0.8900042,1.1551587,0.78805164,1.00879633,0.95670392,0.09334764
"22896",67,104,0.46261275,0.25505532,0.89205697,1.1551587,0.78805164,1.00879633,0.95670392,0.02410802
"22897",68,104,0.4587344,0.25505532,0.88189841,1.1551587,0.78805164,1.00879633,0.95670392,0.07519776
"22898",69,104,0.69046241,0.25505532,0.8746671,1.1551587,0.78805164,1.00879633,0.95670392,0.06339724
"22899",70,104,0.67840089,0.29126924,0.81008509,1.1551587,0.78805164,1.00879633,0.95670392,0.19445782
"22900",71,104,0.67580242,0,0.79997994,1.1551587,0.78805164,1.00879633,0.95670392,0.17494572
"22901",72,104,0.40486597,0,0.73905191,1.06052304,0.723491,0.92615132,0.87832655,0.07924772
"22902",73,104,0.15976852,0,0.29566427,0.41829443,0.28536132,0.36529516,0.34643198,0.02640719
"22903",62,105,0.35060919,0.25398253,0.87293542,1.15088377,0.78513527,1.00506305,0.95316342,0.13543041
"22904",63,105,0.35178071,0.25397785,0.87950629,1.15088377,0.78513527,1.00506305,0.95316342,0.10602665
"22905",64,105,0.34601097,0.25392323,0.85111547,1.15088377,0.78513527,1.00506305,0.95316342,0.30218525
"22906",65,105,0.45183643,0.30136132,0.82122348,1.15088377,0.78513527,1.00506305,0.95316342,0.09375243
"22907",66,105,0.44434585,0.30050042,0.82921402,1.15088377,0.78513527,1.00506305,0.95316342,0.11025351
"22908",67,105,0.44415109,0.29697772,0.83986225,1.15088377,0.78513527,1.00506305,0.95316342,0.03831161
"22909",68,105,0.44537079,0.29439343,0.84020464,1.15088377,0.78513527,1.00506305,0.95316342,0.1302762
"22910",69,105,0.67926246,0.25411143,0.86187184,1.15088377,0.78513527,1.00506305,0.95316342,0.10049517
"22911",70,105,0.66114472,0,0.79887642,1.15088377,0.78513527,1.00506305,0.95316342,0.02608714
"22912",71,105,0.66485342,0,0.79332624,1.15088377,0.78513527,1.00506305,0.95316342,0.02461797
"22913",72,105,0.67085081,0,0.80121118,1.15088377,0.78513527,1.00506305,0.95316342,0.03334487
"22914",73,105,0.57266,0,0.67879533,0.97534937,0.66538534,0.85176943,0.8077856,0.077757
"22915",62,106,0.34905073,0.25299144,0.85423577,1.14659848,0.78221184,1.00132072,0.94961434,0.09429912
"22916",63,106,0.33735515,0.25300311,0.8492971,1.14659848,0.78221184,1.00132072,0.94961434,0.10949557
"22917",64,106,0.34259396,0.25292399,0.83333696,1.14659848,0.78221184,1.00132072,0.94961434,0.08116976
"22918",65,106,0.34251903,0.25295214,0.83296271,1.14659848,0.78221184,1.00132072,0.94961434,0.0925577
"22919",66,106,0.44715769,0.29388766,0.80656538,1.14659848,0.78221184,1.00132072,0.94961434,0.05235958
"22920",67,106,0.43831013,0.30222413,0.79464576,1.14659848,0.78221184,1.00132072,0.94961434,0.14361537
"22921",68,106,0.32872444,0.30222413,0.7899621,1.14659848,0.78221184,1.00132072,0.94961434,0.07662243
"22922",69,106,0.61611924,0.30222413,0.79185113,1.14659848,0.78221184,1.00132072,0.94961434,0.04571386
"22923",70,106,0.63601306,0,0.83250072,1.14659848,0.78221184,1.00132072,0.94961434,0.0436686
"22924",71,106,0.63545601,0,0.83223542,1.14659848,0.78221184,1.00132072,0.94961434,0.03973044
"22925",72,106,0.6302365,0,0.81620051,1.14659848,0.78221184,1.00132072,0.94961434,0.05773144
"22926",73,106,0.67185573,0,0.79702567,1.14659848,0.78221184,1.00132072,0.94961434,0.07773205
"22927",74,106,0.27703593,0,0.33291845,0.47140312,0.32159218,0.41167481,0.39041667,0.13408832
"22928",61,107,0.40692286,0.25166228,0.86561405,1.14230338,0.77928171,0.99756982,0.94605713,0.12691028
"22929",62,107,0.33998011,0.25202384,0.83157566,1.14230338,0.77928171,0.99756982,0.94605713,0.34762977
"22930",63,107,0.3408065,0,0.84065836,1.14230338,0.77928171,0.99756982,0.94605713,0.05798259
"22931",64,107,0.30120489,0,0.81663639,1.14230338,0.77928171,0.99756982,0.94605713,0.08080866
"22932",65,107,0.32837191,0,0.81468873,1.14230338,0.77928171,0.99756982,0.94605713,0.0359383
"22933",66,107,0.39260403,0,0.82543448,1.14230338,0.77928171,0.99756982,0.94605713,0.08309726
"22934",67,107,0.43519449,0.30109201,0.7892014,1.14230338,0.77928171,0.99756982,0.94605713,0.07013219
"22935",68,107,0.60981262,0.30109201,0.78091181,1.14230338,0.77928171,0.99756982,0.94605713,0.07543719
"22936",69,107,0.60504853,0,0.77712002,1.14230338,0.77928171,0.99756982,0.94605713,0.06819617
"22937",70,107,0.60264413,0,0.06750325,1.14230338,0.77928171,0.99756982,0.94605713,0.07478089
"22938",71,107,0.6641739,0,0.80516643,1.14230338,0.77928171,0.99756982,0.94605713,0.27077246
"22939",72,107,0.63115905,0,0.82904897,1.14230338,0.77928171,0.99756982,0.94605713,0.12559938
"22940",73,107,0.62680268,0,0.84103452,1.14230338,0.77928171,0.99756982,0.94605713,0.04876146
"22941",74,107,0.16860835,0,0.4120197,0.55603323,0.37932701,0.48558201,0.46050744,0.13193528
"22942",65,108,0.39348743,0,0.82287111,1.13799792,0.77634452,0.99380987,0.94249134,0.06163117
"22943",66,108,0.43580239,0,0.8130932,1.13799792,0.77634452,0.99380987,0.94249134,0.20395223
"22944",67,108,1.9343321,0,0.93629052,1.13799792,0.77634452,0.99380987,0.94249134,0.07457121
"22945",68,108,1.93278195,0,0.92427627,1.13799792,0.77634452,0.99380987,0.94249134,0.0467043
"22946",69,108,0.60037487,0,0.06725165,1.13799792,0.77634452,0.99380987,0.94249134,0.0861113
"22947",70,108,0.66692057,0.28694221,0.79781748,1.13799792,0.77634452,0.99380987,0.94249134,0.03844474
"22948",71,108,0.44522409,0.28694221,0.82360425,1.13799792,0.77634452,0.99380987,0.94249134,0.12765968
"22949",72,108,0.45223039,0,0.82989336,1.13799792,0.77634452,0.99380987,0.94249134,0.10336408
"22950",73,108,0.2873977,0,0.69154677,0.94363986,0.64375305,0.82407762,0.78152374,0.03874982
"22951",67,109,0.38677802,0.26332522,0.70436836,1.00504817,0.68564592,0.87770529,0.83238218,0.09859208
"22952",68,109,0.40727843,0.27588919,0.74432395,1.05774087,0.721593,0.92372166,0.87602235,0.07404414
"22953",69,109,0.40359538,0.27365204,0.73494776,1.04857657,0.71534109,0.9157185,0.86843246,0.0698312
"22954",70,109,0.34866619,0.23323087,0.63644145,0.90495776,0.61736404,0.79029666,0.74948718,0.06290126
"22955",71,109,0.29596764,0.19152113,0.54625573,0.75956268,0.51817522,0.66332362,0.62907079,0.07612156
"22956",72,109,0.15691119,0.10179373,0.28915535,0.40370863,0.27541086,0.35255743,0.33435201,0.04443643
"22957",60,102,0.38344524,0,1.05888295,1.16739736,0.79407557,1.01623624,0.96375964,0.32843715
"22958",61,102,1.97074635,0,0.98674425,1.16739736,0.79407557,1.01623624,0.96375964,0.50449402
"22959",62,102,0.44864487,0.28991401,0.82762631,1.16739736,0.79407557,1.01623624,0.96375964,0.49257814
"22960",63,102,0.4427604,0.29586021,0.85560309,1.16739736,0.79407557,1.01623624,0.96375964,0.41154542
"22961",60,103,0.3825877,0.29204147,0.97124494,1.163129,0.79117219,1.01252057,0.96023585,0.3210848
"22962",61,103,0.45160179,0.29371482,0.85893699,1.163129,0.79117219,1.01252057,0.96023585,0.32226388
"22963",62,103,0.45257345,0.30117138,0.85313565,1.163129,0.79117219,1.01252057,0.96023585,0.34894204
"22964",63,103,0.45892503,0.28921705,0.88128735,1.163129,0.79117219,1.01252057,0.96023585,0.1073516
"22965",64,103,0.46101948,0.25599692,0.8868449,1.163129,0.79117219,1.01252057,0.96023585,0.11036322
"22966",60,104,0.35090643,0.25489367,0.93536128,1.1588508,0.78826211,1.00879633,0.95670392,0.2523172
"22967",61,104,0.34445788,0.25488825,0.85998749,1.1588508,0.78826211,1.00879633,0.95670392,0.32273374
"22968",62,104,0.45210673,0.2919608,0.85312139,1.1588508,0.78826211,1.00879633,0.95670392,0.2378658
"22969",60,105,0.42166725,0.25396698,0.88130485,1.15456221,0.78534496,1.00506305,0.95316342,0.24734486
"22970",61,105,0.35389244,0.25396984,0.89292807,1.15456221,0.78534496,1.00506305,0.95316342,0.08146611
"22971",66,101,0.39910252,0.25755675,0.85048119,1.16966445,0.79645053,1.01994286,0.96727486,0.42491837
"22972",67,101,0.38632267,0.25008583,0.83012841,1.13573614,0.77334799,0.9903575,0.93921724,0.5044686
"22973",68,101,0.58834237,0.21803609,0.72674225,0.9901859,0.67423959,0.86343826,0.81885187,0.26387236
"22974",69,101,0.15785854,0,0.40457056,0.53080454,0.36143661,0.4628595,0.43895828,0
"22975",64,102,0.46077366,0.25672646,0.88349239,1.16541372,0.79355611,1.01623624,0.96375964,0.31195453
"22976",65,102,0.35769247,0.25693636,0.89999669,1.16541372,0.79355611,1.01623624,0.96375964,0.05255055
"22977",66,102,0.40441855,0.25672297,0.8917832,1.16541372,0.79355611,1.01623624,0.96375964,0.22725928
"22978",67,102,0.4022692,0.25666623,0.88269332,1.16541372,0.79355611,1.01623624,0.96375964,0.20830113
"22979",68,102,0.3967145,0.25662068,0.85121211,1.16541372,0.79355611,1.01623624,0.96375964,0.15147087
"22980",69,102,0.55042166,0.20882672,0.67222705,0.93831716,0.63892102,0.81820892,0.7759581,0.03213524
"22981",70,102,0.16178755,0.09308389,0.29638901,0.42038111,0.28624684,0.3665707,0.34764165,0.12572525
"22982",65,103,0.46257494,0.25599692,0.89044921,1.16115261,0.79065463,1.01252057,0.96023585,0.18439658
"22983",66,103,0.35640334,0.25599692,0.89673933,1.16115261,0.79065463,1.01252057,0.96023585,0.0819604
"22984",67,103,0.46008236,0.25599692,0.88413634,1.16115261,0.79065463,1.01252057,0.96023585,0.18184045
"22985",68,103,0.45696432,0.28949452,0.87318802,1.16115261,0.79065463,1.01252057,0.96023585,0.13076098
"22986",69,103,0.44682048,0.29234454,0.81626038,1.16115261,0.79065463,1.01252057,0.96023585,0.33739273
"22987",70,103,0.44666175,0.25730694,0.8170301,1.16115261,0.79065463,1.01252057,0.96023585,0.0841102
"22988",71,103,0.36046909,0.2058209,0.66340495,0.93295038,0.63526665,0.8135291,0.77151994,0.18305081
"22989",63,101,0.21954646,0.3150897,0.99328668,1.17701785,0.79744003,1.01994286,0.96727486,0.76804016
"22990",62,100,0.23712662,0.31623213,0.98037166,1.17554089,0.79996828,1.02364091,0.97078195,0.79626509
"22991",63,100,0.02348171,0.33060319,0.07282833,1.17554089,0.79996828,1.02364091,0.97078195,0.79433396
"22992",64,100,0.26492707,0.33060319,0.94145796,1.17554089,0.79996828,1.02364091,0.97078195,0.6733424
"22993",61,101,0.25873539,0.29626809,0.9740411,1.17129408,0.79707827,1.01994286,0.96727486,0.73373972
"22994",62,101,0.23540046,0.3150897,0.99435077,1.17129408,0.79707827,1.01994286,0.96727486,0.78616988
"22995",64,101,0.30259526,0.29670455,0.97322488,1.17129408,0.79707827,1.01994286,0.96727486,0.68748443
"22996",65,101,0.3463064,0.28313744,0.94353367,1.17129408,0.79707827,1.01994286,0.96727486,0.46641614
"22997",55,100,0.41128614,0,1.12634839,1.17653994,0.80007506,1.02364091,0.97078195,0.18340914
"22998",56,100,0.39823881,0,1.12464483,1.17653994,0.80007506,1.02364091,0.97078195,0.2284262
"22999",57,100,0.37870093,0,1.13566535,1.17653994,0.80007506,1.02364091,0.97078195,0.38711647
"23000",58,100,0.38330373,0,1.15598612,1.17653994,0.80007506,1.02364091,0.97078195,0.45292282
"23001",59,100,0.37834912,0,1.10054213,1.17653994,0.80007506,1.02364091,0.97078195,0.48448576
"23002",54,101,0.36443714,0,1.11130557,1.17228952,0.79718467,1.01994286,0.96727486,0.0684911
"23003",55,101,0.37358318,0,1.13350664,1.17228952,0.79718467,1.01994286,0.96727486,0.11022705
"23004",56,101,0.36919494,0.2716647,0.96632949,1.17228952,0.79718467,1.01994286,0.96727486,0.2085988
"23005",57,101,0.37384041,0.2716647,0.96625591,1.17228952,0.79718467,1.01994286,0.96727486,0.18597872
"23006",58,101,0.39707586,0,1.1521205,1.17228952,0.79718467,1.01994286,0.96727486,0.16242746
"23007",59,101,0.39985814,0,1.16602422,1.17228952,0.79718467,1.01994286,0.96727486,0.47691487
"23008",60,101,1.99919731,0,1.15507304,1.17228952,0.79718467,1.01994286,0.96727486,0.53830112
"23009",54,102,0.34807197,0.27067743,0.98435572,1.16802925,0.79428759,1.01623624,0.96375964,0.13634254
"23010",55,102,0.35694866,0,0.95860234,1.16802925,0.79428759,1.01623624,0.96375964,0.25708015
"23011",56,102,0.35077928,0,0.95225035,1.16802925,0.79428759,1.01623624,0.96375964,0.37526495
"23012",57,102,0.34801339,0.26254739,0.95095432,1.16802925,0.79428759,1.01623624,0.96375964,0.1045783
"23013",58,102,0.35168166,0.26898638,0.94438526,1.16802925,0.79428759,1.01623624,0.96375964,0.15256781
"23014",59,102,0.38082134,0,1.13634163,1.16802925,0.79428759,1.01623624,0.96375964,0.31816636
"23015",54,103,0.37300253,0,1.13873723,1.16375858,0.79138343,1.01252057,0.96023585,0.13522582
"23016",55,103,0.35223224,0.26209915,0.94335023,1.16375858,0.79138343,1.01252057,0.96023585,0.21753755
"23017",56,103,0.40236439,0.26474332,0.94580348,1.16375858,0.79138343,1.01252057,0.96023585,0.17605533
"23018",57,103,0.34046991,0,0.95644906,1.16375858,0.79138343,1.01252057,0.96023585,0.16549003
"23019",58,103,0.34868949,0,0.97675722,1.16375858,0.79138343,1.01252057,0.96023585,0.0834484
"23020",59,103,0.34492454,0.25580858,1.00037147,1.16375858,0.79138343,1.01252057,0.96023585,0.24915439
"23021",55,104,0.33084115,0.2584942,0.9386996,1.15947806,0.78847258,1.00879633,0.95670392,0.1931104
"23022",59,104,0.37058367,0,1.0191711,1.15947806,0.78847258,1.00879633,0.95670392,0.3536436
"23023",59,96,0.16292074,0,0.49313769,0.60686428,0.41249977,0.52782843,0.50057233,0.1643184
"23024",64,96,0.12210733,0.10656513,0.36818788,0.47083335,0.32003638,0.40951369,0.38836714,0.13832378
"23025",65,96,0.15931717,0.14191537,0.49407865,0.62702018,0.4262002,0.5453593,0.51719793,0.23474046
"23026",58,97,0.30932942,0.26924813,0.93691265,1.18961047,0.80860591,1.03467983,0.98125084,0.17574122
"23027",59,97,0.08092882,0.48204481,0.04598126,1.18961047,0.80860591,1.03467983,0.98125084,0.18314985
"23028",60,97,0.30339532,0.26924806,0.94375187,1.18961047,0.80860591,1.03467983,0.98125084,0.21430099
"23029",61,97,0.29096861,0,0.94382931,1.18961047,0.80860591,1.03467983,0.98125084,0.26522613
"23030",62,97,0.29167255,0.26924813,0.94185178,1.18961047,0.80860591,1.03467983,0.98125084,0.28721624
"23031",63,97,0.08038337,0.48861679,0.05410079,1.18961047,0.80860591,1.03467983,0.98125084,0.34141277
"23032",64,97,0.29886666,0.26924813,0.93522291,1.18961047,0.80860591,1.03467983,0.98125084,0.24339166
"23033",65,97,0.29319501,0,0.94232446,1.18961047,0.80860591,1.03467983,0.98125084,0.17280717
"23034",66,97,0.29141773,0,0.93927811,1.18560557,0.80588368,1.03119651,0.97794739,0.1787399
"23035",67,97,0.27049428,0,0.83721357,1.06487823,0.7238225,0.92619227,0.87836538,0.29391173
"23036",68,97,0.17772387,0,0.52420091,0.66112754,0.44938377,0.57502464,0.54533141,0.10914942
"23037",59,98,0.05107682,0.49804657,0.04148047,1.18538989,0.80573708,1.03100892,0.97776949,0.1927297
"23038",60,98,0.28212239,0,0.94146264,1.18538989,0.80573708,1.03100892,0.97776949,0.13203291
"23039",61,98,0.29515247,0,0.99991632,1.18538989,0.80573708,1.03100892,0.97776949,0.26038252
"23040",62,98,0.29268786,0,0.93602824,1.18538989,0.80573708,1.03100892,0.97776949,0.39723451
"23041",63,98,0.05107682,0.50635409,0,1.18538989,0.80573708,1.03100892,0.97776949,0.40516875
"23042",64,98,0.31302631,0,0.91693076,1.18538989,0.80573708,1.03100892,0.97776949,0.16375732
"23043",65,98,0.30626131,0,0.92287084,1.18538989,0.80573708,1.03100892,0.97776949,0.300551
"23044",59,99,0.31055031,0,0.92909289,1.17749655,0.8026365,1.02732943,0.97428001,0.53348602
"23045",60,99,1.4738733,0.2656099,0.9372673,1.18115945,0.80286155,1.02732943,0.97428001,0.55655249
"23046",61,99,1.47572241,0.2656099,0.94410371,1.18115945,0.80286155,1.02732943,0.97428001,0.36317923
"23047",62,99,0.29003494,0.2656099,0.94701252,1.18115945,0.80286155,1.02732943,0.97428001,0.50083834
"23048",63,99,0.29593577,0,0.94957102,1.18115945,0.80286155,1.02732943,0.97428001,0.4766888
"23049",60,100,0.34642364,0.3753781,0.86982925,1.17691861,0.79997895,1.02364091,0.97078195,0.56118853
"23050",61,100,0.27234977,0.33042564,0.98760828,1.17691861,0.79997895,1.02364091,0.97078195,0.76684472
"23051",56,95,0.15751084,0.13596514,0.46773046,0.59886755,0.40821602,0.52249347,0.49551286,0.11019657
"23052",53,96,0.22266623,0,0.71103983,0.80904764,0.5514023,0.70581096,0.66936416,0.20513116
"23053",54,96,0.24470096,0,0.74090747,0.91226819,0.6218445,0.79592587,0.7548257,0.24759853
"23054",55,96,0.25160726,0.2176175,0.77230843,0.95851082,0.65336562,0.83627113,0.79308761,0.07267145
"23055",56,96,0.21426572,0,0.67255169,0.8483579,0.57828026,0.74016611,0.70194528,0.28504893
"23056",57,96,0,0,0.03886523,0.62837405,0.42832902,0.54823699,0.51992702,0.31819564
"23057",53,97,0.31849677,0.26924806,0.9735156,1.18592137,0.80837924,1.03467983,0.98125084,0.14773001
"23058",54,97,0.31050982,0,0.94678971,1.18592137,0.80837924,1.03467983,0.98125084,0.23053781
"23059",55,97,0.30869996,0,0.95360051,1.18592137,0.80837924,1.03467983,0.98125084,0.59715685
"23060",56,97,0.29680692,0.26924813,0.9426377,1.18592137,0.80837924,1.03467983,0.98125084,0.40707137
"23061",57,97,0.29931352,0.26924813,0.93313216,1.18592137,0.80837924,1.03467983,0.98125084,0.26544826
"23062",54,98,0.30768155,0.26829287,0.9260706,1.18171387,0.80551122,1.03100892,0.97776949,0.1002515
"23063",55,98,0.30306704,0.26829287,0.9222225,1.18171387,0.80551122,1.03100892,0.97776949,0.16944477
"23064",56,98,0.30554427,0.2682928,0.91939132,1.18171387,0.80551122,1.03100892,0.97776949,0.11018664
"23065",57,98,0.08058423,0.47707443,0.04924072,1.18171387,0.80551122,1.03100892,0.97776949,0.08148014
"23066",58,98,0.08022472,0.48483313,0.04265661,1.18171387,0.80551122,1.03100892,0.97776949,0.17869758
"23067",54,99,0.31934815,0.26733538,0.91517743,1.17749655,0.8026365,1.02732943,0.97428001,0.13405357
"23068",55,99,0.30535578,0.26733538,0.91460957,1.17749655,0.8026365,1.02732943,0.97428001,0.08964039
"23069",56,99,0.30320617,0.26733538,0.91818888,1.17749655,0.8026365,1.02732943,0.97428001,0.108617
"23070",57,99,0.29812654,0.26733538,0.92115044,1.17749655,0.8026365,1.02732943,0.97428001,0.26174459
"23071",58,99,0.29825463,0.26733538,0.9222209,1.17749655,0.8026365,1.02732943,0.97428001,0.2480612
"23072",69,97,0,0,0.0351239,0.56857227,0.38747191,0.49604815,0.47043313,0.10152129
"23073",66,98,0.31365889,0,0.91481449,1.18174633,0.80533914,1.03100892,0.97776949,0.11623882
"23074",67,98,0.32184014,0,0.90810005,1.18174633,0.80533914,1.03100892,0.97776949,0.14569375
"23075",68,98,0.320499,0,0.91652537,1.18174633,0.80533914,1.03100892,0.97776949,0.11196657
"23076",69,98,0.33333168,0,0.93768866,1.17731387,0.8023185,1.02714184,0.9741021,0.17630514
"23077",70,98,0.23022397,0,0.62336821,0.79640055,0.54273283,0.69481584,0.65893681,0.20100956
"23078",71,98,0.148202,0,0.40014972,0.51523001,0.3511201,0.44950995,0.42629808,0.13379814
"23079",64,99,0.32155961,0,0.93625303,1.17752889,0.80246503,1.02732943,0.97428001,0.247202
"23080",65,99,0.33123118,0,0.91720195,1.17752889,0.80246503,1.02732943,0.97428001,0.34082348
"23081",66,99,1.06690153,0,0.94396956,1.17752889,0.80246503,1.02732943,0.97428001,0.29335294
"23082",67,99,1.18263734,0.2671343,0.9318045,1.17752889,0.80246503,1.02732943,0.97428001,0.29863161
"23083",68,99,0.33684699,0,0.92120532,1.17752889,0.80246503,1.02732943,0.97428001,0.15252938
"23084",69,99,0.3399485,0,0.92897798,1.17752889,0.80246503,1.02732943,0.97428001,0.1537668
"23085",70,99,0.33360397,0,0.91792816,1.17752889,0.80246503,1.02732943,0.97428001,0.20233359
"23086",71,99,0.34251504,0,0.94035016,1.17752889,0.80246503,1.02732943,0.97428001,0.09954861
"23087",72,99,0.14667605,0.14936862,0.40083804,0.52327141,0.35660017,0.45652563,0.43295148,0.18432586
"23088",65,100,0.38524291,0.34292031,0.88807978,1.17330109,0.79958385,1.02364091,0.97078195,0.53739957
"23089",66,100,0.39621129,0.34451245,0.87283977,1.17330109,0.79958385,1.02364091,0.97078195,0.47198158
"23090",67,100,0.08164932,0.34093269,0.06692347,1.15125069,0.7845569,1.00440314,0.95253759,0.38541048
"23091",68,100,0.23861117,0.26901773,0.70199898,0.93063429,0.63421074,0.81192742,0.77000097,0.26411494
"23092",69,100,0.15290967,0.15416048,0.41469551,0.54452012,0.37108079,0.47506397,0.45053253,0.05659927
"23093",71,100,0.10263372,0.10541622,0.28176653,0.36448508,0.24839011,0.31799326,0.30157266,0.06499292
"23094",50,98,0.37016018,0.46320201,0.92691889,1.18176256,0.80562953,1.03100892,0.97776949,0.06659217
"23095",51,98,0.0851237,0.45518263,0.06998821,1.18176256,0.80562953,1.03100892,0.97776949,0.07424371
"23096",52,98,0.33722944,0,0.92118996,1.18176256,0.80562953,1.03100892,0.97776949,0.07624582
"23097",53,98,0.33612868,0,0.92654842,1.18176256,0.80562953,1.03100892,0.97776949,0.18575562
"23098",50,99,0.31422759,0,1.01811991,1.17759358,0.80258291,1.02732943,0.97428001,0.27610461
"23099",51,99,0.32670621,0,0.92020722,1.17754506,0.80275438,1.02732943,0.97428001,0.0780845
"23100",52,99,0.33976392,0,0.9260591,1.17754506,0.80275438,1.02732943,0.97428001,0.04034381
"23101",53,99,0.33718775,0,0.92171784,1.17754506,0.80275438,1.02732943,0.97428001,0.170013
"23102",46,100,0.25297453,0.27964985,0.6014167,0.72793289,0.4962454,0.63507284,0.60227883,0.18411262
"23103",47,100,0.40015784,0.45860865,0.83291065,1.14347003,0.7795248,0.99760124,0.94608693,0.24606133
"23104",48,100,0.0835095,0.46787757,0.0694881,1.1733172,0.79987217,1.02364091,0.97078195,0.43511216
"23105",49,100,0.41295183,0.44437876,0.84133652,1.1733172,0.79987217,1.02364091,0.97078195,0.28172467
"23106",50,100,0.31620987,0,0.93192456,1.1733172,0.79987217,1.02364091,0.97078195,0.20918003
"23107",51,100,1.48726692,0,0.93423935,1.1733172,0.79987217,1.02364091,0.97078195,0.2281435
"23108",52,100,0.33144955,0,0.91474186,1.1733172,0.79987217,1.02364091,0.97078195,0.04892203
"23109",53,100,0.3365492,0,0.91272534,1.1733172,0.79987217,1.02364091,0.97078195,0.06967726
"23110",54,100,0.35740173,0,0.95976988,1.1733172,0.79987217,1.02364091,0.97078195,0.09201759
"23111",48,101,0.3271192,0,0.90560172,1.16907843,0.79698252,1.01994286,0.96727486,0.32510224
"23112",49,101,0.31704352,0,0.90458538,1.16907843,0.79698252,1.01994286,0.96727486,0.1737031
"23113",50,101,0.31530958,0,0.92666312,1.16907843,0.79698252,1.01994286,0.96727486,0.12369183
"23114",51,101,0.28341213,0,0.93246166,1.16907843,0.79698252,1.01994286,0.96727486,0.11465657
"23115",52,101,0.29349174,0,0.93493742,1.16907843,0.79698252,1.01994286,0.96727486,0.16644363
"23116",53,101,1.47851997,0,0.92611983,1.16907843,0.79698252,1.01994286,0.96727486,0.305107
"23117",48,102,0.33123733,0.26215267,0.91096562,1.16482982,0.79408617,1.01623624,0.96375964,0.18465874
"23118",49,102,0.28476517,0,0.91376379,1.16482982,0.79408617,1.01623624,0.96375964,0.10102808
"23119",50,102,0.29020738,0,0.924174,1.16482982,0.79408617,1.01623624,0.96375964,0.21778178
"23120",51,102,0.30285703,0.27142562,0.88760252,1.16482982,0.79408617,1.01623624,0.96375964,0.06025547
"23121",52,102,0.29191027,0,0.92854128,1.16482982,0.79408617,1.01623624,0.96375964,0.12978174
"23122",53,102,0.30096622,0,0.96276207,1.16482982,0.79408617,1.01623624,0.96375964,0.14037054
"23123",49,103,0.30943119,0,0.92292324,1.16057085,0.79118275,1.01252057,0.96023585,0.05030803
"23124",50,103,0.29288296,0,0.9367922,1.16057085,0.79118275,1.01252057,0.96023585,0.19291515
"23125",51,103,0.27814215,0,0.92805918,1.16057085,0.79118275,1.01252057,0.96023585,0.30400617
"23126",52,103,0.30171931,0,0.91220835,1.16057085,0.79118275,1.01252057,0.96023585,0.05644482
"23127",53,103,0.3033876,0,0.91575047,1.16057085,0.79118275,1.01252057,0.96023585,0.12742363
"23128",49,95,0.13860711,0,0.49940286,0.50391624,0.34344155,0.43961516,0.41691423,0.16545256
"23129",51,95,0.15257519,0,0.53380086,0.55646243,0.37925414,0.48545631,0.46038823,0.015165
"23130",46,96,0.23040068,0,0.85989318,0.82315237,0.56101531,0.71811589,0.68103369,0.05791117
"23131",47,96,0.26997764,0,0.96691224,0.9678476,0.65963161,0.84434762,0.80074704,0.0627321
"23132",48,96,0.31811901,0.45923165,0.9349057,1.19000699,0.81104321,1.03815886,0.98455022,0.01667484
"23133",49,96,0.32198801,0,1.12018347,1.19021602,0.81118567,1.03834121,0.98472316,0.08273196
"23134",50,96,0.32080618,0,1.10822537,1.19021602,0.81118567,1.03834121,0.98472316,0.08019144
"23135",51,96,0.32823195,0,1.12083563,1.18492811,0.80758172,1.03372806,0.98034822,0.2172664
"23136",52,96,0.28540932,0,0.99558569,1.00124456,0.68239314,0.87348303,0.82837795,0.50389823
"23137",45,97,0.31214232,0,0.95846194,1.18601909,0.80832528,1.03467983,0.98125084,0.04681752
"23138",46,97,0.33142218,0,1.16887189,1.18601909,0.80832528,1.03467983,0.98125084,0.16689778
"23139",47,97,0.32788164,0,1.17871982,1.18601909,0.80832528,1.03467983,0.98125084,0.10985237
"23140",48,97,0.31472263,0,0.91777339,1.18601909,0.80832528,1.03467983,0.98125084,0.15518029
"23141",49,97,0.31065122,0,0.9266081,1.18601909,0.80832528,1.03467983,0.98125084,0.05180113
"23142",50,97,0.32171208,0,1.1542456,1.18601909,0.80832528,1.03467983,0.98125084,0.05180368
"23143",51,97,0.3223364,0,1.09416164,1.18601909,0.80832528,1.03467983,0.98125084,0.06746189
"23144",52,97,0.31406834,0.26924813,1.08082143,1.18601909,0.80832528,1.03467983,0.98125084,0.08611271
"23145",42,98,0.25110357,0.3617265,0.93361901,1.18181125,0.80545744,1.03100892,0.97776949,0.01916591
"23146",43,98,0.25115788,0.36522492,0.93291182,1.18181125,0.80545744,1.03100892,0.97776949,0.00033436
"23147",44,98,0.31310543,0.45399752,0.93823429,1.18181125,0.80545744,1.03100892,0.97776949,0.06018533
"23148",45,98,0.33332889,0,1.16147472,1.18181125,0.80545744,1.03100892,0.97776949,0.22213388
"23149",46,98,0.34330513,0,1.22370153,1.18181125,0.80545744,1.03100892,0.97776949,0.08404879
"23150",47,98,0.33015762,0,1.20701319,1.18181125,0.80545744,1.03100892,0.97776949,0.113493
"23151",48,98,0.31499826,0,0.91759044,1.18181125,0.80545744,1.03100892,0.97776949,0.07321747
"23152",49,98,0.31098701,0.43120848,0.92126942,1.18181125,0.80545744,1.03100892,0.97776949,0.04294389
"23153",42,99,0.00995065,0.14283013,0.028818,0.46927112,0.31982934,0.40939085,0.38825065,0.01697148
"23154",45,99,0.16417999,0,0.59384254,0.58903911,0.40145661,0.51387612,0.48734049,0.04919908
"23155",46,99,0.36500347,0,1.30756555,1.17759358,0.80258291,1.02732943,0.97428001,0.1354542
"23156",47,99,0.31365954,0.44637594,0.92594212,1.17759358,0.80258291,1.02732943,0.97428001,0.1068668
"23157",48,99,0.37080089,0.45176282,0.93529691,1.17759358,0.80258291,1.02732943,0.97428001,0.12974755
"23158",49,99,0.31134233,0.4522101,0.92736873,1.17759358,0.80258291,1.02732943,0.97428001,0.21223555
"23159",30,92,0.20054884,0,0.60074859,0.76006437,0.51925864,0.66480817,0.63047868,0.04583806
"23160",31,92,0.12619868,0,0.38466885,0.47693359,0.32583015,0.41716118,0.39561973,0.02074666
"23161",32,92,0.27587488,0,0.83857935,1.04092414,0.71113563,0.91046877,0.86345381,0.10178713
"23162",33,92,0.20053894,0,0.61125402,0.75700189,0.51716642,0.6621295,0.62793833,0.06382936
"23163",31,93,0.11732094,0,0.35521619,0.44117291,0.30139927,0.38588226,0.365956,0.09279078
"23164",32,93,0.25556428,0,0.77567818,0.96737672,0.66088971,0.84613879,0.80244572,0.19126872
"23165",33,93,0.31312493,0,0.95498517,1.18328427,0.80839282,1.0349874,0.98154253,0.12323096
"23166",34,93,0.25377397,0,0.77487549,0.95870532,0.6549656,0.83855415,0.79525273,0.03475463
"23167",33,94,0.21319807,0,0.6491369,0.80215958,0.54801713,0.70162774,0.66539696,0.11284883
"23168",34,94,0.31589519,0,0.96185976,1.19545961,0.81671073,1.04563685,0.99164206,0.16955134
"23169",35,94,0.31340146,0,0.95177462,1.1861301,0.81033702,1.03747657,0.98390317,0.2646617
"23170",36,94,0.02601773,0.37076718,0.07658026,1.19545961,0.81671073,1.04563685,0.99164206,0.01793892
"23171",37,94,0.02345783,0.33509944,0.06905139,1.07758027,0.73617826,0.94253091,0.89386033,0.0738215
"23172",38,94,0.30078737,0,0.92614023,1.1389801,0.77812522,0.99623572,0.94479192,0.19304164
"23173",34,95,0.16073013,0,0.48836285,0.60496005,0.41329491,0.52914253,0.50181857,0.08397628
"23174",35,95,0.02283623,0.32624964,0.06721698,1.04925804,0.71682916,0.91775822,0.87036685,0.03249587
"23175",36,95,0.02591352,0.35508904,0.07670962,1.19129429,0.81386508,1.04199356,0.9881869,0.04590411
"23176",37,95,0.02592984,0.366425,0.07637216,1.19129429,0.81386508,1.04199356,0.9881869,0.05388317
"23177",36,96,0.01950247,0.26431307,0.0575824,0.89368614,0.61054598,0.78168359,0.74131887,0.02955836
"23178",37,96,0.31312223,0,0.98462873,1.18711863,0.81101236,1.03834121,0.98472316,0.01541883
"23179",36,97,0.11482588,0,0.35909117,0.43440345,0.29677453,0.37996119,0.36034068,0.00645028
"23180",40,93,0.10904396,0,0.35683749,0.41486618,0.28329471,0.3626303,0.34390473,0.01718455
"23181",41,93,0.23483682,0,0.7681612,0.89387821,0.61039193,0.78132983,0.74098338,0.03148474
"23182",39,94,0.2479121,0.29149842,0.92656007,1.16635293,0.79645349,1.01949721,0.96685222,0.35295568
"23183",40,94,0.25348554,0.35007525,0.94620026,1.19625792,0.81687435,1.04563685,0.99164206,0.06528524
"23184",41,94,0.25447183,0,0.95119023,1.19625792,0.81687435,1.04563685,0.99164206,0.04911735
"23185",42,94,0.28590626,0,0.93033265,1.09115005,0.7451006,0.95376314,0.90451254,0.25438895
"23186",38,95,0.25366537,0.36903287,0.94633129,1.19208981,0.81402813,1.04199356,0.9881869,0.05902863
"23187",39,95,0.25290142,0.29772259,0.94471568,1.19208981,0.81402813,1.04199356,0.9881869,0.04289697
"23188",40,95,0,0.38429272,0.93690648,1.19208981,0.81402813,1.04199356,0.9881869,0.00633412
"23189",41,95,0.25263428,0.29967375,0.94333678,1.19208981,0.81402813,1.04199356,0.9881869,0.07008444
"23190",42,95,0.30804992,0,0.99352723,1.18697392,0.8105347,1.03752181,0.98394606,0.26914209
"23191",43,95,0.15472696,0,0.61970084,0.55832854,0.38125914,0.48802928,0.46282834,0.16943824
"23192",38,96,0.25192329,0.29602763,0.94103391,1.18791136,0.81117484,1.03834121,0.98472316,0
"23193",39,96,0.25169184,0.29604101,0.9399489,1.18791136,0.81117484,1.03834121,0.98472316,0.0432774
"23194",40,96,0.25167526,0.29617229,0.93982934,1.18791136,0.81117484,1.03834121,0.98472316,0.01279988
"23195",41,96,0.25196739,0.29623281,0.94120288,1.18791136,0.81117484,1.03834121,0.98472316,0.00955268
"23196",42,96,0.31108461,0,1.008121,1.18791136,0.81117484,1.03834121,0.98472316,0.15427475
"23197",43,96,0.32829217,0,1.31250432,1.18791136,0.81117484,1.03834121,0.98472316,0.15667424
"23198",44,96,0.30023562,0,0.95453811,1.14134921,0.7793795,0.99764172,0.94612531,0.14367345
"23199",45,96,0.29143494,0,1.15863946,1.03302866,0.70541194,0.90295983,0.85633262,0.04782727
"23200",37,97,0.24981129,0.33562139,0.93285527,1.17669093,0.80351288,1.02853355,0.97542194,0.00926969
"23201",38,97,0.25125192,0.29496125,0.93872696,1.18363214,0.80825274,1.03460079,0.98117588,0.0026522
"23202",39,97,0.25126503,0.29498378,0.93877347,1.18372256,0.80831448,1.03467983,0.98125084,0.03892564
"23203",40,97,0.25150866,0.29498378,0.93988277,1.18372256,0.80831448,1.03467983,0.98125084,0.0263822
"23204",41,97,0.25102416,0.29498378,0.93766445,1.18372256,0.80831448,1.03467983,0.98125084,0.00568053
"23205",42,97,0.25167352,0.29520788,0.94064263,1.18372256,0.80831448,1.03467983,0.98125084,0.01974425
"23206",43,97,0.31006815,0,0.99874836,1.18372256,0.80831448,1.03467983,0.98125084,0.1013877
"23207",44,97,0.3101608,0.45561397,0.97758373,1.18372256,0.80831448,1.03467983,0.98125084,0.05679324
"23208",38,98,0.16486449,0,0.53601476,0.62585103,0.42736742,0.54705001,0.51880134,0.12139191
"23209",39,98,0.25059486,0.29441227,0.9368077,1.17952286,0.80544669,1.03100892,0.97776949,0.1188276
"23210",40,98,0.25064706,0.34288185,0.93626665,1.17952286,0.80544669,1.03100892,0.97776949,0.02142099
"23211",41,98,0.25068509,0.35308684,0.93443009,1.17952286,0.80544669,1.03100892,0.97776949,0.00546362
"23212",39,99,0.07741696,0.09092267,0.28921157,0.36426938,0.24874428,0.31840415,0.30196234,0.03622673
"23213",40,99,0.09958899,0.1365323,0.37191752,0.46920784,0.32040235,0.41012979,0.38895143,0.03625787
"23214",41,99,0.11170973,0.15966798,0.41690889,0.52596583,0.35916,0.45974137,0.43600116,0
"23215",34,101,0.09284576,0,0.4174046,0.39039331,0.2668989,0.34171134,0.32406599,0.00222252
"23216",38,101,0.14225401,0.18104003,0.5964253,0.72315303,0.49439563,0.63297599,0.60029026,0
"23217",39,101,0.15016772,0.19264599,0.6223716,0.77150186,0.52745011,0.67529574,0.64042469,0.17717858
"23218",40,101,0.09827675,0,0.40424328,0.507356,0.34686239,0.44408881,0.42115687,0.27980642
"23219",41,101,0.20443338,0.25005826,0.87612392,1.00050501,0.68401193,0.87574224,0.8305205,0.22364211
"23220",42,101,0,0.2734291,0.91212113,1.1652492,0.79664204,1.01994286,0.96727486,0.22468955
"23221",43,101,0.22587175,0.2912275,0.92030761,1.1652492,0.79664204,1.01994286,0.96727486,0.3021123
"23222",44,101,0.22652598,0.29125227,0.92753652,1.1652492,0.79664204,1.01994286,0.96727486,0.42908823
"23223",33,102,0.22699116,0,1.02407272,0.94641147,0.64702998,0.82839415,0.78561738,0.09447527
"23224",34,102,0.28476323,0,1.28571437,1.16101451,0.79374693,1.01623624,0.96375964,0.10227487
"23225",35,102,0.2693264,0,0.96792675,1.12698364,0.77048116,0.98644901,0.93551057,0.02152572
"23226",36,102,0.17217303,0,0.61340412,0.72331567,0.49450682,0.63311835,0.60042527,0.00651715
"23227",37,102,0.21584078,0,0.77001597,0.90295441,0.61731984,0.79035618,0.74954362,0.00152065
"23228",38,102,0.22381641,0.28957378,0.91912838,1.15967095,0.79282838,1.01506021,0.96264434,0.10690366
"23229",39,102,0.2243102,0.28982601,0.92164806,1.16101451,0.79374693,1.01623624,0.96375964,0.1688709
"23230",40,102,0,0.48129063,0.90027131,1.16101451,0.79374693,1.01623624,0.96375964,0.16515041
"23231",41,102,0,0,0.90601851,1.16101451,0.79374693,1.01623624,0.96375964,0.15101457
"23232",42,102,0,0,0.91587174,1.16101451,0.79374693,1.01623624,0.96375964,0.08766167
"23233",43,102,0,0,0.90868395,1.16101451,0.79374693,1.01623624,0.96375964,0.2186973
"23234",44,102,0,0,0.90103523,1.16101451,0.79374693,1.01623624,0.96375964,0.26897437
"23235",45,102,0.02150814,0.29016492,0.07522371,1.16101451,0.79374693,1.01623624,0.96375964,0.23683667
"23236",32,103,0.11022027,0,0.39529595,0.4622388,0.31601726,0.40459771,0.38370502,0.02495876
"23237",33,103,0.24311438,0,0.87558842,1.01656526,0.69499179,0.88979978,0.84385213,0.03060471
"23238",34,103,0.27569807,0,0.99387908,1.15676949,0.79084475,1.01252057,0.96023585,0.01209439
"23239",35,103,0.27244977,0,0.96876274,1.15676949,0.79084475,1.01252057,0.96023585,0
"23240",36,103,0.27574245,0,0.9968458,1.15676949,0.79084475,1.01252057,0.96023585,0
"23241",37,103,0.22356464,0.2891133,0.91730202,1.15676949,0.79084475,1.01252057,0.96023585,0.0050742
"23242",38,103,0.22352443,0.28902858,0.91673905,1.15676949,0.79084475,1.01252057,0.96023585,0.03241424
"23243",39,103,0,0.40890725,0.8981629,1.15676949,0.79084475,1.01252057,0.96023585,0.01120908
"23244",40,103,0,0.28621213,0.89866068,1.15676949,0.79084475,1.01252057,0.96023585,0.00394988
"23245",41,103,0,0,0.90773923,1.15676949,0.79084475,1.01252057,0.96023585,0.00761925
"23246",35,104,0.1636195,0,0.58907243,0.68630284,0.46920238,0.60072101,0.56970087,0.00793684
"23247",36,104,0.23837285,0,0.86027843,1.00027764,0.68385649,0.87554322,0.83033175,0.02914262
"23248",37,104,0.22129981,0.28607693,0.90599637,1.14454358,0.7824863,1.00181922,0.9500871,0.00816639
"23249",38,104,0.22275446,0.28805322,0.91329666,1.15251468,0.78793588,1.00879633,0.95670392,0.00623042
"23250",39,104,0,0.45584852,0.88396941,1.15251468,0.78793588,1.00879633,0.95670392,0.01541561
"23251",40,104,0,0,0.90094535,1.15251468,0.78793588,1.00879633,0.95670392,0
"23252",41,104,0,0,0.89083072,1.15251468,0.78793588,1.00879633,0.95670392,0.00292079
"23253",38,105,0.12161929,0.15679206,0.50006773,0.62831132,0.42955551,0.54996103,0.52156204,0.01802767
"23254",39,105,0,0.4519942,0.08089199,1.13622815,0.77680132,0.99454072,0.94318445,0.00264414
"23255",40,105,0,0.48740032,0.9115079,1.14824954,0.78501994,1.00506305,0.95316342,0.00596009
"23256",41,105,0,0.29991772,0.91214848,1.14999778,0.78533448,1.00506305,0.95316342,0
"23257",39,106,0.12815783,0.16550244,0.52690219,0.66214637,0.45268741,0.57957685,0.54964856,0.04336057
"23258",40,106,0,0.64854068,0.8878333,1.14397406,0.78209694,1.00132072,0.94961434,0.00610858
"23259",41,106,0,0,0.90711979,1.14397406,0.78209694,1.00132072,0.94961434,0.01048243
"23260",39,107,0.14168895,0.17419617,0.57626194,0.69692844,0.47646675,0.61002161,0.5785212,0.03135204
"23261",40,107,0,0.28019701,0.905584,1.13968878,0.77916724,0.99756982,0.94605713,0.01539945
"23262",39,108,0,0.29137054,0.5694421,0.72464673,0.49541682,0.63428342,0.60153018,0.05332182
"23263",40,108,0,0.27936768,0.9090385,1.13539318,0.77623048,0.99380987,0.94249134,0.01366599
"23264",41,108,0,0.27630192,0.90215753,1.13539318,0.77623048,0.99380987,0.94249134,0
"23265",36,109,0.13319717,0.20140536,0.54916734,0.68786725,0.47027192,0.60209034,0.57099949,0.01257345
"23266",37,109,0.16381657,0.24732545,0.67425682,0.84767995,0.57953053,0.74197443,0.70366022,0.019605
"23267",38,109,0.12516068,0.18817192,0.51336758,0.64787301,0.44292919,0.56708338,0.53780022,0.00299329
"23268",39,109,0,0.47830682,0.85026292,1.07087965,0.73212473,0.93734117,0.88893857,0.02431666
"23269",40,109,0,0.44890818,0.90229485,1.13108778,0.77328702,0.99004136,0.93891742,0.04287353
"23270",41,109,0,0.29543514,0.85147006,1.13108778,0.77328702,0.99004136,0.93891742,0
"23271",42,109,0,0,0.88395727,1.13108778,0.77328702,0.99004136,0.93891742,0.01036458
"23272",43,109,0,0,0.89259495,1.13108778,0.77328702,0.99004136,0.93891742,0.01390531
"23273",38,110,0,0.46100001,0.90569446,1.12677204,0.7703365,0.9862638,0.93533492,0.05852708
"23274",39,110,0,0.28728262,0.91814085,1.12677204,0.7703365,0.9862638,0.93533492,0.04444046
"23275",40,110,0,0.27573818,0.89887699,1.12677204,0.7703365,0.9862638,0.93533492,0.02216663
"23276",41,110,0,0.42168456,0.88581372,1.12677204,0.7703365,0.9862638,0.93533492,0.01355307
"23277",42,110,0,0.63878853,0.88785188,1.12677204,0.7703365,0.9862638,0.93533492,0
"23278",43,110,0.21784382,0.28155186,0.89467911,1.12677204,0.7703365,0.9862638,0.93533492,0
"23279",44,110,0.21833363,0.28145629,0.90097944,1.12677204,0.7703365,0.9862638,0.93533492,0.04978814
"23280",36,111,0.14116705,0,0.49867732,0.5956126,0.40720048,0.52133983,0.49441878,0.10600997
"23281",37,111,0.26650949,0,0.95898808,1.11106591,0.75959873,0.97251621,0.92229724,0.02028507
"23282",38,111,0.26333244,0,0.94936607,1.09873881,0.75117111,0.9617263,0.9120645,0.07455522
"23283",39,111,0.18827672,0.24335306,0.77487497,0.97397581,0.66587481,0.85252122,0.80849858,0.0838756
"23284",40,111,0,0.34482728,0.70826025,0.85549494,0.58487338,0.74881489,0.71014745,0.0719406
"23285",41,111,0.19516012,0.25166518,0.8038254,1.00686819,0.68836223,0.88131193,0.83580258,0.11832894
"23286",42,111,0.22881333,0,0.83521141,0.94277133,0.64454134,0.82520793,0.78259569,0.08679281
"23287",43,111,0.26826331,0,1.22101314,1.11659575,0.7633793,0.97735648,0.92688757,0.12330076
"23288",37,112,0.15354344,0,0.55652505,0.63886676,0.43677191,0.5592002,0.53032412,0.04221642
"23289",42,100,0.10792985,0.13720107,0.45286277,0.54975312,0.37542688,0.48046749,0.45565702,0.05954857
"23290",43,100,0.20243477,0,0.72703277,0.83928161,0.57314614,0.73350658,0.69562963,0.09031089
"23291",44,100,0.1894344,0,0.67926419,0.78660604,0.53717395,0.68746973,0.65197005,0.29081884
"23292",45,101,0.22857217,0.28784836,0.95547214,1.15338415,0.78764703,1.00802263,0.95597017,0.36462545
"23293",46,101,0.25699217,0,0.93773277,1.06596399,0.72794773,0.93162007,0.8835129,0.23434279
"23294",47,101,0.29731206,0.36351741,0.90001368,1.04098353,0.71088855,0.90978791,0.86280812,0.26024797
"23295",46,102,0.27467406,0,0.95638126,1.16278219,0.79406496,1.01623624,0.96375964,0.04550385
"23296",47,102,0.26959163,0.44749248,0.91781397,1.16278219,0.79406496,1.01623624,0.96375964,0.04310701
"23297",42,103,0,0.26119357,0.90410606,1.15853071,0.79116162,1.01252057,0.96023585,0
"23298",43,103,0,0.2611935,0.90677945,1.15853071,0.79116162,1.01252057,0.96023585,0.03273629
"23299",44,103,0.2240364,0.28911258,0.91232794,1.15853071,0.79116162,1.01252057,0.96023585,0.0199806
"23300",45,103,0.02158407,0.33014158,0.07403153,1.15853071,0.79116162,1.01252057,0.96023585,0.0141907
"23301",46,103,0.36548372,0,0.91655505,1.15853071,0.79116162,1.01252057,0.96023585,0.02501558
"23302",42,104,0,0.65338252,0.90363375,1.15426942,0.78825159,1.00879633,0.95670392,0
"23303",43,104,0.22314089,0.2879903,0.90969802,1.15426942,0.78825159,1.00879633,0.95670392,0.03094254
"23304",44,104,0.22214022,0.2880693,0.91282848,1.15426942,0.78825159,1.00879633,0.95670392,0.01745527
"23305",42,105,0,0,0.90589929,1.14999778,0.78533448,1.00506305,0.95316342,0.00890452
"23306",43,105,0.22183893,0.2867696,0.90798452,1.14999778,0.78533448,1.00506305,0.95316342,0.04179953
"23307",44,105,0.22176377,0.28680091,0.91022106,1.14999778,0.78533448,1.00506305,0.95316342,0
"23308",45,105,0.35683871,0,0.96322008,1.14999778,0.78533448,1.00506305,0.95316342,0.04170452
"23309",42,106,0,0.64854068,0.88994592,1.14571579,0.7824103,1.00132072,0.94961434,0.00863931
"23310",43,106,0.22123603,0.28588244,0.90372518,1.14571579,0.7824103,1.00132072,0.94961434,0.00292372
"23311",44,106,0.2211671,0.3245972,0.90612805,1.14571579,0.7824103,1.00132072,0.94961434,0.00272775
"23312",41,107,0,0,0.89374139,1.14142399,0.77947943,0.99756982,0.94605713,0.00377171
"23313",42,107,0,0.64611128,0.89568956,1.14142399,0.77947943,0.99756982,0.94605713,0
"23314",43,107,0.22019447,0.28449417,0.90545651,1.14142399,0.77947943,0.99756982,0.94605713,0.0165885
"23315",44,107,0.27333355,0,0.99375818,1.14142399,0.77947943,0.99756982,0.94605713,0.03002376
"23316",45,107,0.2738312,0.44735871,0.96419566,1.14132978,0.77912562,0.99756982,0.94605713,0.04277571
"23317",42,108,0,0,0.90331136,1.13712185,0.77654149,0.99380987,0.94249134,0
"23318",43,108,0,0.52279173,0.87884526,1.13712185,0.77654149,0.99380987,0.94249134,0
"23319",44,108,0.27149851,0,0.97771471,1.13712185,0.77654149,0.99380987,0.94249134,0.02105252
"23320",45,108,0.28150561,0,1.19010216,1.13712185,0.77654149,0.99380987,0.94249134,0.06449168
"23321",44,109,0.21839729,0.28271367,0.89737279,1.13280989,0.77359685,0.99004136,0.93891742,0.00495717
"23322",45,110,0.26806432,0,0.94877347,1.12848759,0.77064515,0.9862638,0.93533492,0.22084793
"23323",46,110,0.23302888,0,1.18549256,1.12848759,0.77064515,0.9862638,0.93533492,0.17030033
"23324",44,111,0.2698246,0,0.97337625,1.12415602,0.76768712,0.98247814,0.93174475,0.10371653
"23325",45,111,0.23602515,0,1.18807863,1.12415602,0.76768712,0.98247814,0.93174475,0.36388948
"23326",49,132,0.13430219,0,0.5085725,0.65517384,0.44595568,0.57073715,0.54126532,0.05104776
"23327",42,133,0,0,0.85894493,1.02765921,0.70095465,0.89705066,0.85072859,0
"23328",43,133,0,0,0.89232097,1.02976323,0.70092658,0.89705066,0.85072859,0.00207347
"23329",44,133,0,0,0.88720722,1.02765921,0.70095465,0.89705066,0.85072859,0
"23330",48,133,0,0.19450894,0.07009248,1.02976323,0.70092658,0.89705066,0.85072859,0
"23331",49,133,0,0.19450894,0.06999504,1.02976323,0.70092658,0.89705066,0.85072859,0.00213795
"23332",50,133,0.16623199,0,0.62745132,0.81063537,0.55177332,0.70616329,0.6696983,0.02009711
"23333",42,134,0,0,0.80352778,1.0251978,0.69781904,0.8930736,0.8469569,0.00400868
"23334",43,134,0,0,0.82917611,1.0251978,0.69781904,0.8930736,0.8469569,0.01231105
"23335",44,134,0,0.19364659,0.06844237,1.0251978,0.69781904,0.8930736,0.8469569,0
"23336",45,134,0,0.19364659,0.06849868,1.0251978,0.69781904,0.8930736,0.8469569,0.01683172
"23337",46,134,0,0.18784996,0.07035394,1.0251978,0.69781904,0.8930736,0.8469569,0.00363812
"23338",47,134,0,0.18864704,0.0703567,1.0251978,0.69781904,0.8930736,0.8469569,0.01230029
"23339",48,134,0,0.19364659,0.06975071,1.0251978,0.69781904,0.8930736,0.8469569,0.01373781
"23340",49,134,0.21135378,0,0.78690799,1.0251978,0.69781904,0.8930736,0.8469569,0.02146225
"23341",50,134,0.21172339,0,0.78489581,1.0251978,0.69781904,0.8930736,0.8469569,0.08404938
"23342",51,134,0.10194156,0,0.37795817,0.49363126,0.33599886,0.43001365,0.40780853,0.19245848
"23343",45,135,0,0.15898007,0.78854263,1.02062307,0.69470517,0.88908845,0.84317754,0.00399723
"23344",46,135,0,0.18404103,0.07103244,1.02062307,0.69470517,0.88908845,0.84317754,0.00109708
"23345",47,135,0,0.19642634,0.07241771,1.02062307,0.69470517,0.88908845,0.84317754,0.00658459
"23346",48,135,0,0.18561045,0.07053058,1.02062307,0.69470517,0.88908845,0.84317754,0
"23347",49,135,0.21197828,0,0.79745588,1.02062307,0.69470517,0.88908845,0.84317754,0.04479204
"23348",50,135,0.2136137,0,0.81774595,1.02062307,0.69470517,0.88908845,0.84317754,0.05631376
"23349",51,135,0.17544861,0,0.67551344,0.84382483,0.57436432,0.7350754,0.69711744,0.09252173
"23350",46,136,0,0.19048399,0.06940348,1.01603905,0.69158497,0.8850952,0.83939049,0
"23351",47,136,0,0.19700303,0.06971336,1.01603905,0.69158497,0.8850952,0.83939049,0.01365545
"23352",48,136,0.21101022,0,0.79525262,1.01603905,0.69158497,0.8850952,0.83939049,0.00298571
"23353",49,136,0.21096578,0,0.7930891,1.01603905,0.69158497,0.8850952,0.83939049,0.00113259
"23354",50,136,0.21159754,0,0.80119797,1.01603905,0.69158497,0.8850952,0.83939049,0.01330574
"23355",51,136,0.21414323,0,0.83782916,1.01603905,0.69158497,0.8850952,0.83939049,0.01754338
"23356",52,136,0.17912746,0,0.69635761,0.86876284,0.59133882,0.75679948,0.71771973,0.01333861
"23357",43,137,0.27286086,0,0.79373161,1.00756275,0.68844963,0.88109434,0.83559623,0.01461678
"23358",44,137,0.27086831,0,0.79841827,1.00756275,0.68844963,0.88109434,0.83559623,0.04177654
"23359",45,137,0.21100722,0,0.78270072,1.00756275,0.68844963,0.88109434,0.83559623,0.03016851
"23360",46,137,0.20818943,0,0.7863733,1.00756275,0.68844963,0.88109434,0.83559623,0.01157856
"23361",47,137,0.20767018,0,0.78733572,1.01144628,0.68845882,0.88109434,0.83559623,0
"23362",48,137,0.20888354,0,0.774363,1.01144628,0.68845882,0.88109434,0.83559623,0.01938472
"23363",49,137,0.21095447,0,0.80151111,1.01144628,0.68845882,0.88109434,0.83559623,0.01542106
"23364",50,137,0.20958012,0,0.78382929,1.01144628,0.68845882,0.88109434,0.83559623,0.00623406
"23365",51,137,0.21329174,0,0.82966064,1.01144628,0.68845882,0.88109434,0.83559623,0.01958441
"23366",52,137,0.19421128,0,0.7402631,0.93970175,0.63962464,0.81859601,0.7763252,0.05195552
"23367",43,138,0.08133412,0,0.24486522,0.31093413,0.21245574,0.27190595,0.25786522,0.02901401
"23368",44,138,0.0602753,0,0.22944471,0.29283669,0.20009008,0.25608008,0.24285657,0.04715917
"23369",46,123,0,0.4811088,0.87703956,1.07126223,0.73142236,0.9363794,0.88802647,0.00179309
"23370",47,123,0,0.35857995,0.86363428,1.07271413,0.7316861,0.9363794,0.88802647,0.00775067
"23371",43,124,0,0,0.92286795,1.06825074,0.72864168,0.93248328,0.88433154,0.00587975
"23372",44,124,0,0,0.93495934,1.06825074,0.72864168,0.93248328,0.88433154,0
"23373",45,124,0,0.39965149,0.86193487,1.06825074,0.72864168,0.93248328,0.88433154,0
"23374",46,124,0,0.19599598,0.07454798,1.06825074,0.72864168,0.93248328,0.88433154,0.00373527
"23375",47,124,0,0.21150417,0.07339333,1.06825074,0.72864168,0.93248328,0.88433154,0.04169228
"23376",48,124,0,0.20774664,0.07427516,1.06825074,0.72864168,0.93248328,0.88433154,0.020242
"23377",49,124,0,0.21190558,0.07512931,1.06825074,0.72864168,0.93248328,0.88433154,0
"23378",43,125,0,0.19580297,0.07258616,1.06377809,0.72559093,0.92857907,0.88062893,0
"23379",44,125,0,0.45175954,0.83555615,1.06377809,0.72559093,0.92857907,0.88062893,0.02494059
"23380",45,125,0,0.19150939,0.07399285,1.06377809,0.72559093,0.92857907,0.88062893,0.01444926
"23381",46,125,0,0.20845295,0.07441695,1.06377809,0.72559093,0.92857907,0.88062893,0.03333657
"23382",47,125,0.22052849,0,0.85852953,1.06377809,0.72559093,0.92857907,0.88062893,0.06023631
"23383",48,125,0.21940589,0,0.83819616,1.06377809,0.72559093,0.92857907,0.88062893,0.03571773
"23384",49,125,0.2195157,0,0.83878615,1.06377809,0.72559093,0.92857907,0.88062893,0.04970439
"23385",43,126,0,0.19152421,0.81120358,1.05929562,0.72253349,0.92466629,0.8769182,0.00873701
"23386",44,126,0,0.2059864,0.07286207,1.05929562,0.72253349,0.92466629,0.8769182,0.01884807
"23387",45,126,0,0.19267804,0.06848827,1.05929562,0.72253349,0.92466629,0.8769182,0.00852295
"23388",46,126,0,0.19023636,0.07221833,1.05929562,0.72253349,0.92466629,0.8769182,0.00286026
"23389",47,126,0,0.22387849,0.07350292,1.05929562,0.72253349,0.92466629,0.8769182,0.01798701
"23390",48,126,0.22456064,0,0.87998548,1.05929562,0.72253349,0.92466629,0.8769182,0
"23391",49,126,0.22117656,0,0.85418836,1.05929562,0.72253349,0.92466629,0.8769182,0.03051735
"23392",50,126,0.22051474,0,0.84109449,1.05929562,0.72253349,0.92466629,0.8769182,0.03525434
"23393",41,127,0,0.16479769,0.82438349,1.05480387,0.71946972,0.92074541,0.87319979,0.14193314
"23394",42,127,0.21779156,0,0.84389022,1.05480387,0.71946972,0.92074541,0.87319979,0.22377738
"23395",43,127,0.21886884,0,0.84675609,1.05062194,0.71661727,0.91709498,0.86973786,0.18853769
"23396",44,127,0.21198432,0,0.81238733,1.0199957,0.69572746,0.89036113,0.84438449,0.40475984
"23397",45,127,0.17366251,0,0.668065,0.83572882,0.57004112,0.72951333,0.69184259,0.2597382
"23398",46,127,0.20014365,0,0.77313985,0.96353333,0.65721512,0.84107474,0.79764317,0.06994662
"23399",47,127,0.21935009,0,0.83369022,1.05480387,0.71946972,0.92074541,0.87319979,0.02891117
"23400",48,127,0.2213067,0,0.86006347,1.05480387,0.71946972,0.92074541,0.87319979,0.00869011
"23401",49,127,0.18880988,0,0.7312969,0.90744895,0.6189606,0.79211831,0.75121476,0.02636383
"23402",50,127,0.13281215,0,0.51136491,0.64213701,0.43799435,0.56052573,0.5315812,0
"23403",37,128,0,0.32704579,0.8121238,1.05030285,0.71639962,0.91681644,0.86947371,0.03401259
"23404",38,128,0,0.27379708,0.81592604,1.05030285,0.71639962,0.91681644,0.86947371,0.01200363
"23405",39,128,0,0.29413455,0.82115383,1.05030285,0.71639962,0.91681644,0.86947371,0.01709922
"23406",40,128,0.19923672,0.32533232,0.82249236,1.05030285,0.71639962,0.91681644,0.86947371,0.15881236
"23407",41,128,0.21657584,0,0.83051114,1.05030285,0.71639962,0.91681644,0.86947371,0.19001529
"23408",42,128,0.21731038,0,0.8369236,1.05030285,0.71639962,0.91681644,0.86947371,0.09857006
"23409",43,128,0.20919046,0,0.81201416,1.01711138,0.6937601,0.88784339,0.84199677,0.20801919
"23410",44,128,0.15644052,0,0.60374046,0.75508357,0.51503391,0.65911754,0.62508191,0.11020387
"23411",47,128,0.09080516,0,0.34684644,0.43394688,0.29599023,0.37879516,0.35923487,0.03264618
"23412",36,129,0,0.26537391,0.8262018,1.04579256,0.7133232,0.91287938,0.86573995,0
"23413",37,129,0,0.26190187,0.80620569,1.04579256,0.7133232,0.91287938,0.86573995,0.00895249
"23414",38,129,0,0.25945459,0.80533875,1.04579256,0.7133232,0.91287938,0.86573995,0.01835588
"23415",39,129,0,0.26042289,0.8200831,1.04579256,0.7133232,0.91287938,0.86573995,0.00976478
"23416",40,129,0,0.25967755,0.81894507,1.04579256,0.7133232,0.91287938,0.86573995,0.02012644
"23417",41,129,0,0.31538251,0.81357798,1.04579256,0.7133232,0.91287938,0.86573995,0.0386926
"23418",42,129,0,0.1633898,0.07125755,1.04579256,0.7133232,0.91287938,0.86573995,0.00862387
"23419",43,129,0,0.1633898,0.07092306,1.04579256,0.7133232,0.91287938,0.86573995,0.03849518
"23420",44,129,0.21529995,0,0.81849018,1.04579256,0.7133232,0.91287938,0.86573995,0.10627882
"23421",45,129,0.21470031,0,0.82504349,1.04255697,0.71111625,0.91005502,0.86306143,0.11553467
"23422",46,129,0.18462999,0,0.71029641,0.88877398,0.60622262,0.7758168,0.73575503,0.03982192
"23423",47,129,0.17141039,0,0.66035902,0.82575208,0.56323609,0.72080456,0.68358352,0.03998694
"23424",35,130,0,0.25609606,0.82271074,1.04127299,0.71024046,0.90893422,0.86199851,0
"23425",36,130,0,0.26017819,0.06994212,1.04127299,0.71024046,0.90893422,0.86199851,0
"23426",37,130,0,0,0.8766449,1.04127299,0.71024046,0.90893422,0.86199851,0
"23427",38,130,0,0,0.87162266,1.04127299,0.71024046,0.90893422,0.86199851,0
"23428",39,130,0,0,0.86420585,1.04127299,0.71024046,0.90893422,0.86199851,0.0031531
"23429",40,130,0,0.3181019,0.80702303,1.04127299,0.71024046,0.90893422,0.86199851,0.0230598
"23430",41,130,0,0.18776703,0.07074244,1.04127299,0.71024046,0.90893422,0.86199851,0.01568224
"23431",42,130,0.21328872,0,0.81276775,1.04127299,0.71024046,0.90893422,0.86199851,0.01918205
"23432",43,130,0.21365254,0,0.81165926,1.04127299,0.71024046,0.90893422,0.86199851,0.13303766
"23433",44,130,0.21416071,0,0.81001158,1.04127299,0.71024046,0.90893422,0.86199851,0.02675517
"23434",45,130,0.21382601,0,0.81023719,1.04127299,0.71024046,0.90893422,0.86199851,0.10876471
"23435",46,130,0.20919704,0,0.79795224,1.01954898,0.69542276,0.88997118,0.84401469,0.20119743
"23436",36,131,0,0.24271841,0.06720071,1.03487796,0.70711363,0.90498097,0.8582494,0
"23437",37,131,0,0,0.07920314,1.03674416,0.70715139,0.90498097,0.8582494,0
"23438",38,131,0,0,0.89267511,1.03674416,0.70715139,0.90498097,0.8582494,0
"23439",39,131,0,0.33406814,0.80716975,1.03674416,0.70715139,0.90498097,0.8582494,0.00469021
"23440",40,131,0,0.34237988,0.80654743,1.03674416,0.70715139,0.90498097,0.8582494,0.01126306
"23441",41,131,0,0.19622842,0.07055574,1.03674416,0.70715139,0.90498097,0.8582494,0
"23442",42,131,0.21312685,0,0.80422244,1.03674416,0.70715139,0.90498097,0.8582494,0.01168275
"23443",43,131,0.21303621,0,0.80627349,1.03674416,0.70715139,0.90498097,0.8582494,0.0250659
"23444",44,131,0.21280667,0,0.80684819,1.03674416,0.70715139,0.90498097,0.8582494,0.03029638
"23445",45,131,0.21301703,0,0.80540297,1.03674416,0.70715139,0.90498097,0.8582494,0.00906825
"23446",46,131,0.21233878,0,0.80875953,1.03674416,0.70715139,0.90498097,0.8582494,0.02919298
"23447",47,131,0.211808,0,0.80659079,1.03419856,0.70541507,0.9027589,0.85614207,0.02572838
"23448",48,131,0.15580117,0,0.59371016,0.76061166,0.51880456,0.66394305,0.62965824,0.07004007
"23449",37,132,0,0,0.83626305,1.03220659,0.70405637,0.9010201,0.85449306,0
"23450",38,132,0,0,0.79913437,1.03220659,0.70405637,0.9010201,0.85449306,0
"23451",39,132,0,0.02572839,0.06903124,1.03220659,0.70405637,0.9010201,0.85449306,0
"23452",40,132,0,0.19536959,0.0691762,1.03220659,0.70405637,0.9010201,0.85449306,0.02556139
"23453",41,132,0,0.19536965,0.069438,1.03220659,0.70405637,0.9010201,0.85449306,0.02262686
"23454",42,132,0,0.19536958,0.05586793,1.03220659,0.70405637,0.9010201,0.85449306,0
"23455",43,132,0,0.19536964,0.06976985,1.03220659,0.70405637,0.9010201,0.85449306,0
"23456",44,132,0,0.19557931,0.06940805,1.03220659,0.70405637,0.9010201,0.85449306,0
"23457",45,132,0,0,0.07039746,1.03220659,0.70405637,0.9010201,0.85449306,0.0124004
"23458",46,132,0,0,0.07033627,1.03220659,0.70405637,0.9010201,0.85449306,0.00754266
"23459",47,132,0.21156026,0,0.80335193,1.03220659,0.70405637,0.9010201,0.85449306,0.0144709
"23460",48,132,0.21137997,0,0.80495723,1.03220659,0.70405637,0.9010201,0.85449306,0.04410347
"23461",40,133,0,0,0.80705695,1.02765921,0.70095465,0.89705066,0.85072859,0
"23462",41,133,0,0,0.83999157,1.02765921,0.70095465,0.89705066,0.85072859,0
"23463",45,133,0,0,0.87482103,1.02765921,0.70095465,0.89705066,0.85072859,0
"23464",46,133,0,0,0.89189606,1.02765921,0.70095465,0.89705066,0.85072859,0
"23465",47,133,0,0.02460864,0.07010173,1.02765921,0.70095465,0.89705066,0.85072859,0
"23466",34,120,0.12305212,0,0.41323889,0.5278004,0.36036463,0.46134495,0.43752194,0
"23467",36,120,0.13585422,0.15972794,0.47449839,0.58289812,0.39798352,0.5095053,0.48319537,0
"23468",37,120,0.20889164,0.24486999,0.74453842,0.89360858,0.61012633,0.78109415,0.74075987,0
"23469",39,120,0.09670868,0,0.34737375,0.41168563,0.28108531,0.35985021,0.3412682,0.00326607
"23470",33,121,0.21388683,0,0.72463062,0.91859595,0.62718688,0.80293536,0.76147323,0.02551341
"23471",34,121,0.24629658,0,0.82940093,1.05180147,0.7181352,0.91936894,0.8718944,0.03714145
"23472",35,121,0,0.43402283,0.87773715,1.05868711,0.72283649,0.92538762,0.87760228,0.00117643
"23473",36,121,0.24930933,0.29598638,0.86630786,1.08014859,0.73748967,0.94414688,0.89539285,0.00014936
"23474",37,121,0,0.32386106,0.88656312,1.07398032,0.73327819,0.93875526,0.89027964,0.03714182
"23475",38,121,0,0.31525347,0.86425794,1.06038715,0.72399721,0.9268736,0.87901153,0.01195929
"23476",39,121,0,0.42160815,0.88140071,1.08014859,0.73748967,0.94414688,0.89539285,0.0051669
"23477",40,121,0.25347252,0,0.8874726,1.07961423,0.73712483,0.9436798,0.89494989,0.01838284
"23478",41,121,0,0.4212039,0.7976904,0.98166219,0.67024642,0.85806092,0.81375221,0.00494781
"23479",42,121,0,0,0.64882031,0.79262252,0.5411764,0.69282327,0.65704713,0.01766169
"23480",43,121,0.1899949,0.20403071,0.65368642,0.80571555,0.54995966,0.70402073,0.66766638,0.07112188
"23481",34,122,0,0.25874825,0.86919632,1.06276534,0.72562097,0.92895235,0.88098294,0
"23482",35,122,0,0.4376037,0.89310654,1.07571032,0.73445937,0.94026742,0.89171372,0
"23483",36,122,0,0.28146147,0.88964242,1.07571032,0.73445937,0.94026742,0.89171372,0
"23484",37,122,0,0.25218233,0.87547958,1.07571032,0.73445937,0.94026742,0.89171372,0
"23485",38,122,0,0.3694491,0.88366269,1.07571032,0.73445937,0.94026742,0.89171372,0.00206759
"23486",39,122,0,0.45097022,0.88825302,1.07571032,0.73445937,0.94026742,0.89171372,0.00121123
"23487",40,122,0,0.37311886,0.8849623,1.07571032,0.73445937,0.94026742,0.89171372,0
"23488",41,122,0.25191034,0.29477019,0.89899272,1.07571032,0.73445937,0.94026742,0.89171372,0.00041649
"23489",42,122,0.25173595,0,0.89628353,1.07571032,0.73445937,0.94026742,0.89171372,0.07964683
"23490",43,122,0.24984929,0,0.85408157,1.07571032,0.73445937,0.94026742,0.89171372,0.03477068
"23491",44,122,0,0.56683781,0.8687455,1.07571032,0.73445937,0.94026742,0.89171372,0.01531723
"23492",45,122,0,0.57582692,0.85752454,1.07571032,0.73445937,0.94026742,0.89171372,0.00898486
"23493",35,123,0,0.53115395,0.87670263,1.07126223,0.73142236,0.9363794,0.88802647,0.0057112
"23494",36,123,0,0.33147724,0.88671921,1.07126223,0.73142236,0.9363794,0.88802647,0
"23495",37,123,0,0.25279288,0.88497248,1.07126223,0.73142236,0.9363794,0.88802647,0.00483703
"23496",38,123,0,0.25113956,0.89502513,1.07126223,0.73142236,0.9363794,0.88802647,0
"23497",39,123,0,0.25113956,0.88874392,1.07126223,0.73142236,0.9363794,0.88802647,0
"23498",40,123,0,0.27680418,0.87073505,1.07126223,0.73142236,0.9363794,0.88802647,0
"23499",41,123,0,0.30243659,0.85896816,1.07126223,0.73142236,0.9363794,0.88802647,0.01555351
"23500",42,123,0,0.3684114,0.88107812,1.07126223,0.73142236,0.9363794,0.88802647,0
"23501",43,123,0,0.37268768,0.86208118,1.07126223,0.73142236,0.9363794,0.88802647,0.01277298
"23502",44,123,0,0.42246555,0.87191204,1.07126223,0.73142236,0.9363794,0.88802647,0
"23503",45,123,0,0.3971246,0.87732268,1.07126223,0.73142236,0.9363794,0.88802647,0
"23504",35,124,0.10991874,0,0.37013319,0.47126684,0.32176538,0.41192954,0.39065824,0.01935517
"23505",36,124,0.2378262,0,0.81550635,1.02957249,0.70295799,0.89993882,0.85346762,0.1274406
"23506",37,124,0,0.26178375,0.88422377,1.06680489,0.72837904,0.93248328,0.88433154,0.0491465
"23507",38,124,0,0.26023255,0.88362006,1.06680489,0.72837904,0.93248328,0.88433154,0.0540665
"23508",39,124,0,0.25073782,0.87975262,1.06680489,0.72837904,0.93248328,0.88433154,0.00496743
"23509",40,124,0,0.32261881,0.87182647,1.06680489,0.72837904,0.93248328,0.88433154,0.0086285
"23510",41,124,0,0,0.9628371,1.06680489,0.72837904,0.93248328,0.88433154,0.00448152
"23511",42,124,0,0,0.96096542,1.06680489,0.72837904,0.93248328,0.88433154,0.02369261
"23512",35,125,0.08330689,0,0.27301457,0.35957019,0.24550261,0.31429664,0.29806693,0.1152138
"23513",36,125,0.23908594,0,0.85634803,1.04144603,0.71106485,0.91031736,0.86331022,0.17985003
"23514",37,125,0.24350901,0,0.86036195,1.06233829,0.72532939,0.92857907,0.88062893,0.05743072
"23515",38,125,0,0.25651318,0.88534942,1.06233829,0.72532939,0.92857907,0.88062893,0.01597506
"23516",39,125,0,0.25332117,0.88077189,1.06233829,0.72532939,0.92857907,0.88062893,0.01406656
"23517",40,125,0,0.2566239,0.87151499,1.06233829,0.72532939,0.92857907,0.88062893,0.06550514
"23518",41,125,0,0.20131389,0.81641206,1.06233829,0.72532939,0.92857907,0.88062893,0.01794036
"23519",42,125,0,0.2013453,0.81722208,1.06233829,0.72532939,0.92857907,0.88062893,0.01497507
"23520",34,126,0.11956383,0,0.40390456,0.51418091,0.35133063,0.44964136,0.4264227,0.05144349
"23521",35,126,0,0.45888844,0.86965853,1.05786188,0.72227305,0.92466629,0.8769182,0.03282782
"23522",36,126,0,0.36370816,0.85797937,1.05786188,0.72227305,0.92466629,0.8769182,0.07581381
"23523",37,126,0,0.28074025,0.86326518,1.05786188,0.72227305,0.92466629,0.8769182,0.15213025
"23524",38,126,0,0.25681059,0.86847581,1.05786188,0.72227305,0.92466629,0.8769182,0.31583821
"23525",39,126,0.24237959,0,0.85231854,1.05786188,0.72227305,0.92466629,0.8769182,0.25376903
"23526",40,126,0,0,0.82894775,1.05786188,0.72227305,0.92466629,0.8769182,0.20737569
"23527",41,126,0,0.18889888,0.83144083,1.05786188,0.72227305,0.92466629,0.8769182,0.08085186
"23528",42,126,0,0.19377119,0.8272427,1.05786188,0.72227305,0.92466629,0.8769182,0.02074998
"23529",35,127,0,0.40515886,0.76032104,0.93113675,0.63574933,0.81389715,0.77186898,0.08560886
"23530",36,127,0,0.34051537,0.85731103,1.05337622,0.71921038,0.92074541,0.87319979,0.20391016
"23531",37,127,0.24090866,0,0.83473471,1.05337622,0.71921038,0.92074541,0.87319979,0.35280338
"23532",38,127,0.24112688,0,0.84422524,1.05337622,0.71921038,0.92074541,0.87319979,0.43265315
"23533",39,127,0.24143703,0,0.85080039,1.05337622,0.71921038,0.92074541,0.87319979,0.26839278
"23534",40,127,0.23899309,0,0.85758863,1.05337622,0.71921038,0.92074541,0.87319979,0.13892465
"23535",35,128,0,0.27045401,0.84587417,1.03798496,0.70870174,0.90729207,0.86044116,0.02709371
"23536",36,128,0,0.26043259,0.84226952,1.05030285,0.71639962,0.91681644,0.86947371,0.02702461
"23537",35,129,0,0.30481263,0.83331152,1.0443771,0.71306609,0.91287938,0.86573995,0
"23538",29,124,0.14488577,0,0.50791516,0.63099293,0.43114621,0.55179125,0.52329775,0.0218357
"23539",30,124,0.2084822,0,0.72860037,0.9116369,0.62290522,0.79720902,0.7560426,0.00857984
"23540",32,124,0.08508768,0,0.30176497,0.36903715,0.2521565,0.32271593,0.30605146,0
"23541",26,125,0.10159386,0,0.35723415,0.43699932,0.29859384,0.38214755,0.36241414,0.00151136
"23542",30,125,0,0.24904417,0.88234274,1.06184907,0.72554251,0.92856669,0.88061719,0
"23543",31,125,0.10719627,0,0.37430102,0.47082469,0.32170611,0.41172719,0.39046634,0
"23544",32,125,0,0.30311186,0.92536402,1.06186323,0.72555218,0.92857907,0.88062893,0.00171871
"23545",33,125,0.09241423,0,0.32316977,0.40124546,0.27416386,0.35088148,0.3327626,0.0125507
"23546",25,126,0.175896,0,0.60799449,0.77301528,0.52818754,0.67598707,0.64108032,0
"23547",26,126,0.21930168,0,0.76628949,0.95448948,0.65218562,0.83468279,0.79158128,0.00761894
"23548",27,126,0,0.22374322,0.70721512,0.85836545,0.58650579,0.75062416,0.71186329,0
"23549",30,126,0.20536064,0,0.71440003,0.89117159,0.60892163,0.7793125,0.73907022,0
"23550",31,126,0,0.23280049,0.64025228,0.78826844,0.53860975,0.68932566,0.65373014,0
"23551",32,126,0,0.08576477,0.28889777,0.36567509,0.24985926,0.31977586,0.30326322,0
"23552",33,126,0.11538306,0,0.40485503,0.49250253,0.33651818,0.43068404,0.40844429,0.00354362
"23553",26,127,0,0.11643148,0.41115206,0.49642866,0.33920084,0.43411736,0.41170033,0
"23554",27,127,0,0.15128519,0.51767893,0.6414657,0.43830206,0.56094948,0.53198307,0
"23555",28,127,0,0.23564303,0.67050763,0.83562864,0.57097013,0.73074125,0.6930071,0
"23556",30,127,0,0.23841117,0.81396629,1.01651319,0.69456531,0.88892133,0.84301905,0
"23557",31,127,0,0.1652367,0.55645546,0.68480721,0.46791654,0.5988508,0.56792723,0
"23558",32,127,0,0.25978081,0.80026237,0.9744822,0.66584629,0.85216604,0.80816173,0.00423966
"23559",33,127,0,0.30194283,0.77943321,0.95303032,0.6511886,0.83340678,0.79037116,0.00552925
"23560",34,127,0,0.22778088,0.55998403,0.68322554,0.46683581,0.59746766,0.56661552,0.04373922
"23561",28,128,0,0.08595811,0.29195141,0.3664994,0.2504225,0.32049672,0.30394685,0
"23562",29,128,0,0.13957706,0.4793164,0.59511439,0.40663104,0.52041615,0.4935428,0
"23563",30,128,0,0.2762682,0.61375384,0.7547202,0.51568684,0.65998837,0.62590777,0
"23564",31,128,0,0.32897808,0.83106849,1.02015674,0.69705489,0.89210755,0.84604073,0.00578734
"23565",32,128,0,0.38455041,0.77865824,0.96052705,0.65631098,0.83996252,0.79658838,0.00293141
"23566",33,128,0,0.31549205,0.8474634,1.03045201,0.70408946,0.90111056,0.85457885,0
"23567",34,128,0,0.25892938,0.82603176,1.00893806,0.68938936,0.88229703,0.83673681,0.0028509
"23568",26,129,0,0.13908314,0.31496895,0.39571153,0.27038262,0.34604216,0.32817317,0
"23569",30,129,0,0.3618551,0.71818079,0.86107525,0.58835734,0.75299383,0.71411059,0
"23570",31,129,0,0.38072555,0.84625825,1.04391007,0.71328511,0.91287938,0.86573995,0
"23571",32,129,0,0.37159652,0.85415088,1.04391007,0.71328511,0.91287938,0.86573995,0
"23572",33,129,0,0.3625415,0.82069934,1.00024624,0.68345039,0.87469619,0.82952847,0.00123153
"23573",34,129,0,0.32480393,0.84859224,1.03858304,0.70964524,0.90822099,0.86132211,0
"23574",27,130,0,0.3622113,0.75371897,0.91489497,0.6251314,0.80005815,0.75874459,0
"23575",28,130,0,0.24519531,0.8482411,1.03167814,0.70492725,0.90218279,0.85559571,0
"23576",29,130,0,0.25165703,0.74637684,0.90738464,0.61999972,0.7934905,0.75251609,0
"23577",31,130,0,0.37399093,0.78293937,0.93591292,0.63949258,0.81843794,0.77617529,0.00651903
"23578",32,130,0,0.30718744,0.87659486,1.03939864,0.71020253,0.90893422,0.86199851,0.00251746
"23579",33,130,0,0.29855601,0.82419741,1.03441898,0.70680002,0.9045796,0.85786875,0
"23580",34,130,0,0.2468168,0.84973763,1.03939864,0.71020253,0.90893422,0.86199851,0
"23581",24,131,0,0.13009257,0.31455766,0.38971045,0.26628219,0.34079433,0.32319633,0
"23582",26,131,0,0.35418286,0.05041553,0.68913679,0.47087486,0.60263693,0.57151786,0
"23583",27,131,0,0.35606595,0.75531461,0.89820987,0.61373077,0.78546735,0.74490724,0.00075598
"23584",28,131,0,0.33929259,0.75390806,0.89616759,0.61233531,0.78368141,0.74321352,0
"23585",29,131,0,0.30613883,0.76235222,0.96277568,0.65784743,0.84192891,0.79845323,0
"23586",30,131,0,0.33176161,0.06143016,0.88493856,0.60466272,0.77386184,0.73390102,0.00709625
"23587",31,131,0,0.27243606,0.53549977,0.67375895,0.46036746,0.58918931,0.55876464,0
"23588",32,131,0,0.3018697,0.80747091,1.01467236,0.6933075,0.88731156,0.8414924,0
"23589",33,131,0,0.25199696,0.06901102,1.03441299,0.70679592,0.90457436,0.85786378,0
"23590",34,131,0,0.25118853,0.81975643,1.03487796,0.70711363,0.90498097,0.8582494,0
"23591",35,131,0,0.24461153,0.82021813,1.03487796,0.70711363,0.90498097,0.8582494,0
"23592",27,132,0,0.18679227,0.43372041,0.51697673,0.35324097,0.45208626,0.42874134,0
"23593",28,132,0,0.18282249,0.61593519,0.77949985,0.53261833,0.6816577,0.64645813,0
"23594",29,132,0,0.24165609,0.07173068,1.03034856,0.70401878,0.9010201,0.85449306,0
"23595",30,132,0,0.24340729,0.81683355,1.03034856,0.70401878,0.9010201,0.85449306,0.00252946
"23596",31,132,0,0.26248467,0.06944455,1.02488106,0.70028293,0.89623887,0.84995872,0
"23597",32,132,0,0.29096761,0.72782814,0.91864742,0.62769538,0.80333959,0.76185659,0
"23598",33,132,0,0.24575765,0.81568032,1.03034856,0.70401878,0.9010201,0.85449306,0.0105465
"23599",34,132,0,0,0.07422878,1.03034856,0.70401878,0.9010201,0.85449306,0.00289906
"23600",35,132,0,0.2519801,0.07018959,1.03034856,0.70401878,0.9010201,0.85449306,0
"23601",36,132,0,0,0.82181572,1.03220659,0.70405637,0.9010201,0.85449306,0
"23602",29,133,0,0.21851307,0.06475194,0.93167372,0.63659602,0.81473084,0.77265962,0
"23603",30,133,0,0.23848626,0.06815162,1.01683333,0.69478406,0.88920129,0.84328455,0
"23604",31,133,0,0.24446668,0.81285213,1.02580937,0.70091722,0.89705066,0.85072859,0
"23605",32,133,0,0.24343423,0.8118775,1.02580937,0.70091722,0.89705066,0.85072859,0
"23606",33,133,0,0.33660425,0.81679464,1.02580937,0.70091722,0.89705066,0.85072859,0.01390778
"23607",34,133,0,0.33711815,0.81330601,1.02580937,0.70091722,0.89705066,0.85072859,0
"23608",35,133,0,0,0.85363662,1.02580937,0.70091722,0.89705066,0.85072859,0
"23609",36,133,0,0,0.81395161,1.02580937,0.70091722,0.89705066,0.85072859,0
"23610",37,133,0,0,0.82201989,1.02580937,0.70091722,0.89705066,0.85072859,0
"23611",38,133,0,0,0.82342198,1.02580937,0.70091722,0.89705066,0.85072859,0
"23612",39,133,0,0,0.82376763,1.02580937,0.70091722,0.89705066,0.85072859,0
"23613",28,134,0,0.2264044,0.52282042,0.6585341,0.44996459,0.57587547,0.54613831,0
"23614",29,134,0,0.14182019,0.47936272,0.60467845,0.41316598,0.52877973,0.5014745,0
"23615",30,134,0,0.23348443,0.06586396,0.9669931,0.66072912,0.84561696,0.80195083,0
"23616",31,134,0,0,0.07357412,1.02126146,0.69780972,0.8930736,0.8469569,0
"23617",32,134,0,0.26155765,0.07088372,1.02126146,0.69780972,0.8930736,0.8469569,0
"23618",33,134,0,0.26155765,0.07103392,1.02126146,0.69780972,0.8930736,0.8469569,0
"23619",34,134,0,0,0.82613928,1.02126146,0.69780972,0.8930736,0.8469569,0
"23620",35,134,0,0.31144995,0.06818172,1.02126146,0.69780972,0.8930736,0.8469569,0
"23621",36,134,0,0,0.79422266,1.02126146,0.69780972,0.8930736,0.8469569,0
"23622",37,134,0,0,0.79580266,1.02126146,0.69780972,0.8930736,0.8469569,0
"23623",38,134,0,0,0.79576387,1.02126146,0.69780972,0.8930736,0.8469569,0
"23624",39,134,0,0.15832282,0.07094844,1.02126146,0.69780972,0.8930736,0.8469569,0.01138208
"23625",40,134,0,0.19079568,0.07144069,1.02126146,0.69780972,0.8930736,0.8469569,0.0026137
"23626",41,134,0,0,0.85265798,1.02126146,0.69780972,0.8930736,0.8469569,0.00477733
"23627",19,135,0,0.3229569,0.04286365,0.59856738,0.4089904,0.52343572,0.49640645,0
"23628",20,135,0,0,0.03751108,0.65085063,0.44471461,0.56915642,0.53976621,0
"23629",25,135,0,0.22772265,0.04173415,0.57437739,0.39246182,0.50228204,0.4763451,0
"23630",26,135,0,0.5641727,0.05769699,0.99608817,0.68060926,0.87106004,0.82608008,0
"23631",27,135,0,0.53181156,0.0548213,0.93895212,0.64156921,0.82109566,0.77869577,0
"23632",28,135,0,0.25262635,0.62286923,0.80045844,0.54693896,0.69998559,0.6638396,0.00344208
"23633",29,135,0,0.22008955,0.59407085,0.76085631,0.51987953,0.66535428,0.63099659,0.00240886
"23634",30,135,0,0.36200466,0.77908497,0.98210252,0.67105312,0.85882986,0.81448144,0
"23635",31,135,0,0.57276571,0.07223879,1.01125966,0.69097567,0.88432722,0.83866216,0
"23636",32,135,0,0,0.07324581,1.0167043,0.69469589,0.88908845,0.84317754,0
"23637",33,135,0,0,0.05859667,1.0167043,0.69469589,0.88908845,0.84317754,0
"23638",34,135,0,0,0.85695961,1.0167043,0.69469589,0.88908845,0.84317754,0
"23639",35,135,0,0.30344331,0.82612178,1.0167043,0.69469589,0.88908845,0.84317754,0
"23640",36,135,0,0.19278248,0.07270581,1.0167043,0.69469589,0.88908845,0.84317754,0.0029504
"23641",37,135,0,0.19278248,0.07259169,1.0167043,0.69469589,0.88908845,0.84317754,0
"23642",38,135,0,0,0.86083724,1.0167043,0.69469589,0.88908845,0.84317754,0
"23643",39,135,0,0,0.87577208,1.0167043,0.69469589,0.88908845,0.84317754,0
"23644",40,135,0,0.19278248,0.07244538,1.0167043,0.69469589,0.88908845,0.84317754,0.00106081
"23645",41,135,0,0.1861335,0.07153587,1.0167043,0.69469589,0.88908845,0.84317754,0.01179436
"23646",42,135,0,0.18839879,0.79560648,1.0167043,0.69469589,0.88908845,0.84317754,0.00433205
"23647",43,135,0,0.19278243,0.07149325,1.0167043,0.69469589,0.88908845,0.84317754,0.00113506
"23648",44,135,0,0.19278248,0.78066903,1.0167043,0.69469589,0.88908845,0.84317754,0.00168629
"23649",19,136,0,0.22814664,0.38098913,0.48104646,0.32869046,0.42066593,0.3989435,0.01069093
"23650",20,136,0,0.19272812,0.05776953,0.82173446,0.56147648,0.71859106,0.68148432,0
"23651",23,136,0,0.16458224,0.03239759,0.47134411,0.32206102,0.41218141,0.39089711,0
"23652",24,136,0,0.32689098,0.06160606,0.88753402,0.60643615,0.77613152,0.7360535,0
"23653",25,136,0,0.35026475,0.83278396,0.99169652,0.67760852,0.86721963,0.82243798,0
"23654",26,136,0,0.31331696,0.85008988,1.01213788,0.69157574,0.8850952,0.83939049,0.00440428
"23655",27,136,0,0.29846541,0.05021329,0.69537526,0.4751375,0.60809236,0.57669157,0
"23656",29,136,0,0,0.05201235,0.9024605,0.61663515,0.78918444,0.74843239,0
"23657",30,136,0,0.54053157,0.05524942,0.95434792,0.6520889,0.834559,0.79146388,0.00193229
"23658",31,136,0,0,0.07291684,1.01213788,0.69157574,0.8850952,0.83939049,0.00034809
"23659",32,136,0,0,0.07291684,1.01213788,0.69157574,0.8850952,0.83939049,0
"23660",33,136,0,0,0.79799565,1.01213788,0.69157574,0.8850952,0.83939049,0
"23661",34,136,0,0,0.79799565,1.01213788,0.69157574,0.8850952,0.83939049,0
"23662",35,136,0,0.24174454,0.82260132,1.01213788,0.69157574,0.8850952,0.83939049,0.00183737
"23663",36,136,0,0.15690103,0.79234429,1.01213788,0.69157574,0.8850952,0.83939049,0.00035046
"23664",37,136,0.29728298,0,0.82442012,1.01213788,0.69157574,0.8850952,0.83939049,0.00572052
"23665",38,136,0.29286886,0,0.81044708,1.00539142,0.68696601,0.87919556,0.8337955,0.07073975
"23666",39,136,0,0.19185715,0.80432175,1.01182427,0.69136145,0.88482096,0.83913041,0.01470921
"23667",40,136,0,0,0.80203423,1.01213788,0.69157574,0.8850952,0.83939049,0
"23668",41,136,0,0,0.07118478,1.01213788,0.69157574,0.8850952,0.83939049,0
"23669",42,136,0,0.02416325,0.79342888,1.01213788,0.69157574,0.8850952,0.83939049,0.00317843
"23670",43,136,0,0.19191662,0.07232298,1.01213788,0.69157574,0.8850952,0.83939049,0
"23671",44,136,0,0.19003867,0.07229204,1.01213788,0.69157574,0.8850952,0.83939049,0.00450257
"23672",45,136,0,0.19191657,0.07202584,1.01213788,0.69157574,0.8850952,0.83939049,0.00880313
"23673",19,137,0,0.34570917,0.65057334,0.80154301,0.54768003,0.70093403,0.66473907,0
"23674",20,137,0,0.22923393,0.05255679,0.9773842,0.66782917,0.85470377,0.81056842,0
"23675",24,137,0,0.16016202,0.34592139,0.41296396,0.2821709,0.36112908,0.34248103,0
"23676",25,137,0,0.20090482,0.44339675,0.51706929,0.35330421,0.4521672,0.4288181,0.00463495
"23677",26,137,0,0.25229118,0.77006933,0.93768351,0.6407024,0.81998629,0.77764368,0
"23678",29,137,0,0,0.05803643,0.81238819,0.55509035,0.71041793,0.67373324,0
"23679",30,137,0,0,0.05650083,0.98033955,0.66984851,0.85728817,0.81301937,0
"23680",31,137,0,0,0.05806981,1.00756275,0.68844963,0.88109434,0.83559623,0
"23681",32,137,0,0,0.06786387,1.00756275,0.68844963,0.88109434,0.83559623,0
"23682",33,137,0,0,0.80017829,1.00756275,0.68844963,0.88109434,0.83559623,0
"23683",34,137,0,0.23631195,0.06891829,1.00756275,0.68844963,0.88109434,0.83559623,0
"23684",35,137,0,0.2490615,0.82510178,1.00756275,0.68844963,0.88109434,0.83559623,0
"23685",36,137,0,0,0.0722717,1.00756275,0.68844963,0.88109434,0.83559623,0.00480953
"23686",37,137,0.29421266,0,0.8122498,1.00211811,0.68472941,0.87633311,0.83108085,0.02608542
"23687",38,137,0.27409276,0,0.75586073,0.93763125,0.64066669,0.81994058,0.77760034,0.00460934
"23688",39,137,0.21101746,0,0.58380931,0.7211186,0.49272747,0.63060442,0.59804115,0.0249626
"23689",40,137,0.17294147,0,0.48046233,0.592183,0.40462807,0.5178527,0.49111172,0.0188141
"23690",41,137,0.25508855,0,0.70832335,0.87340518,0.59678217,0.76377612,0.72433611,0.00205498
"23691",42,137,0.2923473,0,0.81161795,1.00341611,0.68561631,0.87746818,0.83215732,0.03872384
"23692",22,138,0,0,0.03349305,0.46490746,0.31766297,0.40655268,0.38555903,0
"23693",29,138,0,0.19370615,0.05888848,0.82590451,0.56432581,0.72223769,0.68494265,0.00096869
"23694",30,138,0,0.24476162,0.0647172,0.95568077,0.65299961,0.83572455,0.79256925,0.00368034
"23695",31,138,0,0,0.05780562,1.0029789,0.68531758,0.87708586,0.83179473,0
"23696",32,138,0,0,0.072257,1.0029789,0.68531758,0.87708586,0.83179473,0
"23697",33,138,0,0,0.79732904,1.0029789,0.68531758,0.87708586,0.83179473,0
"23698",34,138,0,0,0.79077448,1.0029789,0.68531758,0.87708586,0.83179473,0
"23699",35,138,0,0,0.80045623,1.0029789,0.68531758,0.87708586,0.83179473,0
"23700",36,138,0,0,0.78959367,1.0029789,0.68531758,0.87708586,0.83179473,0
"23701",37,138,0,0.02380525,0.78766592,1.0029789,0.68531758,0.87708586,0.83179473,0.0009782
"23702",38,138,0,0.02311495,0.76700445,0.97389473,0.66544488,0.8516523,0.80767452,0.01720287
"23703",39,138,0.24309858,0,0.67646998,0.82711159,0.56515058,0.72329326,0.6859437,0.02717055
"23704",40,138,0.17520081,0,0.48127303,0.59595777,0.4072073,0.52115366,0.49424223,0.01283496
"23705",22,139,0,0,0.04941073,0.85732008,0.5857915,0.74971001,0.71099634,0
"23706",23,139,0,0,0.06427227,0.89214509,0.60958681,0.78016381,0.73987756,0.00206662
"23707",24,139,0,0,0.03921923,0.54439104,0.37197267,0.47605954,0.45147669,0
"23708",30,139,0,0.10751244,0.03072237,0.45840057,0.31321692,0.40086253,0.38016271,0
"23709",31,139,0,0,0.03937527,0.54655691,0.37345258,0.47795356,0.45327291,0
"23710",32,139,0,0,0,0.8113989,0.55441438,0.70955281,0.67291279,0.00224498
"23711",33,139,0,0.23289846,0.06662387,0.99300868,0.6785051,0.86836709,0.82352619,0.00017705
"23712",34,139,0,0.23415961,0.78943613,0.9983858,0.68217919,0.87306928,0.82798557,0
"23713",35,139,0,0.2377541,0.79142647,0.9983858,0.68217919,0.87306928,0.82798557,0
"23714",36,139,0,0.23415961,0.79442024,0.9983858,0.68217919,0.87306928,0.82798557,0
"23715",37,139,0,0.02369624,0.78595398,0.9983858,0.68217919,0.87306928,0.82798557,0.00054556
"23716",38,139,0,0.02369624,0.76769582,0.9983858,0.68217919,0.87306928,0.82798557,0
"23717",39,139,0.26696528,0,0.74448954,0.9136536,0.62428319,0.79897258,0.75771509,0.0066935
"23718",21,140,0,0,0.04185176,0.72616524,0.49617574,0.63501761,0.60222645,0
"23719",22,140,0,0,0.05727568,0.993784,0.67903486,0.86904509,0.82416917,0
"23720",23,140,0,0,0.05727568,0.993784,0.67903486,0.86904509,0.82416917,0
"23721",24,140,0,0.23308031,0.05284511,0.993784,0.67903486,0.86904509,0.82416917,0
"23722",25,140,0,0.1866418,0.62922399,0.79578422,0.54374515,0.69589807,0.65996316,0
"23723",31,140,0,0.09511888,0.02786529,0.40555816,0.27711065,0.35465285,0.33633922,0
"23724",32,140,0,0,0.05138382,0.91417029,0.62463624,0.79942443,0.7581436,0.00176421
"23725",33,140,0,0,0.05667102,0.993784,0.67903486,0.86904509,0.82416917,0
"23726",34,140,0,0.24116652,0.06868203,0.993784,0.67903486,0.86904509,0.82416917,0
"23727",35,140,0,0.23308031,0.06594937,0.993784,0.67903486,0.86904509,0.82416917,0
"23728",36,140,0,0.23308031,0.0522854,0.993784,0.67903486,0.86904509,0.82416917,0
"23729",37,140,0,0.23308036,0.81515491,0.993784,0.67903486,0.86904509,0.82416917,0.00154665
"23730",38,140,0,0.23308031,0.0525925,0.993784,0.67903486,0.86904509,0.82416917,0
"23731",39,140,0,0.02358701,0.77701155,0.993784,0.67903486,0.86904509,0.82416917,0
"23732",40,140,0,0.02354235,0.07034673,0.99190178,0.67774878,0.86739913,0.82260821,0.00464572
"23733",41,140,0,0.01439396,0.47699177,0.60645612,0.41438064,0.53033427,0.50294877,0.0002433
"23734",22,141,0,0.11282147,0.03194588,0.48103666,0.32868376,0.42065735,0.39893537,0
"23735",23,141,0,0.20755445,0.70187718,0.88494945,0.60467016,0.77387136,0.73391005,0.00262997
"23736",24,141,0,0.23199883,0.77416734,0.98917293,0.6758842,0.8650128,0.82034511,0
"23737",25,141,0,0.22657871,0.75261466,0.96606316,0.6600937,0.84480374,0.80117961,0.01911755
"23738",26,141,0,0.01252635,0.41711772,0.52776855,0.36061483,0.4615235,0.43769126,0.00542475
"23739",32,141,0,0.1255284,0.03571911,0.53521518,0.36570298,0.46803544,0.44386694,0
"23740",33,141,0,0,0.06648146,0.95895191,0.65523472,0.83858509,0.79528208,0
"23741",34,141,0,0.25333938,0.06865421,0.98917293,0.6758842,0.8650128,0.82034511,0
"23742",35,141,0,0.23352228,0.06609442,0.98917293,0.6758842,0.8650128,0.82034511,0
"23743",36,141,0,0.23199889,0.76847502,0.98917293,0.6758842,0.8650128,0.82034511,0
"23744",37,141,0,0.23726832,0.06647304,0.98917293,0.6758842,0.8650128,0.82034511,0
"23745",38,141,0,0.24438397,0.06430735,0.98917293,0.6758842,0.8650128,0.82034511,0
"23746",39,141,0,0.02347757,0,0.98917293,0.6758842,0.8650128,0.82034511,0
"23747",40,141,0,0.02347757,0.76079947,0.98917293,0.6758842,0.8650128,0.82034511,0
"23748",41,141,0,0,0.06675477,0.98917293,0.6758842,0.8650128,0.82034511,0
"23749",42,141,0,0.02373095,0.05161042,0.98917293,0.6758842,0.8650128,0.82034511,0
"23750",43,141,0.14906653,0,0.51815034,0.59258154,0.40490039,0.51820122,0.49144225,0.00220286
"23751",25,142,0,0.15504532,0.5162674,0.6610664,0.45169487,0.57808992,0.5482384,0
"23752",26,142,0,0.2033343,0.67682985,0.86695601,0.59237556,0.75813644,0.71898765,0
"23753",33,142,0,0.19363924,0.05898165,0.82561921,0.56413087,0.7219882,0.68470604,0
"23754",34,142,0,0,0.05674371,0.9845537,0.67272796,0.86097337,0.81651426,0
"23755",35,142,0,0.23795688,0.05335174,0.96705735,0.66077302,0.84567314,0.80200412,0
"23756",36,142,0,0.23091545,0.05337069,0.9845537,0.67272796,0.86097337,0.81651426,0
"23757",37,142,0,0.23091545,0.05195095,0.9845537,0.67272796,0.86097337,0.81651426,0
"23758",38,142,0,0.23091545,0.76774919,0.9845537,0.67272796,0.86097337,0.81651426,0
"23759",39,142,0,0.23091545,0.76511181,0.9845537,0.67272796,0.86097337,0.81651426,0
"23760",40,142,0,0.02336795,0.77562477,0.9845537,0.67272796,0.86097337,0.81651426,0
"23761",41,142,0,0.02336794,0.76492387,0.9845537,0.67272796,0.86097337,0.81651426,0
"23762",42,142,0,0.02336794,0.77510164,0.9845537,0.67272796,0.86097337,0.81651426,0
"23763",43,142,0,0.02336794,0.76944057,0.9845537,0.67272796,0.86097337,0.81651426,0
"23764",44,142,0.28728534,0,0.80418465,0.98401359,0.67235891,0.86050105,0.81606634,0.00137056
"23765",45,142,0.13428847,0,0.37919259,0.46692034,0.31903833,0.4083129,0.38722837,0.03053416
"23766",34,143,0,0,0.05043639,0.70190883,0.47960177,0.61380584,0.58211002,0
"23767",35,143,0,0.11608287,0.03421812,0.49494227,0.33818522,0.43281754,0.41046763,0
"23768",36,143,0,0,0,0.39506144,0.26993843,0.34547367,0.32763404,0
"23769",39,143,0,0.01100589,0.02500925,0.46370746,0.31684303,0.4055033,0.38456385,0
"23770",40,143,0,0.01017717,0.33009691,0.42879153,0.2929856,0.37496999,0.35560722,0
"23771",41,143,0,0.01294419,0.42944646,0.54537325,0.3726438,0.47691847,0.45229127,0.01195893
"23772",42,143,0,0.01698399,0.55861319,0.71558086,0.48894362,0.62576177,0.59344857,0.00985975
"23773",43,143,0,0.14354335,0.61802685,0.79295083,0.54180914,0.69342032,0.65761336,0.00932254
"23774",44,143,0.26643224,0,0.74845548,0.92071965,0.6291113,0.80515171,0.76357514,0.00146478
"23775",45,143,0.15748035,0,0.44877825,0.54893568,0.37507795,0.48003374,0.45524567,0.00030454
"23776",46,144,0,0,0.28298473,0.36397309,0.24869631,0.3182875,0.30185171,0
"23777",43,145,0,0,0.01833304,0.33963446,0.23206616,0.29700384,0.2816671,0
"23778",44,145,0,0.01973991,0.65648634,0.83169489,0.56828226,0.72730126,0.68974474,0.00357357
"23779",45,145,0,0.01253725,0.41680574,0.52822753,0.36092844,0.46192487,0.43807191,0.00423104
"23780",46,145,0,0.12899079,0.5550026,0.71256072,0.48688002,0.62312071,0.59094389,0.03388169
"23781",44,146,0,0.1591177,0.68428969,0.8789854,0.60059503,0.76865591,0.72896391,0.00541115
"23782",45,146,0,0.01944593,0.64831318,0.81930887,0.55981912,0.71646993,0.67947272,0.00216947
"23783",56,151,0,0.07721888,0.33469795,0.43016412,0.29392346,0.37617029,0.35674554,0.0082614
"23784",56,152,0,0.01893172,0.62265969,0.79764411,0.54501598,0.69752451,0.66150561,0.01252448
"23785",54,153,0,0.01666669,0.55077643,0.70221209,0.47980898,0.61407104,0.58236152,0
"23786",55,153,0,0.02088955,0.69270711,0.88013258,0.60137888,0.7696591,0.7299153,0
"23787",56,153,0,0.02197127,0.72628879,0.92570857,0.63252014,0.80951443,0.76771258,0.00660678
"23788",55,154,0,0.01833967,0.60440983,0.77269949,0.52797176,0.67571092,0.64081843,0
"23789",56,154,0,0.02098187,0.69282871,0.88402223,0.60403661,0.77306052,0.73314108,0.028926
"23790",55,155,0,0.01396483,0.4517089,0.57815162,0.39504068,0.50558252,0.47947516,0
"23791",57,155,0,0.02109709,0.69702917,0.88887667,0.60735356,0.77730564,0.73716699,0
"23792",57,156,0,0.00733246,0.24225085,0.30893595,0.21109042,0.27015857,0.25620808,0
"23793",58,156,0,0.01722108,0.56581583,0.72557014,0.49576912,0.6344972,0.60173292,0
"23794",24,116,0.27889589,0,0.95299879,1.10219672,0.75250321,0.96341892,0.91366972,0.03526331
"23795",25,116,0.22387008,0,0.87894289,1.10219672,0.75250321,0.96341892,0.91366972,0.13246065
"23796",27,116,0,0.55354599,0.7879866,0.97776318,0.66754864,0.85465283,0.81052011,0.03122657
"23797",28,116,0.08746338,0.12847226,0.35987701,0.45070848,0.30771238,0.39395969,0.37361633,0.00606161
"23798",17,117,0,0.27134679,0.87214788,1.09780638,0.74950579,0.95958137,0.91003033,0.00304863
"23799",18,117,0.21590406,0,0.91853371,1.09780638,0.74950579,0.95958137,0.91003033,0.00846743
"23800",19,117,0.21513146,0,0.91023498,1.09780638,0.74950579,0.95958137,0.91003033,0.02387057
"23801",20,117,0.21709801,0.27357346,0.85865337,1.09780638,0.74950579,0.95958137,0.91003033,0.01718503
"23802",23,117,0.26570805,0,0.93089584,1.09780638,0.74950579,0.95958137,0.91003033,0.00881823
"23803",24,117,0.02118169,0,0.07766156,1.09780638,0.74950579,0.95958137,0.91003033,0.01382574
"23804",25,117,0.26179841,0,0.92033695,1.09780638,0.74950579,0.95958137,0.91003033,0.04464057
"23805",26,117,0.21333703,0.31292436,0.88370641,1.09780638,0.74950579,0.95958137,0.91003033,0.02586325
"23806",27,117,0.21367256,0.31292436,0.88382648,1.09780638,0.74950579,0.95958137,0.91003033,0.00663814
"23807",28,117,0.1962407,0.2885589,0.80708773,1.01232705,0.69114645,0.88486476,0.83917195,0.0417193
"23808",29,117,0.15320421,0,0.57138344,0.62388028,0.42594203,0.5453274,0.51716768,0.02060234
"23809",30,117,0.10752836,0,0.40214894,0.43735933,0.29859851,0.38229134,0.3625505,0.03370744
"23810",15,118,0,0.26968598,0.87283591,1.09340623,0.74650167,0.95573524,0.90638281,0.00381765
"23811",16,118,0,0.26710172,0.88740278,1.09340623,0.74650167,0.95573524,0.90638281,0
"23812",17,118,0.02104254,0,0.07362506,1.09340623,0.74650167,0.95573524,0.90638281,0.00915187
"23813",18,118,0.21422379,0,0.92878775,1.09340623,0.74650167,0.95573524,0.90638281,0.04931688
"23814",19,118,0.02128726,0,0.07532855,1.09340623,0.74650167,0.95573524,0.90638281,0.01036879
"23815",20,118,0.21335319,0,0.85587996,1.09340623,0.74650167,0.95573524,0.90638281,0.01551378
"23816",21,118,0.02178774,0.27247694,0.07440241,1.09340623,0.74650167,0.95573524,0.90638281,0.00333641
"23817",22,118,0.26518653,0,0.91893147,1.09340623,0.74650167,0.95573524,0.90638281,0.01666576
"23818",23,118,0.26362637,0,0.93560529,1.09340623,0.74650167,0.95573524,0.90638281,0.03941251
"23819",24,118,0.26227918,0,0.9475389,1.09340623,0.74650167,0.95573524,0.90638281,0.03441186
"23820",25,118,0.25677982,0,0.91094482,1.07527128,0.73412039,0.93988367,0.89134978,0.14511024
"23821",26,118,0.26019544,0,0.92569505,1.09340623,0.74650167,0.95573524,0.90638281,0.08334972
"23822",27,118,0.02113042,0.31167012,0.07373765,1.09340623,0.74650167,0.95573524,0.90638281,0.05240058
"23823",28,118,0.02104936,0.31167012,0.07304684,1.09340623,0.74650167,0.95573524,0.90638281,0.03421303
"23824",29,118,0.26617114,0,0.94735239,1.09340623,0.74650167,0.95573524,0.90638281,0.02632158
"23825",30,118,0.20303161,0,0.74013168,0.83051837,0.56702014,0.72594764,0.68846102,0.03405607
"23826",17,119,0,0.26812998,0.87397837,1.08899682,0.74349123,0.95188102,0.90272762,0.00380021
"23827",18,119,0,0.26848867,0.8728912,1.08899682,0.74349123,0.95188102,0.90272762,0
"23828",19,119,0.02079102,0,0.07278961,1.08899682,0.74349123,0.95188102,0.90272762,0.01410131
"23829",20,119,0.02064214,0.31041324,0.07220786,1.08899682,0.74349123,0.95188102,0.90272762,0.04497858
"23830",21,119,0.02105121,0,0.07333136,1.08899682,0.74349123,0.95188102,0.90272762,0.01511237
"23831",22,119,0.02116023,0.31041324,0.0744543,1.08899682,0.74349123,0.95188102,0.90272762,0.01136492
"23832",23,119,0.26535822,0,0.94402494,1.08899682,0.74349123,0.95188102,0.90272762,0.08522916
"23833",24,119,0.19803157,0,0.70305914,0.81656568,0.55749421,0.71375174,0.6768949,0.00261927
"23834",25,119,0.01446902,0,0.05071519,0.06123112,0.04180435,0.0535215,0.05075775,0
"23835",26,119,0.2163619,0,0.76386074,0.90355113,0.61688182,0.78978483,0.74900178,0.0421423
"23836",27,119,0.21275018,0,0.91874118,1.08899682,0.74349123,0.95188102,0.90272762,0.15482799
"23837",28,119,0.25021464,0,0.9109155,1.03992248,0.70998669,0.90898564,0.86204728,0.43695108
"23838",29,119,0.26412625,0,0.94012926,1.08341629,0.73968124,0.94700314,0.89810162,0.24716336
"23839",30,119,0.22973149,0,0.8304437,0.94017563,0.64188648,0.82179794,0.77936178,0.07681069
"23840",18,120,0.21914848,0,0.86380977,1.08286144,0.740573,0.94545092,0.90161525,0.01936647
"23841",19,120,0.21050135,0,0.84613037,1.08457761,0.7404741,0.94801824,0.89906429,0.04392218
"23842",20,120,0.21065444,0.30915357,0.84784792,1.08457761,0.7404741,0.94801824,0.89906429,0
"23843",21,120,0,0.30413666,0.87886354,1.08457761,0.7404741,0.94801824,0.89906429,0
"23844",22,120,0,0.34173362,0.88243235,1.08457761,0.7404741,0.94801824,0.89906429,0.00467831
"23845",23,120,0.20613818,0,0.85278907,1.08457761,0.7404741,0.94801824,0.89906429,0.01814716
"23846",24,120,0.24530096,0,0.86422837,1.026551,0.70085757,0.89729777,0.85096294,0.04243923
"23847",25,120,0.18421697,0,0.64975758,0.77142359,0.52667433,0.6742935,0.6394742,0.01461105
"23848",26,120,0.21212286,0,0.74303292,0.90053998,0.61482602,0.78715282,0.74650568,0.0632106
"23849",27,120,0.02070929,0,0.07759461,1.08457761,0.7404741,0.94801824,0.89906429,0.07958684
"23850",28,120,0.20582297,0,0.89428262,1.05240718,0.71851037,0.91989839,0.87239651,0.10018771
"23851",29,120,0.16375284,0,0.59784338,0.68199241,0.46561695,0.59612261,0.56533992,0.11369801
"23852",19,121,0.21764324,0,0.85911157,1.08014859,0.73745028,0.94414688,0.89539285,0.04270746
"23853",20,121,0.20957467,0,0.84252486,1.08014859,0.73745028,0.94414688,0.89539285,0.04424753
"23854",21,121,0.20990613,0,0.84520178,1.08014859,0.73745028,0.94414688,0.89539285,0.00224332
"23855",22,121,0.20992527,0,0.84510716,1.08014859,0.73745028,0.94414688,0.89539285,0.01078126
"23856",23,121,0.20912186,0,0.84943494,1.08014859,0.73745028,0.94414688,0.89539285,0.01188942
"23857",24,121,0.22014971,0,0.89788117,1.08014859,0.73745028,0.94414688,0.89539285,0.01716947
"23858",25,121,0.2176477,0,0.88927964,1.08014859,0.73745028,0.94414688,0.89539285,0.02535062
"23859",26,121,0.02065673,0,0.07728065,1.08014859,0.73745028,0.94414688,0.89539285,0.10391162
"23860",27,121,0,0.28173991,0.86251697,1.08014859,0.73745028,0.94414688,0.89539285,0.00067212
"23861",28,121,0.15139347,0,0.62875669,0.79719479,0.54426912,0.69681984,0.66083733,0.03791344
"23862",21,122,0.00966619,0,0.03357547,0.51163076,0.34930587,0.44721123,0.42411805,0.04389622
"23863",22,122,0.20865644,0,0.85326,1.06364668,0.72618392,0.92972272,0.88171353,0.03000879
"23864",23,122,0.20423519,0,0.84819601,1.07571032,0.73442013,0.94026742,0.89171372,0.07492488
"23865",24,122,0.02054807,0,0.07684392,1.07571032,0.73442013,0.94026742,0.89171372,0.05556485
"23866",25,122,0.2194184,0,0.89463984,1.07571032,0.73442013,0.94026742,0.89171372,0.01236399
"23867",26,122,0,0.28058226,0.84885137,1.07571032,0.73442013,0.94026742,0.89171372,0
"23868",27,122,0,0.44366582,0.76465828,0.96253642,0.65715287,0.84134328,0.79789784,0.00372066
"23869",24,123,0.00695216,0,0.02590115,0.36381836,0.24838986,0.31800992,0.30158847,0.04329932
"23870",25,123,0.01002124,0,0.03741927,0.52201288,0.35639406,0.45628614,0.43272435,0
"23871",26,123,0.09812265,0,0.40703092,0.51750325,0.3533152,0.45234432,0.42898608,0.02223029
